0 0.037602043785946795
0.05 0.045982373597764456
0.1 0.06256484608814782
0.15000000000000002 0.08490948102111502
0.2 0.11027013116276627
0.25 0.1373017068569069
0.3 0.16579917561900998
0.35 0.1956429745016952
0.39999999999999997 0.2266532105381154
0.44999999999999996 0.258804842063608
0.49999999999999994 0.29222027370515946
0.5499999999999999 0.3272582098591452
0.6 0.3644955525463194
0.65 0.40476251187514783
0.7000000000000001 0.4491751777165845
0.7500000000000001 0.4985816512847056
0.8000000000000002 0.5530338988093028
0.8500000000000002 0.6114825439201179
0.9000000000000002 0.67279218462086
0.9500000000000003 0.7346781255729937
1.0000000000000002 0.7922556881239701
1.0500000000000003 0.8396751590814107
1.1000000000000003 0.876866213933942
1.1500000000000004 0.9036457128510349
1.2000000000000004 0.9218576140260168
1.2500000000000004 0.9339081928411814
1.3000000000000005 0.9425125531826495
1.3500000000000005 0.9491505548749286
1.4000000000000006 0.9537298501854009
1.4500000000000006 0.9572456317201457
1.5000000000000007 0.9603061527727899
1.5500000000000007 0.9631536044104051
1.6000000000000008 0.9658805935146547
1.6500000000000008 0.9683261719398402
1.7000000000000008 0.9704500105094166
1.7500000000000009 0.9723423460614773
1.800000000000001 0.9740624624634574
1.850000000000001 0.9756364776556448
1.900000000000001 0.977079957322386
1.950000000000001 0.9784051047508032
2.000000000000001 0.9796224626214098
2.0500000000000007 0.9807417249179078
2.1000000000000005 0.9817718069974525
2.1500000000000004 0.9827210466333611
2.2 0.9835970509102656
2.25 0.9844067489464585
2.3 0.9851565003970323
2.3499999999999996 0.9858519849901193
2.3999999999999995 0.9864983154299806
2.4499999999999993 0.9871000948302311
2.499999999999999 0.9876613582546878
2.549999999999999 0.9881857911170219
2.5999999999999988 0.9886766095524067
2.6499999999999986 0.9891366960280266
2.6999999999999984 0.9895686341305321
2.7499999999999982 0.9899747375549802
2.799999999999998 0.990357098282619
2.849999999999998 0.9907175761528481
2.8999999999999977 0.9910578475906163
2.9499999999999975 0.9913794097564684
2.9999999999999973 0.991683656752133
2.9499999999999975 0.9916470131590124
2.8999999999999977 0.9914638132598693
2.849999999999998 0.991209269579799
2.799999999999998 0.9909135282131997
2.7499999999999982 0.9905889220250236
2.6999999999999984 0.990240083638258
2.6499999999999986 0.989868423705241
2.5999999999999988 0.9894736411433305
2.549999999999999 0.9890547019667354
2.499999999999999 0.9886100327545622
2.4499999999999993 0.9881377763056638
2.3999999999999995 0.987635790242998
2.3499999999999996 0.987101579828002
2.3 0.9865323265643039
2.25 0.985925045270763
2.2 0.9852762400199058
2.1500000000000004 0.9845821859933066
2.1000000000000005 0.9838386499971356
2.0500000000000007 0.9830408504890342
2.000000000000001 0.9821835167626436
1.9500000000000008 0.9812606763399413
1.9000000000000008 0.9802656425680917
1.8500000000000008 0.9791908586678132
1.8000000000000007 0.9780277871375777
1.7500000000000007 0.9767667666276062
1.7000000000000006 0.9753967837124533
1.6500000000000006 0.9739053447970697
1.6000000000000005 0.9722781802234379
1.5500000000000005 0.9704989053054837
1.5000000000000004 0.9685486987071398
1.4500000000000004 0.9664060584205463
1.4000000000000004 0.9640460743371513
1.3500000000000003 0.9614400669782783
1.3000000000000003 0.9585548809830216
1.2500000000000002 0.9553520593543328
1.2000000000000002 0.951787088339319
1.1500000000000001 0.9478082882120035
1.1 0.9433555235007413
1.05 0.9383588582943069
1.0 0.9327368883750737
0.95 0.9263950490988857
0.8999999999999999 0.9192232590894557
0.8499999999999999 0.911095688903325
0.7999999999999998 0.9018705031290275
0.7499999999999998 0.8913944073419107
0.6999999999999997 0.8795138698585051
0.6499999999999997 0.8660976576245877
0.5999999999999996 0.8510670538203606
0.5499999999999996 0.8344230032714258
0.4999999999999996 0.8162441631210926
0.4499999999999996 0.7966499997821417
0.39999999999999963 0.7757503292676649
0.34999999999999964 0.7536136860984978
0.29999999999999966 0.730267969940975
0.24999999999999967 0.7057326581132034
0.19999999999999968 0.6800647836313596
0.1499999999999997 0.653365933423997
0.09999999999999969 0.6257308309950924
0.049999999999999684 0.5971904191468281
-3.191891195797325e-16 0.5676985751550856
-0.05000000000000032 0.5371516693090812
-0.10000000000000032 0.5054122494409151
-0.15000000000000033 0.47232265180514743
-0.20000000000000034 0.4377077525626977
-0.25000000000000033 0.4013711357895007
-0.3000000000000003 0.36308691311838887
-0.3500000000000003 0.3225863856394369
-0.4000000000000003 0.2795406474749742
-0.4500000000000003 0.2335329761622359
-0.5000000000000003 0.18401817100680223
-0.5500000000000004 0.13025456312172787
-0.6000000000000004 0.07118804209050023
-0.6500000000000005 0.005247383714173036
-0.7000000000000005 -0.06989215510813172
-0.7500000000000006 -0.1568331011809435
-0.8000000000000006 -0.25830647920152666
-0.8500000000000006 -0.37523139630599717
-0.9000000000000007 -0.5034634910345177
-0.9500000000000007 -0.6283026335681897
-1.0000000000000007 -0.7344371844785268
-1.0500000000000007 -0.8171935371259984
-1.1000000000000008 -0.8764992042525873
-1.1500000000000008 -0.9142827003127239
-1.2000000000000008 -0.9365726138886379
-1.2500000000000009 -0.9483676577128423
-1.300000000000001 -0.9554318014044164
-1.350000000000001 -0.9602335965784435
-1.400000000000001 -0.9631583327982641
-1.450000000000001 -0.9649573654416063
-1.500000000000001 -0.9664828481093402
-1.5500000000000012 -0.9681600523657758
-1.6000000000000012 -0.9696707004958125
-1.6500000000000012 -0.9710334144934479
-1.7000000000000013 -0.9723465956079577
-1.7500000000000013 -0.9737086210492418
-1.8000000000000014 -0.9750348432628331
-1.8500000000000014 -0.9763102482550254
-1.9000000000000015 -0.9775377304122005
-1.9500000000000015 -0.978711351147206
-2.0000000000000013 -0.979824617327633
-2.050000000000001 -0.9808737023981057
-2.100000000000001 -0.9818572302811013
-2.150000000000001 -0.9827758807355511
-2.2000000000000006 -0.9836320520971888
-2.2500000000000004 -0.9844290665534031
-2.3000000000000003 -0.9851707755823526
-2.35 -0.985861190112248
-2.4 -0.9865043223825085
-2.4499999999999997 -0.9871040740825533
-2.4999999999999996 -0.9876640770240527
-2.5499999999999994 -0.988187736189168
-2.599999999999999 -0.9886780409562265
-2.649999999999999 -0.9891378029445834
-2.699999999999999 -0.989569518077953
-2.7499999999999987 -0.9899754837714958
-2.7999999999999985 -0.9903577333584221
-2.8499999999999983 -0.9907181264295758
-2.899999999999998 -0.9910583154633336
-2.949999999999998 -0.9913798272039774
-2.999999999999998 -0.9916840220542811
-2.949999999999998 -0.9916473824140355
-2.899999999999998 -0.9914641689801881
-2.8499999999999983 -0.9912096445937868
-2.7999999999999985 -0.990913935724155
-2.7499999999999987 -0.9905893455645864
-2.699999999999999 -0.9902405509305996
-2.649999999999999 -0.9898689346162945
-2.599999999999999 -0.9894742086036016
-2.5499999999999994 -0.9890553217159908
-2.4999999999999996 -0.9886107212296638
-2.4499999999999997 -0.9881385500651761
-2.4 -0.9876366480872814
-2.35 -0.9871025500460313
-2.3000000000000003 -0.9865333941294465
-2.2500000000000004 -0.9859262262650245
-2.2000000000000006 -0.9852775630955817
-2.150000000000001 -0.9845836534452992
-2.100000000000001 -0.9838402764123635
-2.050000000000001 -0.9830426561343205
-2.0000000000000013 -0.9821855285052262
-1.9500000000000013 -0.9812629414609982
-1.9000000000000012 -0.9802681771080737
-1.8500000000000012 -0.9791936910360098
-1.8000000000000012 -0.9780309181541824
-1.750000000000001 -0.9767702283647954
-1.700000000000001 -0.9754006049920796
-1.650000000000001 -0.9739095110544088
-1.600000000000001 -0.9722827072171915
-1.550000000000001 -0.9705037762859483
-1.5000000000000009 -0.9685539868336936
-1.4500000000000008 -0.9664118412105296
-1.4000000000000008 -0.964052459336651
-1.3500000000000008 -0.9614472171547486
-1.3000000000000007 -0.9585629942076767
-1.2500000000000007 -0.9553614576982505
-1.2000000000000006 -0.9517981811856632
-1.1500000000000006 -0.9478215937372557
-1.1000000000000005 -0.9433718287516234
-1.0500000000000005 -0.9383792454954807
-1.0000000000000004 -0.9327629302597367
-0.9500000000000004 -0.9264291283788593
-0.9000000000000004 -0.9192690828060086
-0.8500000000000003 -0.9111589668570039
-0.8000000000000003 -0.9019601548799071
-0.7500000000000002 -0.8915242192703686
-0.7000000000000002 -0.8797042916490705
-0.6500000000000001 -0.8663768142668659
-0.6000000000000001 -0.8514685474869237
-0.55 -0.8349796754485981
-0.5 -0.8169838944239143
-0.45 -0.7976014362107793
-0.4 -0.7769510056951501
-0.35000000000000003 -0.7551087161724296
-0.30000000000000004 -0.7321013156898792
-0.25000000000000006 -0.7079339650619972
-0.20000000000000007 -0.6826108194328774
-0.15000000000000008 -0.6561238262038829
-0.10000000000000007 -0.6284497846944903
-0.05000000000000007 -0.5995996772136053
-6.938893903907228e-17 -0.569642545511264
0.04999999999999993 -0.5386210003038677
0.09999999999999994 -0.5064805781585713
0.14999999999999994 -0.47308346793145595
0.19999999999999996 -0.4382441376882228
0.24999999999999994 -0.401747547927843
0.29999999999999993 -0.3633507069110115
0.3499999999999999 -0.32277118329579035
0.3999999999999999 -0.2796701817855239
0.4499999999999999 -0.23362368212317722
0.4999999999999999 -0.18408154013855407
0.5499999999999999 -0.1302983931059174
0.6 -0.07121769443670485
0.65 -0.005266347166521288
0.7000000000000001 0.06988160276000216
0.7500000000000001 0.1568295978964449
0.8000000000000002 0.2583098639861187
0.8500000000000002 0.37524122617663797
0.9000000000000002 0.5034789311626651
0.9500000000000003 0.628315185197208
1.0000000000000002 0.7344405210262512
1.0500000000000003 0.8171868332388719
1.1000000000000003 0.87648803996634
1.1500000000000004 0.9142740890124776
1.2000000000000004 0.9365688396075282
1.2500000000000004 0.9483669274207599
1.3000000000000005 0.9554259056284895
1.3500000000000005 0.9602291398249437
1.4000000000000006 0.9631580579420879
1.4500000000000006 0.9649607975880028
1.5000000000000007 0.9664932165181248
1.5500000000000007 0.9681657125360523
1.6000000000000008 0.9696730866382377
1.6500000000000008 0.971034318771244
1.7000000000000008 0.9723469818055777
1.7500000000000009 0.9737087815233806
1.800000000000001 0.9750348460061675
1.850000000000001 0.9763102011664925
1.900000000000001 0.9775376752865133
1.950000000000001 0.9787113005267849
2.000000000000001 0.9798245799656123
2.0500000000000007 0.9808736745520846
2.1000000000000005 0.9818572147210086
2.1500000000000004 0.9827758672345674
2.2 0.9836320480582179
2.25 0.984429062768559
2.3 0.9851707713199697
2.3499999999999996 0.9858611865471895
2.3999999999999995 0.9865043194089211
2.4499999999999993 0.987104071565194
2.499999999999999 0.9876640752411288
2.549999999999999 0.988187733593059
2.5999999999999988 0.988678038844986
2.6499999999999986 0.989137801468473
2.6999999999999984 0.9895695160199225
2.7499999999999982 0.989975481976445
2.799999999999998 0.9903577317853722
2.849999999999998 0.9907181234669918
2.8999999999999977 0.9910583132336952
2.9499999999999975 0.9913798273639115
2.9999999999999973 0.9916840214335181