0 -0.0028275381854761155
0.1 0.01600519560354629
0.2 0.05155314958610097
0.30000000000000004 0.1002254378802548
0.4 0.1576906710967118
0.5 0.22027459424895313
0.6 0.28576047102554214
0.7 0.3535005135820487
0.7999999999999999 0.42398888788787464
0.8999999999999999 0.49831918904892525
0.9999999999999999 0.5782549613555933
1.0999999999999999 0.6651987138099379
1.2 0.7561604132716192
1.3 0.8394590552491727
1.4000000000000001 0.901526133943703
1.5000000000000002 0.9393866245767007
1.6000000000000003 0.9595637211093564
1.7000000000000004 0.969482794591126
1.8000000000000005 0.9743107778990908
1.9000000000000006 0.977062562792484
2.0000000000000004 0.9791350514331905
2.1000000000000005 0.9809419700806146
2.2000000000000006 0.9825730467255348
2.3000000000000007 0.9840665374858054
2.400000000000001 0.9854397072759044
2.500000000000001 0.9866882669396237
2.600000000000001 0.9878115172497103
2.700000000000001 0.9888142132256225
2.800000000000001 0.9897062178399202
2.9000000000000012 0.9904991750267617
3.0000000000000013 0.9912044587987118
2.9000000000000012 0.991233502058602
2.800000000000001 0.9909403957930256
2.700000000000001 0.9904422893555551
2.600000000000001 0.9898024288813123
2.500000000000001 0.9890430926149553
2.400000000000001 0.9881691076942257
2.3000000000000007 0.987173345441598
2.2000000000000006 0.9860406563197744
2.1000000000000005 0.9847520255465395
2.0000000000000004 0.9832807192672678
1.9000000000000004 0.9815928948465229
1.8000000000000003 0.9796489195277653
1.7000000000000002 0.977395195673806
1.6 0.9747689919108125
1.5 0.9716889657359354
1.4 0.968052797106393
1.2999999999999998 0.9637297433625507
1.1999999999999997 0.9585543222298732
1.0999999999999996 0.9523136531187567
0.9999999999999997 0.944733758405569
0.8999999999999997 0.9354646523395329
0.7999999999999997 0.9240616489306486
0.6999999999999997 0.9099672845412601
0.5999999999999998 0.8925039597830184
0.4999999999999998 0.8708856659995117
0.3999999999999998 0.8442703221802871
0.2999999999999998 0.8118680568297182
0.19999999999999982 0.7730813380121451
0.09999999999999981 0.7276395843977194
-1.942890293094024e-16 0.6756489924862128
-0.1000000000000002 0.6174904294037841
-0.2000000000000002 0.5535949306776888
-0.3000000000000002 0.4842078887808982
-0.40000000000000024 0.40926294219588516
-0.5000000000000002 0.32831711219966064
-0.6000000000000002 0.2405090868075168
-0.7000000000000002 0.14438417710110177
-0.8000000000000002 0.037803911313714106
-0.9000000000000001 -0.08245080995719906
-1.0000000000000002 -0.22098582797143246
-1.1000000000000003 -0.3828069927172711
-1.2000000000000004 -0.564619801376078
-1.3000000000000005 -0.738868625996509
-1.4000000000000006 -0.8668039567386416
-1.5000000000000007 -0.9376871706489436
-1.6000000000000008 -0.9692846361980799
-1.7000000000000008 -0.9805777585232466
-1.800000000000001 -0.9832792148538401
-1.900000000000001 -0.9835409270931642
-2.000000000000001 -0.9834734627261005
-2.100000000000001 -0.9836746505421162
-2.200000000000001 -0.9842254383271987
-2.300000000000001 -0.9850363045074089
-2.4000000000000012 -0.9860110692072065
-2.5000000000000013 -0.9870061889150706
-2.6000000000000014 -0.9879991154372006
-2.7000000000000015 -0.9889160338209457
-2.8000000000000016 -0.9897540692673742
-2.9000000000000017 -0.9905162251429673
-3.0000000000000018 -0.9912047340814292
-2.9000000000000017 -0.9912266142708447
-2.8000000000000016 -0.9909304250265969
-2.7000000000000015 -0.9904302475303182
-2.6000000000000014 -0.9897895436247897
-2.5000000000000013 -0.9890295837812564
-2.4000000000000012 -0.988155198689113
-2.300000000000001 -0.9871593092084154
-2.200000000000001 -0.986026641866442
-2.100000000000001 -0.9847379953857716
-2.000000000000001 -0.9832669244083099
-1.9000000000000008 -0.9815791544915075
-1.8000000000000007 -0.9796357463483477
-1.7000000000000006 -0.9773821508944733
-1.6000000000000005 -0.9747563652737586
-1.5000000000000004 -0.9716765025282803
-1.4000000000000004 -0.9680408770318116
-1.3000000000000003 -0.9637182100577047
-1.2000000000000002 -0.9585433340219006
-1.1 -0.9523033621795722
-1.0 -0.9447239004792882
-0.9 -0.935454954773545
-0.8 -0.9240517303772543
-0.7000000000000001 -0.9099562442575272
-0.6000000000000001 -0.8924896935355486
-0.5000000000000001 -0.8708639201397939
-0.40000000000000013 -0.8442328145265667
-0.30000000000000016 -0.8118011094162834
-0.20000000000000015 -0.772970119873888
-0.10000000000000014 -0.7274781446159101
-1.3877787807814457e-16 -0.6754387525831356
0.09999999999999987 -0.6172270795419962
0.19999999999999987 -0.5532631864193436
0.2999999999999999 -0.48378648543853897
0.3999999999999999 -0.4087373315513692
0.4999999999999999 -0.32772854909062954
0.5999999999999999 -0.2399775303048577
0.6999999999999998 -0.14400080455945152
0.7999999999999998 -0.037546402108027545
0.8999999999999998 0.08262958912668422
0.9999999999999998 0.22110490401880287
1.0999999999999999 0.38287764055787427
1.2 0.5646244563362341
1.3 0.7386820679004723
1.4000000000000001 0.8663576624904838
1.5000000000000002 0.9370529953424142
1.6000000000000003 0.9685897051664396
1.7000000000000004 0.9799186745155348
1.8000000000000005 0.982625591308641
1.9000000000000006 0.9826533904612406
2.0000000000000004 0.9823209640952385
2.1000000000000005 0.9823069544110916
2.2000000000000006 0.9826991967987629
2.3000000000000007 0.9834068660729827
2.400000000000001 0.9842878328588723
2.500000000000001 0.9852380140658124
2.600000000000001 0.9861835192255125
2.700000000000001 0.9870839549185014
2.800000000000001 0.9879183538908975
2.9000000000000012 0.9886797532705419
3.0000000000000013 0.9893681008855627