1.4142135623730951 12.727922061357857 2.8284271247461903
8.485281374238571 12.727922061357857 18.38477631085024
0.0 11.313708498984761 5.656854249492381
26.870057685088806 25.455844122715714 12.727922061357857
12.727922061357857 19.79898987322333 12.727922061357857
18.38477631085024 11.313708498984761 26.870057685088806
1.4142135623730951 14.142135623730951 1.4142135623730951
21.213203435596427 16.970562748477143 4.242640687119286
16.970562748477143 24.041630560342618 1.4142135623730951
8.485281374238571 4.242640687119286 24.041630560342618
26.870057685088806 9.899494936611665 5.656854249492381
21.213203435596427 21.213203435596427 2.8284271247461903
22.627416997969522 5.656854249492381 5.656854249492381
2.8284271247461903 16.970562748477143 25.455844122715714
8.485281374238571 0.0 0.0
14.142135623730951 9.899494936611665 26.870057685088806
19.79898987322333 1.4142135623730951 18.38477631085024
14.142135623730951 9.899494936611665 18.38477631085024
18.38477631085024 12.727922061357857 2.8284271247461903
21.213203435596427 25.455844122715714 18.38477631085024
11.313708498984761 24.041630560342618 18.38477631085024
16.970562748477143 16.970562748477143 5.656854249492381
16.970562748477143 9.899494936611665 21.213203435596427
12.727922061357857 1.4142135623730951 5.656854249492381
15.556349186104047 0.0 7.0710678118654755
1.4142135623730951 15.556349186104047 0.0
8.485281374238571 1.4142135623730951 4.242640687119286
26.870057685088806 21.213203435596427 5.656854249492381
19.79898987322333 24.041630560342618 21.213203435596427
25.455844122715714 8.485281374238571 16.970562748477143
15.556349186104047 14.142135623730951 4.242640687119286
7.0710678118654755 11.313708498984761 15.556349186104047
7.0710678118654755 18.38477631085024 14.142135623730951
18.38477631085024 5.656854249492381 7.0710678118654755
22.627416997969522 4.242640687119286 18.38477631085024
15.556349186104047 15.556349186104047 8.485281374238571
0.0 19.79898987322333 0.0
16.970562748477143 26.870057685088806 15.556349186104047
8.485281374238571 14.142135623730951 8.485281374238571
9.899494936611665 8.485281374238571 1.4142135623730951
7.0710678118654755 8.485281374238571 1.4142135623730951
4.242640687119286 9.899494936611665 16.970562748477143
11.313708498984761 18.38477631085024 21.213203435596427
8.485281374238571 18.38477631085024 24.041630560342618
1.4142135623730951 8.485281374238571 4.242640687119286
12.727922061357857 16.970562748477143 15.556349186104047
5.656854249492381 4.242640687119286 26.870057685088806
1.4142135623730951 11.313708498984761 7.0710678118654755
15.556349186104047 1.4142135623730951 22.627416997969522
9.899494936611665 4.242640687119286 11.313708498984761
5.656854249492381 7.0710678118654755 1.4142135623730951
7.0710678118654755 14.142135623730951 12.727922061357857
25.455844122715714 1.4142135623730951 18.38477631085024
24.041630560342618 7.0710678118654755 5.656854249492381
18.38477631085024 9.899494936611665 22.627416997969522
25.455844122715714 21.213203435596427 24.041630560342618
9.899494936611665 9.899494936611665 19.79898987322333
22.627416997969522 22.627416997969522 0.0
9.899494936611665 5.656854249492381 21.213203435596427
8.485281374238571 21.213203435596427 15.556349186104047
24.041630560342618 2.8284271247461903 18.38477631085024
19.79898987322333 0.0 14.142135623730951
7.0710678118654755 24.041630560342618 14.142135623730951
25.455844122715714 11.313708498984761 14.142135623730951
4.242640687119286 2.8284271247461903 9.899494936611665
4.242640687119286 2.8284271247461903 26.870057685088806
1.4142135623730951 15.556349186104047 11.313708498984761
4.242640687119286 15.556349186104047 5.656854249492381
18.38477631085024 1.4142135623730951 5.656854249492381
14.142135623730951 11.313708498984761 2.8284271247461903
21.213203435596427 4.242640687119286 16.970562748477143
25.455844122715714 11.313708498984761 8.485281374238571
22.627416997969522 12.727922061357857 4.242640687119286
2.8284271247461903 16.970562748477143 8.485281374238571
21.213203435596427 19.79898987322333 26.870057685088806
7.0710678118654755 19.79898987322333 7.0710678118654755
26.870057685088806 18.38477631085024 25.455844122715714
4.242640687119286 1.4142135623730951 19.79898987322333
25.455844122715714 24.041630560342618 21.213203435596427
1.4142135623730951 18.38477631085024 22.627416997969522
11.313708498984761 8.485281374238571 5.656854249492381
19.79898987322333 25.455844122715714 5.656854249492381
21.213203435596427 18.38477631085024 25.455844122715714
1.4142135623730951 22.627416997969522 24.041630560342618
12.727922061357857 15.556349186104047 5.656854249492381
8.485281374238571 25.455844122715714 11.313708498984761
14.142135623730951 15.556349186104047 21.213203435596427
16.970562748477143 21.213203435596427 4.242640687119286
0.0 26.870057685088806 9.899494936611665
21.213203435596427 14.142135623730951 18.38477631085024
22.627416997969522 5.656854249492381 14.142135623730951
4.242640687119286 24.041630560342618 19.79898987322333
4.242640687119286 1.4142135623730951 2.8284271247461903
14.142135623730951 21.213203435596427 7.0710678118654755
9.899494936611665 11.313708498984761 4.242640687119286
24.041630560342618 12.727922061357857 5.656854249492381
26.870057685088806 25.455844122715714 21.213203435596427
0.0 7.0710678118654755 21.213203435596427
2.8284271247461903 9.899494936611665 7.0710678118654755
19.79898987322333 0.0 22.627416997969522
18.38477631085024 9.899494936611665 19.79898987322333
11.313708498984761 15.556349186104047 24.041630560342618
26.870057685088806 0.0 24.041630560342618
15.556349186104047 25.455844122715714 7.0710678118654755
12.727922061357857 16.970562748477143 7.0710678118654755
25.455844122715714 14.142135623730951 14.142135623730951
26.870057685088806 24.041630560342618 11.313708498984761
1.4142135623730951 24.041630560342618 2.8284271247461903
21.213203435596427 19.79898987322333 7.0710678118654755
8.485281374238571 4.242640687119286 4.242640687119286
1.4142135623730951 14.142135623730951 24.041630560342618
18.38477631085024 19.79898987322333 4.242640687119286
1.4142135623730951 5.656854249492381 1.4142135623730951
15.556349186104047 14.142135623730951 7.0710678118654755
15.556349186104047 5.656854249492381 7.0710678118654755
15.556349186104047 5.656854249492381 1.4142135623730951
9.899494936611665 7.0710678118654755 8.485281374238571
2.8284271247461903 26.870057685088806 15.556349186104047
25.455844122715714 19.79898987322333 2.8284271247461903
25.455844122715714 14.142135623730951 16.970562748477143
5.656854249492381 7.0710678118654755 4.242640687119286
21.213203435596427 11.313708498984761 15.556349186104047
26.870057685088806 22.627416997969522 26.870057685088806
21.213203435596427 0.0 24.041630560342618
9.899494936611665 26.870057685088806 5.656854249492381
16.970562748477143 25.455844122715714 16.970562748477143
7.0710678118654755 12.727922061357857 16.970562748477143
19.79898987322333 16.970562748477143 5.656854249492381
24.041630560342618 18.38477631085024 8.485281374238571
5.656854249492381 14.142135623730951 22.627416997969522
25.455844122715714 12.727922061357857 1.4142135623730951
21.213203435596427 12.727922061357857 5.656854249492381
7.0710678118654755 24.041630560342618 22.627416997969522
16.970562748477143 18.38477631085024 12.727922061357857
25.455844122715714 16.970562748477143 0.0
1.4142135623730951 24.041630560342618 5.656854249492381
16.970562748477143 11.313708498984761 0.0
7.0710678118654755 4.242640687119286 16.970562748477143
26.870057685088806 14.142135623730951 12.727922061357857
1.4142135623730951 21.213203435596427 14.142135623730951
8.485281374238571 12.727922061357857 1.4142135623730951
25.455844122715714 26.870057685088806 21.213203435596427
12.727922061357857 4.242640687119286 14.142135623730951
9.899494936611665 2.8284271247461903 24.041630560342618
21.213203435596427 24.041630560342618 11.313708498984761
1.4142135623730951 24.041630560342618 22.627416997969522
14.142135623730951 8.485281374238571 2.8284271247461903
14.142135623730951 22.627416997969522 25.455844122715714
2.8284271247461903 8.485281374238571 19.79898987322333
25.455844122715714 4.242640687119286 18.38477631085024
5.656854249492381 7.0710678118654755 7.0710678118654755
16.970562748477143 1.4142135623730951 1.4142135623730951
18.38477631085024 9.899494936611665 11.313708498984761
1.4142135623730951 14.142135623730951 4.242640687119286
21.213203435596427 2.8284271247461903 9.899494936611665
16.970562748477143 5.656854249492381 14.142135623730951
5.656854249492381 15.556349186104047 18.38477631085024
26.870057685088806 5.656854249492381 21.213203435596427
5.656854249492381 18.38477631085024 12.727922061357857
14.142135623730951 15.556349186104047 15.556349186104047
22.627416997969522 15.556349186104047 12.727922061357857
22.627416997969522 9.899494936611665 4.242640687119286
9.899494936611665 14.142135623730951 15.556349186104047
16.970562748477143 5.656854249492381 16.970562748477143
4.242640687119286 2.8284271247461903 21.213203435596427
22.627416997969522 12.727922061357857 7.0710678118654755
4.242640687119286 14.142135623730951 12.727922061357857
16.970562748477143 19.79898987322333 11.313708498984761
1.4142135623730951 18.38477631085024 16.970562748477143
4.242640687119286 0.0 18.38477631085024
24.041630560342618 25.455844122715714 26.870057685088806
2.8284271247461903 26.870057685088806 24.041630560342618
22.627416997969522 21.213203435596427 15.556349186104047
0.0 1.4142135623730951 12.727922061357857
2.8284271247461903 22.627416997969522 25.455844122715714
1.4142135623730951 16.970562748477143 4.242640687119286
15.556349186104047 15.556349186104047 16.970562748477143
15.556349186104047 18.38477631085024 2.8284271247461903
5.656854249492381 16.970562748477143 2.8284271247461903
7.0710678118654755 18.38477631085024 2.8284271247461903
4.242640687119286 16.970562748477143 7.0710678118654755
4.242640687119286 0.0 9.899494936611665
5.656854249492381 4.242640687119286 15.556349186104047
22.627416997969522 9.899494936611665 12.727922061357857
22.627416997969522 5.656854249492381 2.8284271247461903
19.79898987322333 2.8284271247461903 25.455844122715714
12.727922061357857 26.870057685088806 5.656854249492381
12.727922061357857 14.142135623730951 1.4142135623730951
22.627416997969522 18.38477631085024 4.242640687119286
26.870057685088806 22.627416997969522 24.041630560342618
1.4142135623730951 5.656854249492381 24.041630560342618
8.485281374238571 5.656854249492381 5.656854249492381
1.4142135623730951 14.142135623730951 15.556349186104047
11.313708498984761 21.213203435596427 26.870057685088806
11.313708498984761 12.727922061357857 21.213203435596427
4.242640687119286 18.38477631085024 16.970562748477143
25.455844122715714 4.242640687119286 21.213203435596427
18.38477631085024 5.656854249492381 15.556349186104047
1.4142135623730951 1.4142135623730951 8.485281374238571
2.8284271247461903 25.455844122715714 8.485281374238571
25.455844122715714 26.870057685088806 26.870057685088806
16.970562748477143 18.38477631085024 1.4142135623730951
14.142135623730951 5.656854249492381 22.627416997969522
22.627416997969522 7.0710678118654755 21.213203435596427
11.313708498984761 4.242640687119286 18.38477631085024
15.556349186104047 21.213203435596427 0.0
0.0 8.485281374238571 2.8284271247461903
4.242640687119286 8.485281374238571 12.727922061357857
14.142135623730951 7.0710678118654755 12.727922061357857
5.656854249492381 24.041630560342618 21.213203435596427
1.4142135623730951 12.727922061357857 11.313708498984761
22.627416997969522 26.870057685088806 4.242640687119286
22.627416997969522 4.242640687119286 24.041630560342618
7.0710678118654755 11.313708498984761 18.38477631085024
7.0710678118654755 1.4142135623730951 2.8284271247461903
5.656854249492381 8.485281374238571 16.970562748477143
15.556349186104047 1.4142135623730951 14.142135623730951
21.213203435596427 22.627416997969522 7.0710678118654755
14.142135623730951 7.0710678118654755 21.213203435596427
11.313708498984761 16.970562748477143 2.8284271247461903
2.8284271247461903 22.627416997969522 0.0
1.4142135623730951 22.627416997969522 18.38477631085024
14.142135623730951 19.79898987322333 16.970562748477143
21.213203435596427 14.142135623730951 1.4142135623730951
15.556349186104047 14.142135623730951 1.4142135623730951
24.041630560342618 24.041630560342618 11.313708498984761
25.455844122715714 1.4142135623730951 4.242640687119286
14.142135623730951 5.656854249492381 11.313708498984761
19.79898987322333 21.213203435596427 1.4142135623730951
4.242640687119286 5.656854249492381 21.213203435596427
11.313708498984761 1.4142135623730951 21.213203435596427
14.142135623730951 21.213203435596427 12.727922061357857
7.0710678118654755 14.142135623730951 26.870057685088806
12.727922061357857 16.970562748477143 4.242640687119286
26.870057685088806 14.142135623730951 21.213203435596427
0.0 26.870057685088806 4.242640687119286
7.0710678118654755 18.38477631085024 16.970562748477143
18.38477631085024 16.970562748477143 7.0710678118654755
11.313708498984761 0.0 5.656854249492381
26.870057685088806 24.041630560342618 19.79898987322333
7.0710678118654755 25.455844122715714 12.727922061357857
26.870057685088806 0.0 12.727922061357857
1.4142135623730951 14.142135623730951 7.0710678118654755
9.899494936611665 24.041630560342618 14.142135623730951
2.8284271247461903 25.455844122715714 19.79898987322333
5.656854249492381 5.656854249492381 5.656854249492381
14.142135623730951 16.970562748477143 5.656854249492381
2.8284271247461903 22.627416997969522 8.485281374238571
25.455844122715714 4.242640687119286 4.242640687119286
24.041630560342618 1.4142135623730951 22.627416997969522
11.313708498984761 7.0710678118654755 12.727922061357857
7.0710678118654755 8.485281374238571 15.556349186104047
4.242640687119286 14.142135623730951 4.242640687119286
25.455844122715714 12.727922061357857 26.870057685088806
22.627416997969522 11.313708498984761 2.8284271247461903
8.485281374238571 9.899494936611665 1.4142135623730951
8.485281374238571 2.8284271247461903 16.970562748477143
21.213203435596427 14.142135623730951 4.242640687119286
1.4142135623730951 5.656854249492381 4.242640687119286
24.041630560342618 5.656854249492381 9.899494936611665
1.4142135623730951 11.313708498984761 12.727922061357857
12.727922061357857 5.656854249492381 7.0710678118654755
26.870057685088806 22.627416997969522 18.38477631085024
18.38477631085024 14.142135623730951 1.4142135623730951
26.870057685088806 0.0 15.556349186104047
4.242640687119286 11.313708498984761 4.242640687119286
19.79898987322333 4.242640687119286 24.041630560342618
5.656854249492381 7.0710678118654755 9.899494936611665
18.38477631085024 2.8284271247461903 15.556349186104047
18.38477631085024 2.8284271247461903 18.38477631085024
7.0710678118654755 24.041630560342618 11.313708498984761
19.79898987322333 21.213203435596427 15.556349186104047
15.556349186104047 22.627416997969522 18.38477631085024
22.627416997969522 15.556349186104047 26.870057685088806
24.041630560342618 4.242640687119286 14.142135623730951
0.0 25.455844122715714 22.627416997969522
19.79898987322333 18.38477631085024 26.870057685088806
18.38477631085024 26.870057685088806 19.79898987322333
12.727922061357857 16.970562748477143 12.727922061357857
26.870057685088806 24.041630560342618 5.656854249492381
5.656854249492381 19.79898987322333 8.485281374238571
0.0 0.0 0.0
4.242640687119286 7.0710678118654755 19.79898987322333
7.0710678118654755 16.970562748477143 4.242640687119286
25.455844122715714 1.4142135623730951 9.899494936611665
11.313708498984761 18.38477631085024 12.727922061357857
22.627416997969522 12.727922061357857 15.556349186104047
5.656854249492381 22.627416997969522 22.627416997969522
22.627416997969522 5.656854249492381 8.485281374238571
5.656854249492381 25.455844122715714 0.0
2.8284271247461903 16.970562748477143 0.0
19.79898987322333 22.627416997969522 2.8284271247461903
7.0710678118654755 9.899494936611665 19.79898987322333
25.455844122715714 5.656854249492381 16.970562748477143
21.213203435596427 7.0710678118654755 16.970562748477143
14.142135623730951 9.899494936611665 21.213203435596427
8.485281374238571 0.0 22.627416997969522
26.870057685088806 18.38477631085024 2.8284271247461903
12.727922061357857 7.0710678118654755 5.656854249492381
26.870057685088806 16.970562748477143 4.242640687119286
7.0710678118654755 5.656854249492381 24.041630560342618
7.0710678118654755 9.899494936611665 2.8284271247461903
22.627416997969522 4.242640687119286 9.899494936611665
24.041630560342618 15.556349186104047 5.656854249492381
15.556349186104047 26.870057685088806 11.313708498984761
26.870057685088806 1.4142135623730951 19.79898987322333
22.627416997969522 21.213203435596427 12.727922061357857
8.485281374238571 2.8284271247461903 19.79898987322333
0.0 22.627416997969522 0.0
1.4142135623730951 24.041630560342618 19.79898987322333
5.656854249492381 18.38477631085024 7.0710678118654755
5.656854249492381 15.556349186104047 15.556349186104047
7.0710678118654755 11.313708498984761 24.041630560342618
5.656854249492381 24.041630560342618 15.556349186104047
1.4142135623730951 26.870057685088806 2.8284271247461903
22.627416997969522 7.0710678118654755 1.4142135623730951
18.38477631085024 11.313708498984761 9.899494936611665
15.556349186104047 24.041630560342618 5.656854249492381
25.455844122715714 9.899494936611665 4.242640687119286
0.0 15.556349186104047 12.727922061357857
1.4142135623730951 22.627416997969522 21.213203435596427
9.899494936611665 22.627416997969522 7.0710678118654755
1.4142135623730951 18.38477631085024 0.0
24.041630560342618 0.0 4.242640687119286
4.242640687119286 25.455844122715714 1.4142135623730951
5.656854249492381 21.213203435596427 15.556349186104047
21.213203435596427 22.627416997969522 12.727922061357857
14.142135623730951 18.38477631085024 15.556349186104047
14.142135623730951 1.4142135623730951 4.242640687119286
16.970562748477143 19.79898987322333 0.0
18.38477631085024 26.870057685088806 14.142135623730951
15.556349186104047 26.870057685088806 16.970562748477143
12.727922061357857 26.870057685088806 8.485281374238571
12.727922061357857 8.485281374238571 1.4142135623730951
11.313708498984761 4.242640687119286 26.870057685088806
2.8284271247461903 15.556349186104047 18.38477631085024
2.8284271247461903 4.242640687119286 21.213203435596427
25.455844122715714 19.79898987322333 11.313708498984761
24.041630560342618 19.79898987322333 24.041630560342618
25.455844122715714 22.627416997969522 25.455844122715714
8.485281374238571 2.8284271247461903 11.313708498984761
2.8284271247461903 22.627416997969522 19.79898987322333
12.727922061357857 9.899494936611665 14.142135623730951
21.213203435596427 4.242640687119286 25.455844122715714
12.727922061357857 12.727922061357857 2.8284271247461903
12.727922061357857 8.485281374238571 21.213203435596427
15.556349186104047 18.38477631085024 19.79898987322333
14.142135623730951 16.970562748477143 8.485281374238571
5.656854249492381 16.970562748477143 22.627416997969522
24.041630560342618 21.213203435596427 16.970562748477143
7.0710678118654755 4.242640687119286 5.656854249492381
4.242640687119286 16.970562748477143 15.556349186104047
14.142135623730951 12.727922061357857 4.242640687119286
25.455844122715714 25.455844122715714 11.313708498984761
25.455844122715714 15.556349186104047 12.727922061357857
21.213203435596427 2.8284271247461903 1.4142135623730951
15.556349186104047 16.970562748477143 9.899494936611665
12.727922061357857 0.0 26.870057685088806
14.142135623730951 19.79898987322333 2.8284271247461903
11.313708498984761 0.0 11.313708498984761
18.38477631085024 0.0 7.0710678118654755
26.870057685088806 1.4142135623730951 25.455844122715714
14.142135623730951 9.899494936611665 4.242640687119286
9.899494936611665 21.213203435596427 11.313708498984761
4.242640687119286 22.627416997969522 26.870057685088806
26.870057685088806 2.8284271247461903 9.899494936611665
12.727922061357857 1.4142135623730951 19.79898987322333
15.556349186104047 21.213203435596427 14.142135623730951
24.041630560342618 9.899494936611665 5.656854249492381
24.041630560342618 9.899494936611665 16.970562748477143
12.727922061357857 24.041630560342618 14.142135623730951
4.242640687119286 4.242640687119286 14.142135623730951
25.455844122715714 0.0 19.79898987322333
12.727922061357857 5.656854249492381 1.4142135623730951
18.38477631085024 11.313708498984761 12.727922061357857
22.627416997969522 25.455844122715714 2.8284271247461903
1.4142135623730951 2.8284271247461903 26.870057685088806
7.0710678118654755 14.142135623730951 7.0710678118654755
1.4142135623730951 8.485281374238571 24.041630560342618
7.0710678118654755 14.142135623730951 21.213203435596427
19.79898987322333 11.313708498984761 25.455844122715714
25.455844122715714 4.242640687119286 24.041630560342618
9.899494936611665 4.242640687119286 22.627416997969522
16.970562748477143 15.556349186104047 18.38477631085024
2.8284271247461903 0.0 22.627416997969522
25.455844122715714 16.970562748477143 16.970562748477143
18.38477631085024 22.627416997969522 21.213203435596427
19.79898987322333 1.4142135623730951 9.899494936611665
19.79898987322333 11.313708498984761 11.313708498984761
8.485281374238571 19.79898987322333 14.142135623730951
11.313708498984761 7.0710678118654755 21.213203435596427
22.627416997969522 21.213203435596427 18.38477631085024
24.041630560342618 26.870057685088806 8.485281374238571
1.4142135623730951 26.870057685088806 25.455844122715714
0.0 16.970562748477143 11.313708498984761
9.899494936611665 19.79898987322333 12.727922061357857
2.8284271247461903 15.556349186104047 7.0710678118654755
26.870057685088806 1.4142135623730951 22.627416997969522
15.556349186104047 4.242640687119286 2.8284271247461903
0.0 7.0710678118654755 26.870057685088806
0.0 15.556349186104047 9.899494936611665
0.0 4.242640687119286 9.899494936611665
14.142135623730951 9.899494936611665 15.556349186104047
0.0 0.0 22.627416997969522
22.627416997969522 25.455844122715714 19.79898987322333
0.0 22.627416997969522 5.656854249492381
24.041630560342618 19.79898987322333 12.727922061357857
5.656854249492381 11.313708498984761 0.0
4.242640687119286 4.242640687119286 8.485281374238571
26.870057685088806 18.38477631085024 22.627416997969522
25.455844122715714 5.656854249492381 25.455844122715714
4.242640687119286 19.79898987322333 24.041630560342618
26.870057685088806 7.0710678118654755 0.0
5.656854249492381 9.899494936611665 12.727922061357857
21.213203435596427 22.627416997969522 21.213203435596427
7.0710678118654755 16.970562748477143 12.727922061357857
14.142135623730951 24.041630560342618 7.0710678118654755
14.142135623730951 12.727922061357857 1.4142135623730951
15.556349186104047 25.455844122715714 12.727922061357857
0.0 18.38477631085024 18.38477631085024
11.313708498984761 18.38477631085024 15.556349186104047
15.556349186104047 1.4142135623730951 5.656854249492381
11.313708498984761 14.142135623730951 22.627416997969522
2.8284271247461903 2.8284271247461903 2.8284271247461903
16.970562748477143 5.656854249492381 0.0
2.8284271247461903 2.8284271247461903 19.79898987322333
5.656854249492381 8.485281374238571 2.8284271247461903
19.79898987322333 14.142135623730951 16.970562748477143
7.0710678118654755 1.4142135623730951 11.313708498984761
8.485281374238571 26.870057685088806 24.041630560342618
15.556349186104047 7.0710678118654755 2.8284271247461903
1.4142135623730951 14.142135623730951 9.899494936611665
9.899494936611665 26.870057685088806 16.970562748477143
9.899494936611665 2.8284271247461903 18.38477631085024
15.556349186104047 26.870057685088806 14.142135623730951
24.041630560342618 16.970562748477143 12.727922061357857
1.4142135623730951 25.455844122715714 24.041630560342618
26.870057685088806 16.970562748477143 7.0710678118654755
8.485281374238571 8.485281374238571 25.455844122715714
2.8284271247461903 11.313708498984761 22.627416997969522
15.556349186104047 26.870057685088806 0.0
21.213203435596427 19.79898987322333 12.727922061357857
16.970562748477143 15.556349186104047 4.242640687119286
14.142135623730951 11.313708498984761 19.79898987322333
4.242640687119286 12.727922061357857 22.627416997969522
2.8284271247461903 19.79898987322333 16.970562748477143
0.0 21.213203435596427 18.38477631085024
18.38477631085024 2.8284271247461903 12.727922061357857
12.727922061357857 9.899494936611665 11.313708498984761
21.213203435596427 1.4142135623730951 16.970562748477143
16.970562748477143 21.213203435596427 7.0710678118654755
7.0710678118654755 9.899494936611665 5.656854249492381
24.041630560342618 19.79898987322333 1.4142135623730951
9.899494936611665 12.727922061357857 22.627416997969522
16.970562748477143 8.485281374238571 16.970562748477143
16.970562748477143 22.627416997969522 14.142135623730951
19.79898987322333 0.0 0.0
4.242640687119286 19.79898987322333 18.38477631085024
0.0 19.79898987322333 25.455844122715714
15.556349186104047 9.899494936611665 16.970562748477143
0.0 19.79898987322333 2.8284271247461903
26.870057685088806 26.870057685088806 2.8284271247461903
12.727922061357857 22.627416997969522 7.0710678118654755
18.38477631085024 4.242640687119286 11.313708498984761
9.899494936611665 26.870057685088806 11.313708498984761
26.870057685088806 12.727922061357857 14.142135623730951
9.899494936611665 26.870057685088806 25.455844122715714
7.0710678118654755 4.242640687119286 11.313708498984761
11.313708498984761 4.242640687119286 1.4142135623730951
18.38477631085024 12.727922061357857 8.485281374238571
24.041630560342618 4.242640687119286 5.656854249492381
26.870057685088806 16.970562748477143 21.213203435596427
8.485281374238571 1.4142135623730951 9.899494936611665
16.970562748477143 24.041630560342618 24.041630560342618
5.656854249492381 2.8284271247461903 11.313708498984761
5.656854249492381 0.0 19.79898987322333
2.8284271247461903 22.627416997969522 11.313708498984761
18.38477631085024 8.485281374238571 15.556349186104047
11.313708498984761 16.970562748477143 8.485281374238571
0.0 18.38477631085024 9.899494936611665
9.899494936611665 25.455844122715714 24.041630560342618
5.656854249492381 25.455844122715714 22.627416997969522
11.313708498984761 25.455844122715714 0.0
22.627416997969522 19.79898987322333 25.455844122715714
19.79898987322333 5.656854249492381 0.0
18.38477631085024 9.899494936611665 16.970562748477143
18.38477631085024 1.4142135623730951 25.455844122715714
7.0710678118654755 22.627416997969522 7.0710678118654755
25.455844122715714 22.627416997969522 5.656854249492381
18.38477631085024 18.38477631085024 19.79898987322333
12.727922061357857 15.556349186104047 8.485281374238571
11.313708498984761 12.727922061357857 4.242640687119286
18.38477631085024 12.727922061357857 14.142135623730951
21.213203435596427 21.213203435596427 5.656854249492381
1.4142135623730951 18.38477631085024 25.455844122715714
9.899494936611665 22.627416997969522 9.899494936611665
2.8284271247461903 14.142135623730951 8.485281374238571
22.627416997969522 26.870057685088806 24.041630560342618
18.38477631085024 1.4142135623730951 11.313708498984761
24.041630560342618 0.0 12.727922061357857
7.0710678118654755 7.0710678118654755 8.485281374238571
24.041630560342618 15.556349186104047 2.8284271247461903
15.556349186104047 1.4142135623730951 19.79898987322333
21.213203435596427 8.485281374238571 21.213203435596427
24.041630560342618 22.627416997969522 7.0710678118654755
8.485281374238571 22.627416997969522 16.970562748477143
21.213203435596427 26.870057685088806 0.0
8.485281374238571 14.142135623730951 0.0
18.38477631085024 0.0 12.727922061357857
5.656854249492381 1.4142135623730951 18.38477631085024
21.213203435596427 1.4142135623730951 14.142135623730951
9.899494936611665 8.485281374238571 21.213203435596427
22.627416997969522 18.38477631085024 1.4142135623730951
14.142135623730951 15.556349186104047 18.38477631085024
14.142135623730951 5.656854249492381 14.142135623730951
22.627416997969522 11.313708498984761 16.970562748477143
1.4142135623730951 21.213203435596427 0.0
22.627416997969522 7.0710678118654755 24.041630560342618
1.4142135623730951 21.213203435596427 8.485281374238571
15.556349186104047 0.0 9.899494936611665
9.899494936611665 26.870057685088806 14.142135623730951
24.041630560342618 15.556349186104047 8.485281374238571
7.0710678118654755 5.656854249492381 12.727922061357857
18.38477631085024 15.556349186104047 14.142135623730951
5.656854249492381 18.38477631085024 4.242640687119286
0.0 0.0 19.79898987322333
1.4142135623730951 9.899494936611665 11.313708498984761
7.0710678118654755 4.242640687119286 19.79898987322333
18.38477631085024 8.485281374238571 18.38477631085024
19.79898987322333 14.142135623730951 14.142135623730951
8.485281374238571 24.041630560342618 15.556349186104047
4.242640687119286 1.4142135623730951 8.485281374238571
5.656854249492381 19.79898987322333 25.455844122715714
25.455844122715714 2.8284271247461903 16.970562748477143
12.727922061357857 1.4142135623730951 0.0
22.627416997969522 16.970562748477143 22.627416997969522
8.485281374238571 25.455844122715714 22.627416997969522
11.313708498984761 12.727922061357857 26.870057685088806
26.870057685088806 9.899494936611665 11.313708498984761
15.556349186104047 5.656854249492381 24.041630560342618
4.242640687119286 12.727922061357857 8.485281374238571
21.213203435596427 1.4142135623730951 11.313708498984761
4.242640687119286 0.0 7.0710678118654755
19.79898987322333 24.041630560342618 7.0710678118654755
12.727922061357857 1.4142135623730951 25.455844122715714
16.970562748477143 8.485281374238571 11.313708498984761
11.313708498984761 16.970562748477143 14.142135623730951
22.627416997969522 18.38477631085024 9.899494936611665
24.041630560342618 19.79898987322333 7.0710678118654755
21.213203435596427 5.656854249492381 18.38477631085024
12.727922061357857 12.727922061357857 8.485281374238571
21.213203435596427 26.870057685088806 14.142135623730951
15.556349186104047 2.8284271247461903 4.242640687119286
8.485281374238571 5.656854249492381 11.313708498984761
11.313708498984761 19.79898987322333 19.79898987322333
26.870057685088806 7.0710678118654755 14.142135623730951
12.727922061357857 21.213203435596427 22.627416997969522
0.0 9.899494936611665 4.242640687119286
26.870057685088806 11.313708498984761 26.870057685088806
7.0710678118654755 14.142135623730951 24.041630560342618
14.142135623730951 4.242640687119286 15.556349186104047
21.213203435596427 0.0 4.242640687119286
16.970562748477143 25.455844122715714 0.0
2.8284271247461903 19.79898987322333 2.8284271247461903
22.627416997969522 0.0 8.485281374238571
1.4142135623730951 16.970562748477143 12.727922061357857
15.556349186104047 21.213203435596427 25.455844122715714
4.242640687119286 24.041630560342618 25.455844122715714
11.313708498984761 26.870057685088806 9.899494936611665
4.242640687119286 9.899494936611665 11.313708498984761
22.627416997969522 21.213203435596427 7.0710678118654755
25.455844122715714 18.38477631085024 12.727922061357857
8.485281374238571 5.656854249492381 8.485281374238571
9.899494936611665 1.4142135623730951 19.79898987322333
21.213203435596427 24.041630560342618 25.455844122715714
21.213203435596427 15.556349186104047 25.455844122715714
14.142135623730951 5.656854249492381 8.485281374238571
12.727922061357857 14.142135623730951 21.213203435596427
2.8284271247461903 1.4142135623730951 12.727922061357857
4.242640687119286 7.0710678118654755 16.970562748477143
12.727922061357857 25.455844122715714 21.213203435596427
24.041630560342618 21.213203435596427 2.8284271247461903
22.627416997969522 11.313708498984761 22.627416997969522
5.656854249492381 8.485281374238571 14.142135623730951
8.485281374238571 19.79898987322333 0.0
7.0710678118654755 0.0 18.38477631085024
11.313708498984761 0.0 19.79898987322333
11.313708498984761 15.556349186104047 15.556349186104047
0.0 0.0 14.142135623730951
15.556349186104047 25.455844122715714 1.4142135623730951
12.727922061357857 19.79898987322333 1.4142135623730951