2 0 8 0.909462956058129 0.5993903050669704 0.849853595664418 2.406631303432636
0 0 8 1.7307679790621415 1.22658196370605 2.9441621027965716 2.3723751612205226
2 18 2 2.90457860384431 2.6079907213377513 6.263573307374793 2.9539181505584713
2 8 16 0.6063044121904774 0.9766120494385665 3.8833645971848427 2.836365151415387
12 12 16 0.42217910187821706 2.474802479898955 4.427823327973951 2.532093900091377
4 2 6 1.0318891868318039 1.577331022665683 3.48214017902613 1.963079506210897
10 2 12 1.8549241380010317 0.9200797203636503 4.901795896074928 1.1215253923646107
18 14 0 5.136460223300209 0.6765665427804659 4.757949340736236 2.999525952267438
6 18 8 0.32614522170358645 2.2201973685122 0.27555537858185 0.6109602815925711
8 4 10 0.16995296486278852 1.7958923432819422 6.046577026422195 2.9620955532305104
4 14 18 2.081779949188107 1.929058387705536 6.278066514723858 2.9683272099186397
4 8 0 2.3270463170409363 2.1740426465301836 2.1750123054610833 2.62245987761625
16 16 0 4.84521481295589 1.568878982920532 2.074180429743366 1.6332794676315168
2 0 18 1.8106074608099798 2.8644910646074124 0.7850564190086714 3.138674771629537
10 10 12 3.286979898536265 1.1493943296032116 5.776630468236895 2.0732462525845716
18 2 16 4.7222498663877595 0.6546111428543273 3.074069953077438 1.2456978663216942
10 16 18 4.459102904402964 0.9384674645011845 4.2150681297964026 1.469046831756435
16 0 8 5.499999144346025 2.2471608443377815 4.6182712625915325 1.9725653781212782
18 18 0 1.6228485259944012 2.431732315280568 2.4397629270328913 0.5129727515110168
6 12 12 4.174907445939254 2.6540516811760213 4.697227752357989 1.6277173216217358
8 10 10 4.71915131735513 2.815707992790553 0.1699824039051589 1.8659322909697933
10 0 8 0.48777354725457306 1.8143618693045578 1.3608549300953185 2.3560283052061006
10 10 0 1.2888493871433435 2.3196600167645474 3.1540801881189333 0.36624367941346
8 6 10 0.7714042352044791 2.151025250396263 3.164303066760047 1.3498252712157122
4 16 18 5.854362809193362 0.06013043457240022 3.3128972121170928 0.3069131153276199
18 16 8 1.173469939126939 1.1850268730061562 4.649593016564228 1.1751768459387137
8 16 18 2.1928261491517516 1.077072546155316 5.505651290314541 0.96241450393685
10 18 2 0.6201317632279943 0.10591210220501021 3.9181314684995137 1.1384133699601204
18 18 4 0.2457542276151498 1.8403610443143 0.4277245890090281 1.8870536483524598
10 16 2 4.343085222303474 2.4495995891993663 4.7934208292465605 0.21219407387553346
14 10 4 3.602420005041313 0.24666401181156275 5.853985766163084 0.17325279463110074
18 0 16 0.4513519778477656 2.055191458491987 2.4651378923491523 1.9403738373190793
12 10 0 3.1601616359463605 3.1052263472490944 0.4707601246404361 2.665101513444593
4 2 16 2.5632712121923293 0.9554981436017129 0.8045673581733958 0.38546989181724944
18 8 4 5.424359087652343 1.4963658666611819 1.8435715797727183 2.964917488186377
6 12 6 5.5722066109623585 1.630685974621124 0.5739778556138156 2.0136603029608997
2 12 12 2.292437213999701 2.083562136353186 4.303846375483572 0.9417091223344382
6 12 4 2.763350618589016 2.6218157153242094 2.5736145454525166 1.7462222129268303
12 10 6 2.898660804177645 2.890754159475267 1.0411262298768407 0.8965611575860698
8 0 8 2.288559219384664 2.0021363115944215 4.464575587139923 1.8420253299529568
0 10 12 2.441227940981178 2.666785011182243 2.2132879853665925 2.0978505194532726
4 2 18 3.5744075281428263 3.0052699853713722 5.006942339325676 2.604357727187455
14 0 2 2.8469874686943983 0.030184542640981603 0.306694329331881 1.2682092349255747
8 8 18 1.159405151193812 1.6596448831737278 3.5004190104268886 3.0953243975573446
6 10 12 3.5930035689855613 2.410916198984309 2.2349973904082208 0.9319933711084046
0 16 18 4.006616789708413 2.0546274512951874 3.803096249414323 1.639582632647253
4 6 16 0.5372373331544981 1.5527190457133042 3.151376560293588 2.741200695078315
0 8 18 1.7534121241905343 1.751966799617076 4.7317060062307705 1.379450910788899
18 6 2 6.031716579554694 0.006619601361727635 2.2468917663202297 0.8829899133190925
4 0 14 4.487497267371525 2.260770412645159 0.5036904805519636 1.511698063106504
8 4 12 4.744931484005088 2.977561459828478 2.0323675326019943 3.040157625877089
12 4 4 3.5742375618345728 1.3284023107891572 4.002837070016315 0.918165450262127
16 16 10 5.819405693029703 2.6219501299262644 4.094290539561361 0.24045588233428755
6 8 12 5.5209930509157 1.063431993977349 5.51036995422614 1.0259050732457222
0 16 10 2.2154711115515 1.5532236271127913 0.7610378287339051 1.7996625731903613
18 8 12 2.6219054449786743 0.14317595637896263 5.139836773616379 2.2610587012185674
10 14 10 2.292041214575925 0.881313373769293 0.760429092605669 2.702355124863721
10 18 6 6.087763222922855 2.6976116807532007 1.5750374816252788 2.7290059185009805
8 2 10 5.975901123604787 1.9912575142312288 0.619136505618356 0.9837276351407125
6 14 14 1.4572167358505692 1.3637583691584034 2.6545076610151863 0.6352326415055948
14 10 0 0.8859128924799153 1.583078428636407 4.960317151186271 2.710832648195652
0 2 0 4.6230670770456594 3.069509062380852 1.977659535027196 2.386688662918853
6 2 6 0.27235813005051046 1.3720213980673581 1.8306944881379386 0.7863500756547062
2 14 10 5.207257732699909 1.9172608353445975 3.147554185847092 1.6573009733661315
14 2 6 4.688158307736477 2.7055510665663998 1.481673227854845 1.647758841991035
6 0 2 5.374408296028642 1.840968658124657 3.229178730130312 2.1715601460072045
4 16 6 1.754444167739659 2.67497070405173 1.6011018357125217 1.063902768677019
0 0 18 5.20541253126857 0.7827072216816607 3.267757959254965 1.8725807476385752
4 12 0 1.1047514237678562 0.47748491222184014 2.0454312487446757 0.1780482858318492
10 2 4 0.24205491251505207 0.34745112202736145 1.2725791732560296 1.0591517011368998
4 8 8 4.252083146649363 2.9463627362656113 1.6445364154555722 0.29025700267335086
6 14 18 2.0801118675176298 1.2162565216619958 1.48299528048862 2.348607905147146
4 14 6 4.1757485351309285 2.635643810854327 0.15530152622420482 0.03815959759086593
2 10 14 2.901700031722894 2.35577160372306 2.532896303126777 0.20886753485303228
2 0 6 1.8811006114091535 2.8987158891404454 4.6319678270840265 2.258141920271428
18 10 18 1.3347498252696512 1.3715804898409403 4.061705177357817 1.5703671465928353
18 4 14 4.065072882983682 0.769251002193078 5.951093267334461 1.7240787848801231
4 4 10 1.3791414750567905 1.060384649592558 1.3109228240542166 2.2901001389000384
18 14 18 5.80683238475399 1.8852261183192247 0.4405225577680289 1.228463654883579
16 10 2 1.3347030379896236 2.1210420170337168 5.581391301664015 1.7588897149011762
0 12 10 5.326466260572066 0.28399865384096473 4.020302948738237 2.854707511941827
10 10 2 4.797241950885498 3.0483786535919615 1.0440520878418231 1.5391013198633592
6 12 16 0.24166103614562617 2.594507192717851 3.337960588020378 1.9757767153869206
12 12 2 3.4218466734725075 1.0108899369291862 2.8807516058176303 1.912266995944394
4 10 12 4.09405421893054 3.100238600108466 2.4507821485902257 2.1560289191654314
6 6 16 2.915915695996627 0.6250705961363274 3.6321576219399585 3.0167090046666614
14 18 12 4.028944634250247 0.7255642657259184 0.7529551573168066 2.7370001457566437
6 18 18 6.122337127364674 0.33199733870847187 5.584158580993127 2.0501985914833947
6 16 18 6.134820360374444 1.957111269477378 1.5097596921578438 0.3975218653009504
10 8 10 3.640660470959672 0.4923563025321055 2.3594921052144295 1.10727425731982
8 14 12 3.3402598530826535 0.2685096436089708 1.4868881719625526 2.3668712864991264
12 12 4 4.035828223303336 0.897080776248666 4.701055161008145 0.6545942390651681
18 10 6 4.299451564838447 3.0389235815299456 1.6761272753330714 0.4276830834215848
4 10 14 3.994237126492906 2.804557665461038 3.886088508713181 2.8606182206868827
6 2 0 5.846806791550657 0.294497449130955 4.590310518675018 1.22086934905386
6 6 2 0.7326379322514647 1.6798203097149866 1.283613210701052 2.3948204915371
0 18 0 3.903122587793255 2.789441269702084 0.8891322768362989 1.6095512247706143
6 4 12 5.4207450896874505 3.1401994207073733 4.134066515006344 2.522694050137251
12 12 18 5.283418810538765 0.44768326461552466 2.649989895138343 1.5089497649934858
10 6 10 4.123535189459429 2.5169442288678385 4.251060459080383 1.0924742414112065
2 8 6 1.0703689109878034 2.85643646989212 0.9397266453768064 0.7428425235471527
14 16 0 2.951602893929672 2.846943579622408 3.577472728218578 2.149435492991482
8 18 6 1.5427143682667313 2.554430552513247 4.951702481588817 2.442044176734749
18 14 14 1.7645624827603374 2.392765579249394 4.752259747169012 2.215581905044334
8 4 0 2.021309412048985 1.9810209331098891 5.8283158658541305 1.6672456594057572
10 12 14 1.2977415993517265 0.6163044427416469 3.7278286412954156 2.0510388536556166
8 10 4 3.34277875099695 1.4848729829140945 1.9760721815311961 2.494424325622685
2 6 8 3.9808539009355504 2.9267373802822454 4.0623659105411996 2.1492400209147196
16 2 14 2.9299232950608705 1.3996283020377194 0.7022865347939099 2.791861770774346
0 0 2 3.7982868388761486 0.2097768250516183 4.399956060427987 0.7276266488374301
16 14 10 0.3202832157787748 0.07648524377733952 2.8249425146160485 0.8864239102804498
12 0 0 1.2024750500475363 0.06581650719101659 3.4306191145264777 1.6836778389335163
8 12 12 1.5002695946570497 1.3458489924427939 1.3428056231896173 0.3541872879140436
8 0 0 4.0208218043305815 1.957372711004827 5.969571012469309 0.3413217054649691
18 8 18 1.6914369946284544 1.445150878709897 3.260249997625953 3.1301158689771222
2 16 6 3.287626484249342 0.5533177167620756 5.223616485224559 3.1126382562026045
18 14 10 3.1336778664996507 0.7250508401101149 3.5444279534118333 0.20735744270829673
18 16 16 4.8545598715797516 0.11327064629966292 4.5338086322159965 2.919551352611466
0 0 10 1.7277199976831792 0.022165918417856055 0.6002351241325561 1.751913849208567
10 12 8 4.404346484245616 2.41317389966542 6.123867166281224 0.9441450313361729
14 6 12 2.656959955218914 0.2846830645617238 4.6781638039453615 2.2942602479171095
8 6 6 2.765472306665553 1.8274678914508353 3.7818833783208947 1.877279007982984
6 4 6 3.9699655135601586 0.9222985236180423 0.39971579862292245 2.7014830181406513
16 10 16 5.486175216462508 1.2074680237995663 0.18642117078786888 1.0716641422862743
6 16 0 0.7135421034896793 2.6960526574351036 2.952224125728609 0.14283844129209633
10 8 12 4.5422099154884155 2.8297007236562917 1.860162713676795 2.8572220258393513
16 4 4 5.649495695164155 2.242660551569279 4.329133323833597 0.16206744224014147
2 6 0 5.937007589063963 0.07716499810002192 2.361977575915584 0.38530804826442455
14 18 6 4.414454565148455 0.4792582791541413 0.1929716324717196 1.4583551585843333
12 10 14 1.9516640354467159 3.0307612576348975 5.526331186775803 2.2835240670217543
2 10 18 1.7284923866763613 2.4787277327835855 2.0445593723712996 0.7231021011876759
8 4 2 0.16354193255796434 0.658512805574785 6.072415966320279 0.0855240261186126
14 18 0 1.117611052024497 1.3896755214931138 6.12235913784234 2.542596684886542
18 2 12 3.5894501137293746 2.1793910280085993 4.5132798105864325 1.2705709740035658
8 12 8 2.739345351793307 0.5640809632310447 2.1511391975520744 2.9165688073731864
0 6 10 4.500423985124473 2.693078766415546 3.972408213645936 1.3549864358810138
2 2 0 5.13057140885693 2.5131170014150572 5.798427305316368 2.0117370231799145
6 12 0 3.653110394761678 1.8333780646394229 3.2653924829205954 2.0580668586237856
12 6 8 3.469303472830487 1.2726333719835596 0.8840513861090248 2.930072330743634
6 14 16 2.880261166034085 2.359904934594969 5.071597925260923 1.6690012670565963
10 18 12 3.339558907543929 0.3339730166003715 4.79776077394127 3.0212572118863976
18 4 2 0.34841672574801247 2.139613755148527 5.048907799114837 1.8648424163332116
12 0 2 5.689095817274262 1.4641731917743936 3.46219257672878 3.059517456012645
2 6 16 0.3083500322448206 2.2800586397937943 1.045887021981433 3.034676513067853
2 0 14 0.6205315143118934 2.2751598396749473 1.1961152348431243 0.5687870501078488
2 8 12 5.453845233700064 1.9857088197151116 0.12639350981796144 0.7006842872611425
2 12 10 2.4308632273170345 2.040250362622051 3.882302408640762 0.8204153254836972
16 12 12 2.0025538019810316 2.485754049440818 3.938723272707947 0.16223345173925838
2 2 10 0.5909682764537315 2.169308752104371 1.2388700558367316 1.9453988961699582
10 10 18 1.7973931007408606 1.7459585566576252 4.573309760926323 1.073805999286146
10 4 10 6.109399070336815 2.047657347473037 2.5517945792697256 1.4899899653422064
16 16 16 3.01866495431278 1.763606095072634 3.0468909678861342 0.523684893887788
10 6 8 5.0170010396859 1.1073021922586743 1.400168727364114 1.8349701288076798
6 6 12 1.005588560316201 0.3058065102798991 5.242568411366351 2.0542133843434587
0 18 16 0.9798115294735648 2.7893785694562525 0.13290033407250026 2.4343824697104055
6 0 4 4.633145525590334 2.087425591429689 1.7687678577654948 0.010694487222221882
2 16 2 2.3382976903675243 0.6120062308560644 5.679068246156745 1.4718814439503056
14 0 8 5.104465325809786 0.6377420806448713 1.6152437146606187 1.7529606318394764
2 18 0 0.5559502736612706 2.1350164510490797 2.9894034721334695 2.026479870650446
10 18 16 5.017977829727668 2.3371877513667685 5.177154993059788 1.505566795815191
0 14 4 3.7525394975504227 2.6920917468187695 1.8812116734818385 1.4197730323656186
18 6 16 0.9085051808406645 2.0247302690465827 2.776073670654541 0.35868984695561457
2 18 6 1.7059623486877376 1.4044507354558298 0.8462571265119045 0.15941519786900268
8 14 6 2.226138367911504 2.599958565981777 0.5644451804270995 1.4835120093577765
8 18 0 5.383955719244081 0.5842862173731563 4.919588317113913 1.0078896719616348
6 16 16 1.2467114493865137 1.3537562503991243 5.959970313918399 0.5581236330527151
10 2 0 5.896864520008123 1.080328252982743 5.470289828623956 2.2382579753075365
18 8 10 5.026039659340099 2.563271525339805 4.239271558498095 1.9062440919018209
2 16 0 5.645661195323595 1.9668881271827854 1.920224373270951 2.522449160554211
12 2 6 3.5615915251653383 2.6580872340859356 5.6947831687581845 0.6573428529326132
4 12 18 1.9123026856143026 2.3419318591089295 0.8494169686689759 2.289976864364119
16 2 10 1.4997688912626945 2.204379800584387 0.7294501357768086 2.573544713338779
14 16 6 0.9404870574489058 2.824456108452989 3.7769817418394513 3.105380247597298
6 14 2 0.09573204241871872 0.45454071527791895 2.795107880747725 1.4606222245087326
16 4 16 3.5936921840645533 2.447980024500584 1.1226807607236378 1.5595787300825956
18 0 10 4.066867165234168 3.058852432692353 3.2858415894595265 2.3947674928032954
14 0 10 0.011961488685544362 0.7597872212168819 1.6659849182076825 0.7207061707283623
2 2 4 0.083033515257117 0.04947158666669844 4.221299902068603 0.7292764285374287
14 8 2 4.406695239242772 2.1410323587829203 4.9268434259018035 1.7191994426240784
6 0 6 5.160549571684516 2.425856750395331 4.308450461532351 1.0822404625743243
0 14 12 1.2645287889937789 1.68048898712324 4.231128839838803 1.2536834431527542
0 12 14 2.7831447757274796 2.0429868013588366 4.074465817214377 1.8119371212675563
12 8 12 0.741861621175979 2.3399886747497844 2.0521897001404965 0.33776676536568695
12 18 2 5.978401274026875 1.0007243888435724 3.23352329261436 1.4696883972257861
8 12 14 4.814042305119782 1.629374721916125 0.11933730237368283 1.4081132819218447
18 4 8 5.707731887401972 1.3131665340438838 4.4245937721510495 2.1848498764224367
6 2 14 6.179081796442242 1.1752053008875785 4.143196529826199 3.0490530037865717
16 12 4 3.7928103117542173 2.1845233904416173 2.9170291500427443 0.7434880715736729
14 12 16 0.5013785208937477 1.5471065823074266 3.2331978479955676 1.447540155102511
14 2 18 3.11793753251751 2.5291236699948594 4.31080746285186 2.9214452741314285
18 10 2 3.375219124085927 0.7030501640077732 4.794714984636891 0.25458138002014236
14 6 2 4.56412927963303 0.21608087195179843 2.352461896626895 0.5295289959997149
0 4 18 0.8620140391138835 2.1094156973876856 0.39452588709400954 0.9873403904341914
8 2 16 6.130108871481701 2.449114444703188 1.3099398303150613 1.1671200917971147
4 4 8 4.349057086160118 1.836218730009878 4.825448590447779 2.179614661434898
10 18 10 4.311486481780613 2.2422230004651373 1.590052422465989 0.47509575888643224
10 0 10 3.50245211023085 1.96759592649525 2.8140174452082953 1.7337491221604115
2 18 16 0.40015227806618264 2.794777880511951 2.735941322793677 0.9767858209727043
10 10 8 1.8218917490465592 0.7001188310449394 2.5231255344997763 2.1106842875684264
6 10 14 4.258771736834606 1.6545854349759825 2.0859034392855187 1.672583759296544
0 10 0 5.092010285685323 2.754909921007944 4.985309551492142 2.321911771123021
10 2 14 3.5391478136069057 1.093205307328676 2.3252571386371805 0.45138351421864453
0 14 18 3.0227595076601546 0.014356856891007108 5.421803292169176 0.5481917822192426
10 4 14 0.45020396067678664 2.441848505743758 1.3859570058995547 1.0818785344605828
14 16 14 6.1353655845557835 0.9221017230488018 1.9368870634457136 2.0951952178555344
6 14 12 2.1404881965504488 3.002018298900851 3.5684115726622396 1.6350223765618774
14 8 8 4.84252102600833 2.3200615262811146 4.484791587565066 3.015971099636379
2 14 14 5.9029535702431275 0.9383719334993539 5.1247092582324 2.823934121176806
14 12 2 2.194412766844222 1.4531809350009224 1.0061991331733533 1.3115652445067747
0 18 4 2.078756223270125 0.011132407899832351 2.8637230707467385 1.1043362746445406
12 14 0 5.158079905379496 2.3776416076270053 3.1381878355963373 0.12117990863584907
16 6 8 2.6299810264911097 2.2529321993591 1.3377287368459827 3.0661966825958773
6 2 4 0.6589143997259591 1.0500148764620105 4.013973594470003 2.916718502730333
16 18 18 1.4211394486187903 1.130204444317704 1.3074255493016738 2.7688421978086475
18 2 6 5.147129315923581 2.7312219953869947 5.763416382297339 2.3445468493186943
8 12 10 6.135579337909008 0.805045285900855 3.265552050042557 3.0855555922266444
12 6 14 6.205213287896936 0.8262029732486516 1.0263857751998278 0.8681408705031128
16 4 14 5.96513883916434 1.833220656764322 3.4827231445806506 2.736151442898555
18 4 12 3.5814349309727462 1.8083373802126856 5.978384339134596 0.5519538257274483
18 14 2 6.173776593756389 1.9273337392422498 4.182958683996117 2.9699197035519176
18 12 6 1.410279257733055 0.6039237096863317 3.2496900795203953 2.0531287631544592
10 6 16 1.902268649985113 0.21541083636019648 0.47048991029999676 2.6029276974857574
18 12 14 3.1426379213064846 0.48212229028330367 0.9509733548673909 3.031571075596354
16 12 10 5.5814811251984215 0.9324005980935254 2.79216479071548 2.900992935176869
14 14 8 0.8098067970943 3.1312248072038833 3.622844190708194 2.0275280066746113
6 14 4 5.890010061308946 1.6301039943150437 2.8666199756281445 0.9986718830510045
0 12 4 3.6889381053034715 0.3590013752930509 3.1140178715639664 1.8211329315622684
14 4 10 5.504529848740977 2.8058058542462843 5.046421211148552 0.6205991116634744
4 8 10 3.647358993405839 2.8473673050919137 0.450784810029302 2.9824145803290527
10 14 14 4.052881636899953 2.5641636795630154 5.455650518752296 0.7578347158241587
18 8 14 2.899054371982387 1.7801187321244605 2.9194649730429556 0.6612178827239299
0 8 2 4.261633669264696 2.76852249367198 5.098109840701889 0.9830895044972388
14 0 18 5.133735855707386 2.689471409878162 3.6386597531154243 2.0894558806135537
4 12 16 0.8965627684730233 1.9527488654516008 0.3088337786594084 0.8766893760823071
12 6 12 2.527733526567634 2.3372567604699346 3.9224576395973805 2.3065681770941118
18 4 4 2.669217155692132 1.2639854929024297 4.559410312366078 1.9428306201561654
12 14 4 5.161858852322384 0.5287209839048982 5.9579180284562225 1.1668641162902356
0 16 14 1.7201397953526467 1.9726197023575072 3.4838270329018854 0.5427337798026578
0 2 2 5.55872655997245 2.183871683311019 5.301419855376698 2.5176382966754463
4 2 14 3.4791594062579354 1.913571223572264 5.785769769909223 2.6134496347202165
10 12 6 4.689322652335449 2.933535197152037 4.434313209000975 2.7766989801336055
16 8 0 5.821049826905205 2.2623199811726864 0.9232506775471128 2.904980278593504
0 4 12 3.4504776829493085 1.7651667855802666 5.375083510804082 0.9639139900548093
14 18 4 5.024832537087741 2.777312651188943 5.597040941231913 2.953065156194316
4 16 2 2.802585798960545 2.9819426994387856 1.961511318796171 2.654317920765659
18 14 8 1.0034021013279801 2.657453710095405 2.349956345968185 2.8791424280327655
12 8 6 6.171434807738865 0.6637888583882058 3.0233622839899876 0.2956763585799836
4 0 2 4.090041096415304 0.7064114506229074 1.6926474715918445 2.685645296653101
14 16 16 3.530406388132511 1.6620957813631025 4.508110233011183 0.44057471390521347
0 0 6 4.284389710955623 0.5568277526578863 3.409912268955799 1.9737158595402673
16 12 8 5.440866058110508 1.9624593896475864 6.142691761417218 2.9818414644784386
4 0 12 4.825518963046715 1.120724429275214 5.540789285755209 1.3384065367247766
10 0 18 1.9987081184301776 2.637583539504721 2.8580083301948775 1.2502560056782028
8 8 0 4.066005797017717 1.77090050682132 6.11954840358181 2.9302905198179983
2 8 18 3.448221315333239 2.0019398159056627 3.719925102744364 2.9316237983319366
4 16 16 4.411871165003912 0.07677876550595913 2.4490567470049536 2.0036121412520806
0 12 12 4.784772111442656 0.3143943655088674 1.4718487078312028 2.0501291977350204
0 14 6 5.1002810707863535 1.7081079794606076 0.19741504840784904 2.2997170601514925
18 12 18 2.380598022821671 2.9513374028636026 0.7546064716026175 2.3007259908328237
14 2 4 1.457734475399508 2.970624992569676 1.066396318292639 2.4013727257730073
18 14 16 4.386903849614282 2.646780144555213 1.951621196758407 2.372357722545342
18 4 18 6.17462718238114 1.9512479993566287 3.375476338505472 1.3887673162486989
10 14 0 4.081304611888547 0.1973906949894697 2.756471275039944 1.9567483728173047
4 12 10 1.9491967816718654 0.7543944548735133 6.079088485551199 0.6305778421593702
0 8 4 0.38800777389444946 0.5004525437679647 1.2425124570343644 0.08538251784594204
10 0 2 3.7675016402536694 3.039772008257007 1.6142886076604825 0.41424324333140317
10 14 4 0.755456383191716 2.3067005829729434 0.9928149004754359 2.3893850627731665
2 12 16 0.4347105108576461 2.2604054409836296 2.6026541937546748 2.4742593830505015
8 8 4 1.0473202181016157 2.0105684548455143 1.571478199619112 1.3433590347864357
14 12 18 5.0075903542032965 0.20573071904578616 6.234707452247017 1.483257918108248
6 10 6 3.231999181081627 2.010084634851891 1.7730664052458074 1.4200689705400644
2 4 4 1.2078999114615356 2.764157930836255 5.006063841299467 0.30892214724867845
12 16 12 4.989081274165337 0.10806202139767475 1.6653086700165258 1.5931124207349252
0 14 0 1.5980699685894935 0.926060185697942 5.382072332573337 0.04751824262453843
4 14 0 4.293812591425103 0.9170450119242626 2.2125591269354374 0.48613894797785884
14 6 10 2.655732594058356 0.3945764875019502 0.09655529425713147 2.1853488586073246
8 16 10 4.628052460615043 1.0817876255864847 1.4991390701160308 2.3743168677616384
18 6 6 4.245572819852555 3.061259017772256 1.2827075099992662 1.8954146259288265
16 6 14 4.944325411709927 2.3613145565138733 2.243326009037383 2.1975533761694184
18 0 18 0.6251651906380807 1.2141702363455813 0.05425999843968921 0.6266291995450837
16 0 6 0.2391755230588893 0.17214250677434076 5.294581310762672 1.799391535839013
2 8 8 5.766399518802512 2.534942289349605 5.35748034566575 2.343294564302529
6 8 8 3.534827121176898 0.048289417219462956 0.5682250543250992 1.4400689668465245
10 10 6 5.564892086513826 2.0436642462810766 6.1994133138229754 1.6777151888910389
6 14 0 5.951365566864424 1.7878432841495369 3.9738276886400214 0.9490740648371452
18 2 10 4.509943002998458 1.7841374946798236 2.4164750309924554 1.1958534338379483
12 16 0 1.7637603766491332 2.800570046564786 1.3921151508087601 0.24274199037353725
0 4 14 1.9396051613497614 1.1466721833365574 3.257584905198675 1.3628094435410891
0 2 18 6.024213573008162 1.5479096834630914 0.43881325987721087 0.917877300790246
8 4 8 5.067088544161578 3.0004267102819564 3.0032280220084924 2.5358685917785766
0 10 14 0.36346715495392895 1.1482381223489817 1.466803526112601 0.6547409893092131
4 18 2 3.5212452179621314 3.0587491541608784 4.738061110600647 1.778758853646809
14 2 2 5.139356207397037 1.293103050116683 6.282563535224746 0.4241280071239369
10 16 0 3.715458136884628 0.4949718151439543 0.9749918270245773 1.753505640831656
10 4 6 5.8967146353844635 1.2823364640984398 0.9260905280277876 1.8260696292068672
16 10 18 0.7188551636200163 0.2966427937028349 2.418477724505056 1.1950368816122372
12 8 8 3.371000616615856 1.5982838648943563 1.043114737680481 1.3698057860707347
8 8 6 0.8972051109334968 1.748424786334225 1.1633216416731382 0.664268147533138
6 2 12 0.7038375100287283 0.4756617453934082 5.408290267734351 0.27159953458607433
2 4 18 0.6567567174971047 1.2714001902043257 4.738368953417913 0.09768264912653968
14 0 14 2.1818126040362236 1.8028261293324503 1.672017222782985 1.3728218146958553
4 10 2 5.55426261662685 1.3752500197356736 0.16658711530750303 1.180630076892749
0 8 8 0.30954492489486163 1.9563310498388322 3.3014589345331937 1.2533309193196986
0 8 14 0.34878150519406403 0.04969552299406821 3.846570219679215 1.9800653960344363
14 18 2 5.917637699499836 0.8457792177687119 0.9769559133603287 0.6751349997649498
18 0 4 3.6832163944514096 1.9091095627640764 1.7018859423514523 1.8903130942388007
12 2 8 2.782632601647976 3.1119574249532294 0.03406160733216393 0.13997795999702559
4 4 6 1.9752433525497308 0.9457343037945257 5.255816315954367 0.36225496455217504
8 2 12 3.1941914045925164 1.960186958736521 3.041409788972273 0.7327611736420581
12 16 8 1.972161900500936 0.23365087409137067 0.9230439124064218 3.0388837209307047
4 8 16 3.0461517107268086 2.533128691867775 1.4256314505015941 3.1104430760800765
12 4 6 5.057141411678859 0.8430331074270603 5.580054418229454 2.6860128825268936
14 8 0 4.232823861919275 2.6400419683233647 6.159014331542429 0.7835118485256928
4 14 14 5.997993341056401 0.16568621225806024 0.32247370191625485 0.9458422099170858
4 18 14 2.9208953006036484 0.4390336473800108 4.036535242232349 2.121523676965606
8 12 2 2.3369593459362292 0.3926943623062332 3.854949423650985 2.370915864004111
4 6 8 3.6234903569306183 0.7451615679769367 1.8143509810205434 1.006929676377999
12 0 4 4.31659984160698 0.5240858243021506 4.19989508267243 2.329658174163667
6 4 2 2.7954608778206618 2.724447995265218 4.375836004876187 3.016522347210282
12 16 2 1.3676260282889552 0.5180158136695497 4.377849941259008 1.7366516376314645
6 16 14 5.98978440146469 1.6066308103804774 1.5172485970210818 1.8904868373477202
2 8 10 5.986216262953983 3.1376435554251882 2.7606943980436918 1.4575854105873225
16 14 18 2.8581168667912595 0.21222919970458984 4.805434559406965 0.8696315723964971
6 0 18 3.52263326969245 0.1314749992199394 2.9665464871299454 3.0365190477363555
14 12 4 2.902897136197561 2.378486399483625 4.876053143918427 0.9685794095249958
16 12 6 0.5228182216668602 1.6691280788038314 3.2467589905288445 1.8238848234505276
2 4 10 3.4198355845553037 1.368646757592244 2.2726307298976627 3.0591664577037117
18 8 0 1.4731044142278598 0.6528773408345337 4.077210248376255 0.08516469981550885
12 18 0 5.688015697417107 0.4183570598180619 2.8027069276516015 3.0704157114033004
12 12 14 0.7498394116782371 0.2593044258319413 5.055668989624358 2.6285201493898063
6 4 16 4.439716133698033 0.717765405244212 1.732878527061187 2.4268847727391467
6 4 10 1.806114344276447 0.6877301945096606 0.23002840649612552 0.42173240081263674
8 8 14 2.3385550784299296 0.3635561131168785 2.308339312295122 1.2863319619471671
14 2 12 4.412676859579105 0.4633252342273942 4.718336489501283 1.3272790881293528
12 18 6 1.2806904237520123 1.017366117484617 0.7795750815173366 2.9966616358373717
4 0 18 3.340783715004833 2.71360526881866 0.5439363430894452 0.41764396864736
2 16 18 4.9852207559997925 1.1639787815227645 5.7535792650070645 0.3300367854833171
0 4 4 2.3321559046493063 1.1055227574410809 0.06864719119870256 0.14026392106859364
14 14 4 5.393261782720566 2.918347392386957 5.270700103400468 1.0765001565817622
2 16 10 0.9930131664717343 0.5016111586236432 0.6832464746056787 0.21114531109646179
6 2 10 0.7606358306109531 2.6796282256577397 0.3592149018422465 2.9825858336354663
2 10 0 2.3806527245914997 0.6847387137255915 6.245032392559966 2.2410386976793557
6 6 6 5.1083544606489175 0.4244063345535257 3.7899030955872766 2.8584191290358403
2 18 8 5.436270542262859 2.6442602634645014 4.607383703093971 2.966231465047416
0 12 0 1.147549951495387 0.26449034918651576 5.705604032207392 1.561447821633145
8 2 0 2.2017151759025007 2.4261407982639507 4.191439865326047 0.33667593981849314
6 8 2 2.1019135135618034 1.2375583231142724 4.151500494746996 1.9866363606740636
14 4 16 3.886973830353661 0.7052742625821395 0.7340462335836555 2.1757617813251526
14 14 10 3.8227873804788364 1.6745114401285066 6.064053973880007 1.1745810135984727
8 10 2 5.540133054841812 1.0473819091423118 4.762796714071074 1.7582100180673288
16 18 16 3.4805177494360016 1.1316092460513676 5.742024334467463 1.826907707808178
16 4 0 3.338916308941961 1.2005487121059246 4.777475308630354 2.9154435995538974
12 6 18 0.19002678714301907 2.892740779070424 1.6995214770677065 0.5440784082292819
0 14 8 4.35134419360613 2.8907033325099043 5.2771933106035815 1.1737758432936523
10 6 4 0.114893976952949 1.438193750216346 3.5988519665591143 0.8764505288929165
16 8 4 3.641438203112926 0.2768189390667069 4.212033960366425 2.0941102994512764
16 4 8 5.3440832847338715 1.6656612824057342 2.3231479775683623 1.0329547712984262
16 12 16 2.6410111278910104 3.1315452125511465 0.2642362567232503 1.8137852051112082
4 0 6 4.770821692029864 2.916574015656577 0.9362850422327519 1.3061984814369207
14 18 8 5.8224223730774245 1.342862200998303 5.791844969994673 3.0583208872819503
0 8 6 1.5605143319962835 0.6163596674073704 2.7413580658487757 1.0791294068138757
18 4 6 0.012730587019714624 2.5872551383636617 3.1199035594620796 0.23265290953288115
16 6 0 1.2644249368285156 0.06680881627636213 0.853725621423308 1.7312278290040441
8 14 18 2.7157843046163097 1.6777377369108375 4.825394010531873 3.0696816183017823
18 2 8 1.2236088155514118 0.2270246268543572 6.249722856548982 0.016459678538924837
14 4 18 6.161551554269563 1.653215389543244 5.6259840960419005 1.6084686390108078
4 6 0 4.956422092950758 1.8915152653488891 5.49775778976795 1.4508634490265042
6 6 18 2.191851726465029 0.3579120079095677 2.436922849302897 1.0853690081199348
2 10 6 6.060950426438539 1.4092267653960415 4.923787507781364 0.5736898660215469
6 12 8 6.258483164150053 2.6377737436156967 5.354737235243426 1.6307035497307891
18 16 0 4.589329785458227 2.9933046181804546 0.2157045185392624 2.3038656219036175
0 6 14 4.2168986092647325 1.672999008609568 4.946310210044673 0.5914075320312051
10 14 18 5.294190479507947 0.06885492915033353 3.0859175807081387 0.9974111708152036
6 4 4 2.5887611814723357 2.5531963133704734 1.706201855284907 2.6253120676279385
10 16 16 6.237558919711301 0.4501495175363847 1.3627122932378883 2.128923560188423
8 8 8 5.474542359129755 0.3899159077169317 4.677999926620553 2.073564266219623
10 0 6 4.827997213122252 2.387671873765112 2.3577852547174953 3.0220000841619274
14 2 0 0.08879456419287925 2.895673209452802 3.8881176880073025 2.226156588306732
18 6 8 1.0541081641501944 2.608998924099209 3.4952314688898216 0.14605347075399477
2 2 6 3.498723872461561 0.2627710664339476 1.756564711025269 2.100499932250491
18 18 12 2.3245330699670017 2.897913631741427 2.14045317547992 2.4747873496041715
16 8 16 0.32620239643364096 0.7682465355262043 1.5257095185608531 1.0742957635455361
18 12 8 0.4818348768935688 0.48464797975178714 1.1638382222712191 2.283861469447355
10 18 8 5.993511668070841 2.3971803961060987 2.7769255540655675 0.1416813605458058
0 18 2 0.12664701245588783 1.7458996361659558 3.5341298292309524 2.534836690950754
12 8 4 4.14969450706147 0.5660354345407249 0.7129939502094124 0.9237633630572104
0 16 4 4.69110421700412 0.8385286774131996 2.4688435940993103 2.0082629452197533
8 0 14 1.2802536799914455 0.6043166911310592 5.852768678632615 2.459602294448661
10 6 18 5.814380201475686 2.4687857013850976 2.2061244500747823 1.8093607914673095
6 10 18 4.005700900259235 0.07429624027235439 1.6007350247648662 2.3703837370410077
16 14 0 5.572738062896942 2.490548172807766 4.651227370214229 0.11923046927343704
8 16 16 2.0699423203324243 2.427975606388436 3.4823919131093155 2.9087252599418916
16 0 2 5.901099970237671 2.9999672233612693 4.969694806671081 1.6931111356110713
16 10 12 0.11631107849846462 2.6825231473208824 4.364106107693924 0.22843678608720216
14 16 12 0.29488613797897545 0.7346728663433444 0.2831172189856657 0.7139568956088199
4 14 8 5.9242502962729455 1.6445526174293634 0.7260824345755916 2.5961894289157166
6 8 14 2.9364868895459058 1.1997236863352596 2.6357889684539124 0.5773861551361471
8 16 12 4.1337028620343945 0.16572600823107067 5.5718829043072695 2.5612593126184584
18 14 12 4.181372909170139 1.8704085259665701 1.7771226265543256 1.4288936613018712
4 18 8 5.374087608825869 1.34882405541928 4.589832208608814 1.3192300766808502
18 16 4 6.278375339675632 1.04556759232274 0.7341180972402335 2.9396633221217816
10 4 4 4.701135037162456 0.19919803545576795 3.270954434008676 0.1329160789173276
18 16 12 5.817185046563731 0.49991788973298695 5.887216742948482 1.2184459995536128
4 8 6 1.6858114654149903 0.48561335544658574 3.9953504737735255 1.5067082280057984
14 6 8 5.961534939313158 0.32385049853653614 1.3957686623159606 1.7932841747424924
16 4 2 1.6948514719972207 0.2210882459340588 5.84019568554247 1.6689984863643332
8 6 12 6.1634279963772505 2.224574363022413 3.774423971186248 0.41493350277670343
4 6 6 4.86491072735808 1.7143754956400918 3.35168910429707 1.3524317524508693
0 8 0 5.343346487120576 0.7690874246094966 1.238553074449454 2.814087771476534
6 12 10 2.8010354330960077 0.675108733263874 0.6780798157793109 0.1324504798833301
6 0 12 4.713419812824271 1.443229790569545 1.6024528722532916 3.129223782658253
18 16 18 5.189016873677782 0.35347079963113476 4.222867503099234 3.094563593920207
18 10 4 0.13649395773117085 2.6042401991741273 1.644372534996044 0.17913995087282755
0 12 2 1.5423714021301098 3.027075403789539 4.814850948852172 0.054217964822554296
6 16 6 4.711040144841002 1.4289076614474208 3.206799061254213 1.4147887327205353
16 18 4 0.7590474485674755 2.7551735783674327 5.517580594404404 2.3227717548337363
10 4 12 2.0346720391521695 0.6198537369109495 2.724264765863026 0.34666291517895037
6 18 2 4.092563244186434 1.743995030193458 0.8926317349702166 2.048811945922227
18 0 6 0.4705959603364836 1.7367356867477133 2.7265895050895934 0.8353000584436957
8 4 18 0.37259706010939186 1.6832263935062772 1.4382474829070968 1.913810143412181
6 18 4 4.702564808237219 1.9433609813711503 2.7897286381116446 2.7390909717849543
12 0 18 5.164915233421246 0.16777018671290927 2.9892613686074534 2.9059480342403874
14 8 16 3.0228699529915004 2.411907929194152 1.283654294051399 1.7242940927448536
10 4 18 4.154365517958534 0.39550446043543624 2.494569635924756 0.5892287092314716
4 18 12 3.05412670478016 0.914467835145141 0.6612991849000865 0.6046331736796539
0 2 4 4.7476862463077545 2.5223430604791863 5.271547639744849 1.8955894373716435
8 8 16 5.125395369730152 2.1373250470933867 5.907381115549471 0.5366388098390976
10 14 8 4.26461340569267 2.49509840077741 6.059807382986738 1.5027926413282482
8 10 12 6.0939462470812495 1.0173931902959856 5.0463062844789945 0.05460276139852899
4 18 0 2.4860861194002 1.208015094652047 6.071531163144718 0.07246151939831592
14 8 18 4.585715661145181 1.1796093642779255 5.679947680465941 2.0840495301446262
8 10 16 4.540368885283062 0.27330652781607434 1.474946220408971 2.819544096899076
4 12 12 0.5037395866999276 0.46157253622238026 0.7681373716942382 2.6132091646444113
8 6 4 5.217459889971922 2.8936431374983647 3.4075923694313803 2.672227128726861
12 2 4 0.13624250828783283 0.7086981184806791 0.18120904913981634 0.49786007871760246
6 2 8 1.2658670567964412 2.796421039550393 2.434695341095998 1.164397285176141
12 2 10 0.4336732979773359 0.27176333576505224 5.228516013689772 1.313921967920722
10 10 4 5.8102346490654835 1.096424095448502 4.417880493962399 0.29317828304612165
10 2 8 1.1385818418304552 0.5286399509837625 6.215517601520107 0.4377287867576
2 10 16 5.5312637118071315 1.7931607431143788 5.6195231395108936 1.5960681955904694
8 0 4 2.9710755270618705 1.568658410469674 3.3635916182147434 2.545870487592888
14 10 14 2.5846746649097048 1.985773605870331 4.114601654952165 0.08238374497544
12 4 0 1.2584577481101242 0.014997589178644924 4.660867016784599 1.7336020018335145
4 8 12 2.9755108773705197 0.5861230759863431 2.4557162273465054 1.5759814907118253
18 2 2 3.995766429966239 3.134217444002729 1.5120577007609453 2.490128722465985
14 4 4 3.349587370161359 1.6923536916904272 0.7040665546582829 2.403467290178626
2 14 12 2.5668507169386046 2.0937876350704476 5.725166900647213 1.4543276569697159
8 0 10 3.687233330734528 1.6810396389563955 5.076711823307462 1.1670365630624946
2 4 6 2.0615824582760798 0.42921872992591126 6.1691600699395455 0.09903524068448662
18 16 10 0.7742618954747228 0.6518279482303814 0.23397785707436689 0.9972856440947122
14 18 16 3.0519642210113127 1.0192956592985558 1.5951613032900838 2.851693801489947
8 6 16 5.816578106137452 0.02444562517981324 4.632089877208714 0.8734160421482114
14 6 14 0.420917650614095 1.825355233318121 3.350758347559103 2.1812164271169663
2 10 4 2.8157946715091815 2.8113133839327458 5.808767101920458 0.2658819228484208
4 18 10 5.824427210403059 0.528684867123427 3.8182831108816075 2.2151024132177577
16 6 2 5.251487844154738 1.3125569967289568 1.7767709745785947 0.34742080644925694
16 10 6 2.4440514910793034 1.7592836253562274 0.4132787040091487 2.303151959952356
12 0 16 4.083721475206002 1.334685051527959 1.7891974955951002 2.0972337262435112
12 2 2 2.05070940123425 2.8788858889972997 0.38548927624062285 1.9352616966496712
2 10 8 2.6304342619900725 2.348706261883887 0.7803027355641263 1.352419364232338
12 6 2 5.89203468536714 2.2661068953257524 4.278533463882174 2.9361827959886067
4 16 14 0.3577945511609959 1.2318039784847616 3.510242879696047 1.67342715479767
4 16 12 1.1009147241988448 1.8133001756990001 2.9927401751638425 0.906594085120131
18 16 6 0.049834615289927914 0.1971243616989977 4.584908721250943 2.1814237158210914
14 14 2 5.608106174651378 1.9054365500064887 6.24077081859627 0.17892745640586752
0 10 8 5.070691866081147 0.26423435154687197 5.86939241991484 1.265798684059375
8 14 16 5.307679957205388 1.4417794923433862 0.4367645294767386 2.103859238051228
8 2 2 3.01165238086439 0.20307079694304986 4.784386338030985 2.940230416659295
6 16 2 5.580659162690496 2.8943155312079902 5.908307732572323 0.7108172338307729
0 8 10 5.68357425142163 2.2814911485200895 4.873175704885689 2.975440194451935
14 10 18 4.664354673364535 2.9883216719300068 2.517809346431825 1.2336111100731908
12 10 8 0.5324651657236893 0.88180070082714 0.9705496861348972 2.9836809729726417
10 12 10 3.8710797162328854 1.3210003488345299 3.164370247994497 0.44553251190227083
10 6 2 5.310092954352222 1.2601497939733417 2.719663568266258 2.8412141555618327
0 10 18 6.066705696508962 1.518893136275097 0.02655938878975447 2.163268026826259
4 10 4 3.5852670493412786 0.42018462087542047 4.319526801372731 2.019959962906755
18 2 18 2.152219532199867 1.3195811444093304 1.0180477430227135 2.693761661738334
4 12 8 4.936885503756028 0.6917836730270953 4.954510177220018 1.23917864534583
2 2 18 2.420591988424094 1.9229232270855052 5.0724285318449365 2.4628917302060422
14 14 18 3.5092032496656005 2.3288641377226074 2.5163589625728537 2.542893510636446
0 18 8 3.51498939104069 1.2942843170713794 1.0038177533156218 0.09984435316442382
16 18 6 0.6619834464647352 1.2532577662572741 4.257433786621946 1.427213285580304
4 14 4 1.526097381300401 0.7448102504249285 3.4615493058213223 1.0030582334278462
10 12 4 3.5843943288993922 2.9719870855078967 6.07873388740049 2.63339312291311
10 0 0 4.350415421335755 0.0737935526746625 3.2128197798572247 2.471277433965964
10 14 6 1.724604187889078 2.734921396717128 2.8317498346799086 1.734870417331988
18 4 10 0.31187572032594146 2.511273987131476 2.80033707576611 2.9929238155258737
4 2 2 5.668586220212429 2.5889631272951408 0.14910481431021894 2.937791822507286
0 4 0 4.717661051840351 2.180274117230539 5.408872103639744 2.0588740699855577
4 18 16 0.5449876668860445 1.3190776037468583 0.6489972728275091 2.755817150628202
14 2 8 3.741107033095083 2.9832250199826413 4.836683134015144 0.2100840993113446
18 14 6 1.728987382871791 2.264446263085617 5.684915645569216 2.595233963211678
18 10 14 0.5823034449025262 2.9402158198880883 4.796845344586484 0.4832817905438107
14 0 16 6.195909125404105 0.9695609395313365 1.8528645040307374 0.32472573336851895
2 12 18 3.705318064331448 2.250401553230338 2.5155833392499134 0.9627810294185802
8 2 6 1.6413917943572833 2.369996843743244 2.0537213093049616 1.3273987438823245
16 14 2 2.5686657919704095 1.4175681018307595 4.8398367812895104 1.0745267204740538
16 14 12 0.5112976677824057 1.0338495664235892 3.1759239383162936 1.7665259741160817
16 16 14 0.3917085240074888 0.6676625547043186 4.670148744901814 2.8318935067328384
14 10 12 2.1271344542336266 0.686810970398877 2.7459347338183564 1.0777597083920685
8 6 0 0.8803207946929453 2.2953071656388766 2.704808448160889 2.2401987105897185
16 18 8 6.11270250702091 1.7868731492430636 4.447533260206254 2.2483365187944813
18 8 8 5.609255272137649 1.4083346530131593 6.183470179928592 1.2527756716870941
16 4 10 5.140343259236346 2.3513034184445045 2.5800941622838045 1.8231157240303422
0 2 12 6.139427378873148 1.2707181690004996 4.315286736601462 3.0642026353609766
2 12 0 3.2900501284491646 1.335512480614364 5.741548150453316 0.9655459885829202
14 8 12 3.4685274113128006 1.7725167326167601 2.0888354278035837 1.03298336737075
4 18 18 4.939524721775183 0.46233416473553296 1.6232606685502067 1.902881188578568
12 18 8 4.007030506477536 2.1044983717201724 2.2665098699887447 0.3895507827987722
12 16 16 5.783505894136017 1.4757806095594852 5.388877050925673 2.730416773046813
10 10 16 5.140826872216679 1.0251951303149573 0.43894099837122175 1.0164507001618757
2 14 6 3.3116174716804365 1.980423163947263 2.51397224390963 0.3647396609467294
18 18 16 4.709679890639957 3.0704438864688535 3.3223266435873096 0.18243505863902393
16 18 14 1.4329852267225762 1.4587748731331338 3.2229591873171857 1.0623990930086995
18 2 0 6.2655193518144365 1.6336372338898901 3.3463724036659754 1.7166092776806203
10 6 12 5.336504198815239 2.6312901847350587 3.5099898621250305 1.3074341393748687
12 10 18 2.3609337428086086 1.721747899820573 4.746423953800745 1.5695294018901007
14 4 8 1.9726313810428955 1.717601206852875 5.323254967209044 1.0846645076639354
4 10 0 1.477203049853827 1.0081887857737581 1.0647393647850374 1.7432004922813402
16 10 8 3.507098007258386 0.39354725249413663 2.1822442291769546 2.4643278056502873
12 0 12 0.023812224789263984 1.4835527607904364 4.5697657677414725 0.6834085889004085
2 12 6 0.2786093503710491 2.1714164079412837 1.1370241188587658 0.7213928792491089
12 6 10 5.207011849953321 0.3957905851391474 1.4624296022582188 0.3407391969183103
2 12 4 4.139638827354933 2.1874505114057223 1.4061420487301268 1.1788826898613267
12 18 14 5.6751219778406545 2.8012679614222575 4.24340969952702 2.6897734004414517
0 10 10 3.840159656905822 0.3867201009749031 4.41992201459808 0.2193495069413542
6 2 16 4.778231816198933 2.9092526238957053 0.7237982016893041 0.014325022574167392
2 0 2 1.490838079295193 0.9620693268636814 5.325007046169069 0.0845240798959675
14 10 6 4.235225612762166 1.8748354501336593 3.3752074512907217 1.4912774028369533
0 16 2 2.8561761252190956 0.06179513975803092 5.056917382910315 1.0292733979283575
14 2 14 0.21501008835116137 2.9190504998988227 3.0891664703601944 2.098152796248344
10 12 12 3.3512982808854845 0.8365790137114087 4.6201686371759525 2.1267281282020316
16 2 2 6.232035731528439 1.3124652648255102 5.8885799753425525 0.44682128914410674
12 8 0 0.5239405295158044 3.1276153726521163 2.9452024415738194 1.3931282034894457
2 6 12 5.0965263117877795 0.9074994247973036 3.109537176766883 2.7240548818346135
10 0 12 5.83781692053087 0.996124867321193 1.0141212919578144 3.131995471922329
6 12 2 2.738998188362157 2.00022691714556 3.9212671928585037 2.6959329892994113
16 10 4 4.816635835183308 1.2565977477746475 0.4139262051095484 1.5220695513554223
18 8 2 2.470084583899163 1.4045400317338794 5.119887490702991 2.404444078937146
2 8 0 2.2677895297424575 0.32776382189343256 5.454281269604984 3.044194233224744
18 12 4 1.9465138954187997 2.8376525961033483 0.6923618690434175 2.2676562617935594
6 10 8 0.6599588267342688 2.380364820256095 4.565951153389926 0.20230016871736226
12 14 6 0.7152517133426911 0.6827454610747881 5.973046043589327 2.7929355017142754
8 16 4 2.0746417053889004 2.398328027956112 5.985224410149314 1.8460154549545023
2 4 2 5.268059943569142 0.35271148706100663 5.023388155811144 1.9265158770070034
14 4 12 2.2128471679575474 0.35480184576701906 3.48154216570084 1.948390397970278
16 18 2 1.6969419857421633 2.8812967114413817 3.3682195026475186 2.745971862139784
18 2 4 5.319937264672152 1.1182987017060204 0.019782485147190988 0.25643496693719553
4 12 2 0.4814364700006314 1.6792717490626643 1.3872082615611019 1.5240717176057086
18 6 10 2.7483646134463546 0.21330699284344742 3.9128233250629574 1.101393464728428
16 16 4 2.899875869368011 0.6121512315515438 3.0617374308594667 0.5625423331073168
4 8 4 5.750523043658068 0.10240187652040786 4.333653185228817 2.297143416571531
18 10 8 4.1383901839725885 1.0012216417132191 4.195026776137151 0.15683407057660462
14 18 14 2.00154563430209 2.1899965782723374 3.7200174125636063 2.279401499244368
12 8 14 3.4599602561615233 0.15080226621887205 5.247672339275247 2.2797703279250716
2 0 0 3.8947508965234356 1.9463930091501265 4.446207989365113 0.9901082714961986
10 2 6 4.278919229276832 2.118837709208555 0.6328887270634795 1.7490280193958185
12 6 16 5.288846341507707 0.4892927572641768 4.144737588547873 0.56066218504822
0 8 12 5.0496883058099495 1.2072154916561537 5.091649356686327 3.0381216799433934
4 4 16 4.366019326769644 1.9060641838960137 0.1696054302569239 3.030021148496032
10 18 4 6.032248130152876 0.1503720857502931 1.997392655478258 0.6548573926669234
18 6 14 0.27951848950734115 3.078543415649425 4.040576435553992 2.251830459005355
10 8 8 1.5852021032270835 2.6089393505674527 2.218121951586354 2.5257266751912466
12 18 12 4.314657427337027 2.0937740573222494 1.2530456708313105 2.1134838189164205
0 4 10 1.3004492919683315 3.131072578277896 2.6690795287241205 2.9349036096223258
0 10 2 0.2640128093429931 0.5031036902830051 5.393879293288457 0.41916442056690434
8 12 4 4.796175932159549 1.4233921790916422 2.063809207884513 1.8298441556608318
10 4 2 4.128396895972843 0.10434910023333611 3.620561952095302 0.4106352371176314
0 8 16 2.4404138087923126 1.064037792030516 3.0048131512066063 0.05825971690012285
12 10 4 4.736306386152382 0.314392736408837 1.8057192103614081 0.05627314115086159
10 16 8 1.1861664164966204 2.4612458179524976 0.45197231412717165 1.2455928754166141
2 6 10 6.142360526988092 2.1730069703409116 3.622955747558602 1.0519870360965344
4 14 12 1.7272446816022073 1.054288146439232 4.2352726763853985 1.286462196096512
0 14 2 0.5574237971590935 2.7611789386789627 2.159157631015274 1.1938352985213365
6 10 16 3.140825713928943 1.3914080067959487 2.801013166800477 1.8585777286252345
16 8 18 1.1563156683520985 0.6871506605393009 1.671703599105677 2.6939256383245187
14 0 12 6.047550949853736 0.2549359689836666 0.2704965939471928 3.0231946749181264
8 16 6 4.9991897806715 2.551466645655054 1.7754436513771528 1.2005310411469428
4 6 2 2.2802233928189595 0.5109606378038425 2.8810291721020547 1.78605796860739
12 8 16 3.2248539380059604 2.331501118383481 3.092902909713327 1.4535512965192006
4 6 14 2.496428495245135 0.5178268184612748 2.5835533608370764 1.556390710672402
14 8 14 1.7331767630055428 0.41902687372753583 2.9780837784272576 1.747794186510204
18 14 4 5.4298138759172545 3.1338169385181693 3.8902361071073432 1.6569308412062753
6 8 0 2.4068313380885953 1.5689690249109522 2.329969346822551 2.4922826867366132
8 4 14 0.778667360897762 1.5695521571785211 4.815064428022328 2.7574950617157317
8 10 14 6.0164145611830575 0.28312820479665335 3.874963551542852 1.865205962764017
10 4 16 5.867160790730508 2.6788097194335934 5.028680500559072 2.24444234535841
6 8 4 1.1558476182100597 0.7547151095454979 4.174127150214894 1.9451016333124538
2 4 0 1.5999736129129098 1.1184340134573343 3.8334441362757623 2.416102752676238
0 14 10 3.22570645664622 2.9837700988733524 2.7097605630427783 3.1053112193881374
4 16 4 3.6581748189594703 0.8284807842064428 2.7878923258802404 2.7019485899553266
16 0 4 0.15974820000352116 1.3983889545668062 2.9049749308530957 2.2260312929701094
12 8 2 3.021974814756129 0.25167618489570776 0.9200989021063769 2.250023281245287
4 4 2 3.1486248083096138 1.2482813550649368 5.6635377434353815 1.2899393262190622
2 6 6 2.6540935749998695 0.7375046817441828 4.778225700568249 0.08600157675817297
16 14 4 4.3592740909263545 0.3753961950431461 1.9334841427327856 0.5836971285561242
16 4 12 3.403565711888167 0.3471098940701277 1.3878725122338642 2.5565940513960914
0 0 14 3.6207646552466515 2.318222197380603 3.3049957444892963 1.1078634827899827
2 16 16 4.213998635483971 1.9658400953361093 4.440448233176203 0.1710124081152081
6 18 12 0.6630462648537102 2.701223413856919 1.4573365766590696 1.189336874393673
0 16 6 1.4529432493094905 0.9218914653765081 5.25878371179133 1.7203194329889828
12 14 12 5.419241744285383 1.023829481499007 2.5871313736349446 2.9853776159805516
6 10 10 5.068572878745843 2.020869029682924 3.522289540292395 0.3887694864240084
18 8 6 1.2813574953413989 0.44999902603673164 2.045999033848837 2.881077492968586
12 2 18 4.535655735971489 1.4362656720288556 0.9306125615268271 2.0977071354375165
8 6 18 0.6450940981591232 2.1619827587721887 0.8954340125057423 0.3211764132256705
16 6 4 4.281541069108928 2.285289450541974 1.0089825357617208 1.5080895817335251
14 6 0 6.018827589237808 0.38761208780655804 2.3451093375079917 1.243318143189803
16 6 16 4.070888993469221 1.0333179209635384 4.017358948649708 1.52789270190104
8 16 8 5.281462514048996 0.7544938877185978 3.4821462157412717 0.7299219197690081
16 8 6 2.117615591234148 2.842883188725304 1.8786176055789445 0.11295572966956823
10 12 2 5.754402419588781 1.252369261173803 4.364643904460327 0.9548208919207376
12 8 18 3.2420384292978173 3.0283627240057833 6.147263698138637 2.678147310970232
8 6 8 2.7787753347021775 2.6015436927451288 1.7557855949402617 2.093585224684322
16 12 0 0.07210666285116911 0.07791923171251372 5.917109836367679 1.738978811842031
4 6 18 2.430360525333799 0.5283748829243459 3.3418260845097203 0.3602536184123929
14 12 8 1.9191206265455 1.9175400180977884 3.805533774314045 1.9417760073551098
16 6 18 4.017082999206194 2.6021078063211482 0.9862822615256518 2.7460968407731206
6 18 10 1.237258357416728 0.15843149444107518 4.764216467375474 0.9093235119670506
18 12 2 2.1806342675716444 2.4057436488949495 3.403521133826352 0.9040187975532409
0 4 6 3.619788519599576 0.48711952958980675 4.423535781866695 1.0833267639370097
2 10 10 0.47685347602989997 0.15669853848435905 2.585580299215716 3.052368617227408
10 16 12 6.246981191203027 0.8557906803671131 0.36508552646208475 0.40907469827411524
12 4 16 0.7906343083390678 1.3163004174528097 4.495785088222413 2.9917843767723493
8 18 8 3.2840763811999096 0.16301257417781223 4.70230882262319 0.7466620774138226
6 8 18 5.453128873129957 2.7916175393364 4.601391042422191 2.30713095338532
10 8 16 0.7974934407582478 0.05443959195353588 2.0934954773718144 1.1819420083903907
16 14 14 5.941764115093337 2.5635734151995524 3.6579378608323423 2.49956281641247
8 12 6 5.3281326049148205 1.1591285423355413 5.738153367686594 0.13704168162597297
6 4 14 5.832463233342283 2.155966541352853 5.492059011659712 0.18196974257184942
0 6 8 4.5878618119631245 2.402820283327244 0.9194047466001053 0.23984302809412536
2 14 18 0.5156625770632253 1.4261341152192055 4.594425190934268 2.4810645475322817
4 8 14 4.445559644743106 0.46413848651499495 0.6523876492046827 2.2627610660858997
14 16 10 2.0055969306797863 1.9680027946209062 4.464747936009204 1.7567540779083113
6 18 14 4.658061379539971 2.523560765445803 4.45735898065547 2.4303098424538696
10 10 10 5.355993146064358 1.8173644117390366 4.419530481003227 1.9461906214920777
0 16 12 5.716769721242206 2.0552259594347104 1.4123093932115376 1.2473962539694265
14 2 10 0.3397242863662436 2.0723297094478754 0.83705342268466 2.2153200831610502
18 16 2 4.609143065089681 0.643709665782023 4.3101450436308255 2.0229988931142184
8 2 18 5.219042140613483 0.9338680494442348 0.4569103682174595 1.1978368860094002
16 16 12 0.20266997347273707 0.9664110552960661 3.251122791493946 1.083401377391857
6 0 14 3.8072453201609755 1.2637307760039043 5.7109375940340295 1.527001947200648
0 6 16 4.539511734672769 2.62358694811986 4.909377126012686 2.3890036522038485
0 6 6 4.018275172282842 2.5009697739453767 1.738680081934411 1.5153867156214382
12 14 8 4.602033883112841 0.5082487894289568 4.695343473660926 0.30894063369308494
16 4 18 0.22460611022256546 0.339957316490107 4.506878100697624 2.824223524974215
0 6 18 3.884973791673785 0.5721203423328778 0.7833739004991898 2.4143549198103416
8 16 0 0.562673933464447 0.4587551745232561 3.0435991490013414 2.500289725609425
12 12 8 2.326194371167345 2.0582217545766883 5.7801464933498075 1.9446908670887564
10 18 0 1.7736826114996895 2.957092276232036 0.9461237110138305 0.4525778447953263
16 14 16 1.6985737838701986 0.04326671950764519 5.6784126532510095 1.2166713138956498
16 0 10 3.7073538125661476 0.45632871191221025 1.3429367028544112 1.1094555223663403
6 8 16 2.3497201544543387 1.6462066524971097 5.60211599931693 2.1236490389593152
14 12 12 4.427937242237405 0.4420755428757378 3.3804210447419747 0.5186836440495249
18 12 12 2.3749437125563175 1.4065410490169172 0.47543057846694203 2.496357444068283
16 12 14 3.550016230482086 0.3331523641954002 5.34541990694944 1.0612575901378238
8 4 16 6.278580212213662 1.9616016551051085 2.4451727251613513 2.8684241935804136
6 10 2 6.219545361097988 0.16596030963741346 5.036430083266255 1.2825340299979233
16 2 4 2.778790318037253 2.814112570227971 0.7581518021641914 0.27790270573638487
0 12 18 5.0254672767250534 1.993526264307897 0.6325661502047485 0.5640934616039338
14 12 10 5.954843256304789 1.53281224905739 1.3219416007104892 2.677285378383355
10 12 16 4.037000312964678 0.4762360663041457 3.7219905055639844 0.5047984841731035
14 4 0 1.8800208224889197 1.768739307689817 1.8009419820442407 3.1329369180150506
0 18 12 1.2693573289195001 0.9429072113603708 0.3743487268408325 3.1122226908788924
14 12 14 0.8781287099111382 0.746743659291315 2.861714413797485 1.0305466876874423
0 16 0 4.8029710340425185 3.0408021916033467 1.2139825507520046 0.8553449901784352
18 4 16 1.0541945332921692 2.1155002417089595 2.5540007029113014 1.6387222936834778
16 14 8 3.6279553131138926 2.497317200338685 1.747088690895878 1.8659076383227724
2 2 2 1.166568422369839 1.2272292621482912 2.8136695367246323 1.5564428197738527
4 10 10 0.18136539910633534 2.3902334197053463 1.8485375932741883 0.47267596816763796
14 8 4 2.501186290041955 0.24916029267339224 3.3657334148025395 2.8561409285437946
18 10 10 5.493169785333996 1.6903008699448474 3.527482276380737 1.3154749905640766
14 16 2 4.773916140287001 0.580365968443783 5.3084862997142634 3.1248903334609546
4 12 4 5.973543389163331 2.6376333500528677 2.2035581995159546 1.8915870535549713
6 6 0 4.736205091191378 2.7209479038891997 3.252218832620024 2.203758308556279
4 6 10 4.298432371695552 2.702217637800757 4.362956589003383 1.9326000310355191
14 6 16 1.050628384994857 1.4956820142280087 2.204608251820795 1.0204266404764024
18 18 6 5.523309359548689 0.44431273409342636 0.5562350352304213 1.2982446848917066
2 18 10 0.25633583005320365 2.558594066384501 1.587173465157917 2.856914840194121
12 4 12 5.293584696870567 1.4654489203730972 0.3049095134248513 2.3356186891490722
6 4 18 0.749817114993992 0.055718699030668055 0.6944652084310955 0.5148509302546982
12 12 0 0.9443003952185975 2.706518843592797 2.33177410005656 2.68649877621527
0 2 14 2.6653093548969835 2.4481400226532624 3.6310478501830925 2.9611753885667405
12 0 14 0.7823871377201886 1.442250208478074 4.816331291486638 0.40539215675491497
6 6 14 0.6480297671443932 0.6171438595206512 0.4982625848345762 0.3973611299283049
6 8 10 2.1848080018542304 2.7902968171437834 4.698389517275967 0.2254163260660717
10 0 16 2.8228868338262343 1.2238735295069723 5.6020002981721335 0.8169279018425083
0 6 12 2.3613742738534107 1.1850423770043579 3.7199993869887726 2.62423517634508
0 0 0 4.398367605914498 1.1555003900310914 0.5547231207306185 0.3154141374584594
6 18 16 0.30579199183229383 1.380894810166767 4.775156825069628 3.1237691690113434
14 0 4 5.618816312982059 2.2219232485075016 0.30051273983447646 1.4206363936351678
2 4 12 1.8947577385036378 2.139175151697876 2.9905054026588216 2.4869096594690987
2 14 2 1.8414217917358007 0.18336218888978223 2.7473953413225685 1.79885335402206
14 10 10 5.82788783747312 0.6800542465799934 3.9342713523358257 3.08059412342445
4 8 18 2.3426090718154073 1.2927119089536176 5.259321563872848 1.90797934583611
2 6 18 2.984940864616333 1.461208022610271 0.41266085046198725 2.9778531865098072
12 2 12 3.804783971601396 0.17685580438746082 2.6792094521533385 2.4361334197960427
8 0 16 0.16961723892732783 0.6241097731150144 4.7808218857083915 1.0502946823844603
2 8 2 1.409116063190515 2.3655847126477805 2.8645875240557244 1.167793006847832
16 16 6 1.1951307665186535 1.2546985577160876 5.538932454409414 0.037579458022059364
8 10 18 3.634045253318906 0.05466092337551403 4.1657932732398475 2.332808314646865
16 16 18 1.617726684259995 3.0162302186389343 2.1120474918954772 1.7988973605271505
16 2 6 5.950019339115148 2.703147812258873 3.2070896765992614 0.11535609842007492
12 16 4 6.113162236366081 1.8119555236726395 5.458749511229402 1.254927500895097
8 14 14 4.4949698788531895 0.10677898768116721 0.6223634095276626 1.262882226995191
14 14 12 5.818164232590299 1.2086285469141007 4.60612292093942 1.8199116214242557
12 8 10 5.880066175147264 0.27597211635157404 5.532218097515155 3.1187177196663085
0 2 6 4.854930461332851 0.01484433005993011 0.6063796312474853 0.43190162163062595
8 10 0 2.2763429829106103 1.4918056116051999 6.223577275039772 1.1864563178942473
18 0 8 4.934698218518404 2.0297991214238897 4.033010683136598 1.89792493875866
0 14 14 2.0201837158763936 3.0481190605370934 0.5864624810796233 1.9959128397216324
16 0 0 3.4755915173961043 2.9386236808247523 2.0785663654225566 0.9225532581952844
0 18 18 0.9098976071214003 1.3763525978635047 0.6141624088709942 2.1979654030262665
12 12 12 1.4302617236039497 0.04957206400562653 1.249847655911528 1.5327112926756836
2 18 4 1.3355592267484575 1.3879225862613358 2.2546872281527954 2.891430492496547
4 4 0 1.289926108926826 2.017109802831413 3.7149245638805435 2.3975659923906734
14 12 6 5.104896276972668 0.025374104173585595 4.669100593850055 2.1633110104367734
2 8 4 4.367762764222432 2.5602941955366223 0.41084248856966665 2.091050791282679
6 0 8 5.128264311019701 1.5292688561142795 2.7136856965810527 3.0971160545965977
2 16 12 2.5836640851805286 0.33497755370643034 0.9631776507717098 0.34912303170977643
6 4 8 1.1997722945677631 1.348574480209932 3.0650474439422615 2.214173337743902
10 16 14 3.755795714934054 2.283869236652745 4.608181047543053 1.4619085494664508
4 0 4 4.279937942024871 2.3606208209243347 6.037425365132386 1.4374904574986695
8 0 6 2.5080963575972617 2.8722846884055335 5.859566916387068 1.7707351660664266
6 16 12 3.086254999279899 2.034120706656588 4.249486019453319 2.1692221365036195
6 8 6 3.4280116084046908 1.4845300236114114 3.4863432460392083 2.6809983290093027
0 6 4 2.3533820640827194 1.4508680513400642 1.107287669685877 2.04149137203743
16 10 14 4.404395872882141 0.7251584941860643 2.368032343097 2.481117841518494
18 8 16 3.4138100011369676 0.8647015538020084 4.217301663395309 0.018915809672101408
12 10 10 5.326428451968933 0.46688400461319474 2.052428618800837 1.4916724681678877
0 18 6 5.864768865264104 2.8846922126256294 2.6744986137934723 2.4640886931220822
12 6 6 4.317112468015509 2.240751479477334 5.210325002937507 2.404092063737387
8 8 2 2.6309582239154388 2.5962197819183794 5.723591406438689 0.6604910356008242
8 12 18 1.577144497232124 2.9352359031650455 2.9367386554793993 1.125457640995292
12 18 4 5.052112702181939 2.186998486281778 6.107582370652284 2.4728065178975003
16 2 18 2.6025931748581526 0.2755464815110016 6.27895259042171 0.7788077175835403
0 2 10 6.1249148487510015 1.013689133436654 4.3676658752304265 1.9092381888894028
6 18 0 1.0638848521183961 2.2620567809581713 0.8698690686646607 2.3393355604382235
16 6 12 1.8261673805568832 1.5431399782681612 5.005479500945849 0.6138766118669472
4 2 8 5.882277849253649 0.17262645613709832 1.3972756577572278 2.4767433741911047
0 4 8 5.406084784935272 1.1974886836572955 0.8341088314828528 1.536760890646871
8 12 0 0.04062769895574117 0.9637143922289318 0.6071640305336939 0.2748935055812394
0 16 16 2.1943602175833807 2.495229564191442 1.9011387329611273 0.3345867639841649
0 2 8 2.4067524082435856 2.187999450095969 1.6431647373284777 2.4694514914472023
2 0 10 2.3909701615131165 2.5417687319852016 2.499948574929545 2.704575924173882
0 18 14 0.13195686743573648 2.6891207498267313 2.443155928243176 1.6825423818020118
0 10 6 3.265967792878361 1.4384802664030572 1.9509733545863555 0.5412413094835914
10 14 16 3.5987044195131728 1.6031374646346122 0.9345399963752292 0.5882325200839569
12 12 10 5.65375118325561 1.4467292247076708 2.8295860365172585 1.544379521112324
14 8 10 4.984582951855296 2.660296126921872 0.9353930402115528 1.9298038908599875
18 10 0 0.8966884877751393 2.2620867099023934 1.4765391258398997 0.930728635500206
8 16 14 0.3394912522679034 0.9647359813090807 2.1119321812499763 2.3588747796896414
12 14 2 3.7795003286732576 2.5922569770831982 3.4960053381874387 1.8695582056193252
12 10 2 2.196333339429854 0.4440714586820762 1.5107890254185061 2.0775973977125406
2 4 14 3.7816996976222916 1.486041785916568 5.074681796671353 2.733506472527487
14 4 14 5.9507507260861505 2.8290904322002297 2.8560448589686236 1.770367896459743
10 2 16 6.185329470162036 2.72244002941183 3.5446418432233178 1.4258196052663457
8 4 6 1.7572823010648508 2.478745743376259 4.27903566671528 2.4306581066362156
6 18 6 3.6395176051925584 0.16158279235270584 6.174106198704584 2.2559966391584516
0 6 2 1.9268947534141279 0.4709725066855387 1.8110702030430403 0.4473718888718998
8 18 14 5.448557056643386 1.5318189725545903 1.6344426061227466 2.3204282353307932
12 4 18 0.6359786591926764 0.834300107401342 3.8958408392835597 2.162621721792002
14 10 8 1.7866911367569367 2.9688807934515395 6.261678109514287 2.273960957780668
10 12 18 1.017433285898855 2.2312090928386534 1.942977719530101 0.3797987667489793
2 2 14 2.552294867510866 2.494855523581159 4.783712769285174 3.072797536948819
18 10 12 1.9979830474600249 2.209071365101603 0.5510409169716348 1.133965922640442
18 18 2 3.9895740426818658 2.127534359863371 5.647307953707363 1.8228243333631968
2 14 0 5.361971794061107 2.38073588288309 3.44497963585129 2.7118154420257428
10 8 2 4.492435408340227 1.2696199638719234 5.523933796279302 0.01058253302822987
14 16 4 4.588375058590162 0.005675624973777053 4.930963912819534 0.58342332348463
14 0 0 0.2736508333915911 1.3618262878001244 3.568893332325131 0.08728462428777158
2 0 16 5.311984562841374 0.04348081266724141 3.8270757083733784 1.8126089473081985
4 2 12 1.3020300045249704 3.0313936253868956 4.731103415213711 0.5585540531274918
18 2 14 5.279364318268533 1.3328589155194441 5.682924048970663 1.7894225136932176
10 8 0 2.7382065712373693 2.6132143008361095 0.7553847495031567 0.35944008035957
2 0 4 5.114140347616111 0.540625473592634 3.112124767655489 0.5311489977282344
10 8 18 4.154705033527528 0.2182671170062999 3.402304055781007 0.671426032061357
14 10 2 2.193411937155288 0.6498176407247181 3.7077856570987766 1.268556213186157
14 4 2 4.059301010644994 2.1777599036277664 2.0930776961057127 1.1978522067334096
6 2 2 5.905969586845704 0.5477243565242931 2.792534179542365 1.517618821382368
0 4 2 3.8728835198065332 0.6136404633223188 1.494305090165986 0.5598249553934982
4 4 4 2.3373598895498793 2.3323777232030816 1.988291626565829 0.9525560940263097
14 2 16 0.4778783293384006 2.655347883696545 6.06523991773336 2.9812168975357154
18 18 14 5.8764591220001625 0.702777221899771 4.108047959576634 2.0557916627112203
8 8 12 5.400545410455034 2.532197216060659 4.821432511588038 2.984985196140964
0 16 8 5.776933650341172 2.6737272183159715 0.870283996431337 1.7374925457221553
18 10 16 1.0924133016121116 1.2075814980134083 4.132391775062918 2.9528029118772805
18 18 10 3.9428076900597437 1.3125086317248282 5.436299187281616 1.5861876871575142
6 10 0 0.4296504854769053 1.8424530223104272 5.356439461455208 0.6257619488326351
18 18 8 1.266571045474795 0.8730783566990068 0.601367136866238 3.023057169289517
4 16 0 5.028298654297112 2.425423714609801 5.443158969778958 1.8473792985578588
10 0 14 4.523174738643595 2.163419367125237 0.8834607876277579 2.177032749937286
0 0 12 0.7174082578940513 0.6899655770727864 2.859153815149423 0.635840814528707
12 16 14 6.187514846399796 2.435963590742254 0.21981965103129258 0.6633680429435304
12 16 6 1.8477219470307913 2.245829857439699 5.557437644207264 1.6658879600204188
10 6 14 2.465238688874234 1.3468449726955702 5.117566036848967 0.6767072080476696
4 10 8 5.155140696288378 1.4449899107358424 2.684460884471535 2.0105572897955435
12 10 16 5.029500257189272 0.08586460439332476 4.990151137495551 0.8338886758538285
8 0 12 3.9181384195078204 0.5264696758572708 3.109460059613882 0.9693569700671201
0 0 4 3.290331084240548 2.194387978580927 2.353272033168533 2.2832275419570798
16 6 6 0.21361819795938594 2.794474274587488 4.5604149528096105 0.29967480751666453
6 0 16 3.784640004288213 0.1220840976529451 4.9005599559427555 0.7142760147368479
12 18 18 2.9453977770150788 0.3374840901116246 1.3242778059126827 1.2371905189323646
8 10 6 4.744899732007747 0.4723404419761576 5.839002907632079 0.13866568513709165
14 18 18 1.6719429996124333 1.0116186658202753 0.6148887122302124 1.6921655670724
10 16 6 3.0096443531836052 3.0461742894819896 5.844941371703371 1.198403045137125
16 12 18 2.012659470530508 0.9866313394614667 0.10597506448153195 2.4408400090810334
8 0 18 2.421112585990815 1.572739015482996 1.0188730128335297 1.1844020971624718
8 2 14 3.816976466459363 0.19188844453853188 1.6926305219213011 2.356155989364441
2 14 4 3.6728364621421172 0.5313769395323231 2.3329650606502876 2.0016222120201683
12 6 4 0.3989680314301049 2.8245011191405487 3.75642970649259 2.362039296871123
6 16 4 4.921975899889717 2.0812525521114202 5.130367892268432 0.560215952586666
18 4 0 3.515774674439612 0.037768725729620006 3.7671876673753544 2.0782589926143595
0 12 6 6.2121816957353815 2.0584795925955053 4.041541073712108 3.062528159907538
12 14 18 5.743290048830457 0.6642283233156479 1.8544502787181465 1.7463481305199484
2 4 8 5.265295716266804 2.5942320080776287 4.64466761503863 1.8521525527954563
2 18 12 4.051467111066107 0.9250784973327627 2.60501029614633 1.8041221733390427
4 14 2 0.3031426765787034 0.08994782275543553 1.2299753672501736 1.5571359833933833
16 8 2 3.2659736249190905 1.1079795099807517 2.443199210930813 0.3339600671054446
6 6 8 0.9519470273831048 0.3296593555976845 5.516756113091498 0.7675215469164398
14 6 6 3.9598193720478183 1.1239140986134084 0.9429257111443504 1.1289554187078672
8 18 10 3.601250709110704 0.044004488707642855 1.8820252301611404 2.036051631425862
8 18 16 4.845288353223586 2.5397668624614895 5.4506947428428365 2.5677611122405106
16 2 0 5.270700718990556 2.66450209117614 0.9982442189060784 1.3244362972506694
6 0 0 3.3859679163842764 0.5007939525433067 0.37102025858820514 1.441892281601072
4 10 18 4.505082379501055 1.323018171824841 3.6429625231803 0.3316269845306655
4 14 10 3.709032676955815 1.8257494901577336 0.4476399364753647 2.291708501575284
10 18 18 0.671897995417493 0.022031280832808236 5.821623156172902 2.7041522388385353
6 16 8 4.565621053735039 2.334020795638686 4.674585100787682 2.452831701693354
4 12 14 4.632754784097349 1.5516088021110643 1.882424216172217 2.451847038109436
16 10 0 1.1789723231951295 2.5561419979747004 4.031324558715065 2.8429569960330943
14 16 18 1.8773253024825518 1.4897581481282118 1.7114984359700114 2.8019964001628774
8 14 4 4.358881233257052 2.3724773267649075 4.821988845335873 2.2042979038544868
2 6 14 4.347275010983237 0.5103050766148447 2.0432574021650534 2.71963732353923
4 8 2 5.640226585793937 2.845423146734819 2.2599881552219228 1.6778994049407399
18 6 12 4.173072028346876 0.5098482415592056 2.815160216685508 0.396019853848243
2 8 14 1.692221387920646 2.428458471112646 5.954170459077866 1.2147463380373291
8 0 2 4.771824203258994 1.117907234781196 4.85675483749291 1.3420250851517659
18 12 0 4.561644554307555 0.4841158785248887 3.6818090161034496 1.5956437239914614
10 14 12 2.0076249495538505 2.848222480234947 4.744111656480017 0.27288599957337745
0 12 8 0.034979126906831 2.08703901501035 2.19749519660769 3.0812486490367625
8 18 2 0.6137034380341737 1.4876260704296382 3.2456821882861107 2.7311088832443446
4 6 12 0.12971217613041106 0.5874350871882856 0.25207593040580667 1.7489061656025873
12 0 8 4.307836385541247 0.5721168300908028 0.6253741228386479 2.3643501668525153
12 0 6 0.7040573760400366 0.02552507813740088 2.6578965379820785 1.2513400427173103
10 2 18 3.848405425187846 2.3705759985310495 4.239393643060101 1.8441955444804652
16 10 10 5.718678293446076 2.701387754357221 2.062002798669402 2.8572924431676725
10 2 2 2.91931505268309 3.0268980512839327 5.721656962445518 0.3385112053013813
12 14 16 1.7263237225558923 2.0769026595883595 5.0760205690059585 2.1335867199939846
12 2 14 5.715698497628851 2.0778083557853337 0.20013918222444937 1.150005700027712
2 18 14 3.261831826356275 1.3180324301554562 3.389688015542182 1.917789609086342
6 2 18 4.636894608852431 1.4468059790812555 2.1848187313971223 2.8138404403371013
12 2 16 0.042888162935696424 2.862576473545299 3.123925772885017 0.6565025087191848
16 0 18 5.649225867880815 0.6106301061209803 2.0962559822741036 1.4961239102717596
14 14 0 2.848430328100701 2.0008965780684274 6.1479870101589125 1.8917832029301742
8 4 4 1.8348061870587513 2.5544486777949813 4.940425522205805 2.653333928430446
10 2 10 4.958737274335635 2.9284991288809 3.448148006685569 2.523162584796676
18 12 16 3.7308143101593347 2.1424057706117003 1.4955054642137995 0.4285879249478948
4 2 4 0.391369440706999 0.897978790844747 5.027696877623707 1.901744378393936
8 14 2 0.8739283639629354 2.0313339040000966 1.8570614008254491 1.447855493159303
2 6 2 0.3064583068778843 3.0698692886565477 0.8057653147950395 1.9469872541047215
0 0 16 1.2616141691779914 0.6867931503750463 0.16457464497287613 0.044534401689267214
4 16 8 0.21885765948707034 0.364525717895017 5.646591118730744 0.3021868811055178
18 6 0 1.0037859544998835 0.3651368560075436 2.1045311316329847 1.8422018750998603
12 18 16 5.733262761937279 2.9736251217852643 5.1279422038572395 0.04380259694382142
10 8 4 2.0280842257758174 0.01334286634146245 1.4675394267404418 1.493794948516473
8 14 0 3.7377396888288894 2.2544153567028364 0.7718292629445741 1.3870455529261803
14 14 14 4.019838404352144 0.35214218764513383 0.616767817150431 1.8832728405840466
12 10 12 4.621829750196329 3.137400234791977 4.635831218491386 0.2523146433360721
8 14 10 3.1832182208634134 1.762169981024245 4.107215972639997 1.3704248628764306
12 14 14 0.07554214303164596 2.8496492355916727 4.324253421515017 0.14137769304342374
14 14 16 2.9020426047247208 3.1077153123327887 2.9005220776786476 2.689089958075574
12 14 10 5.9952769211218015 2.1453173750273264 0.8189069107689935 2.724863784935259
2 16 4 1.7277187933264957 1.6392827292032512 3.659996773560917 2.372681714628059
14 6 4 1.6116031078505417 2.108984408510361 1.3710627128766861 1.4522740824102838
10 6 0 0.3223139848503539 1.5533807428144202 5.940922427110939 1.3188878809368514
6 12 18 4.049419526020481 0.05290195424414439 0.1519011918670069 1.0071124167337917
6 6 4 3.8546596241451256 1.4602346103825272 1.4810018708208295 1.425648317299368
6 10 4 3.97393018391483 2.566727504462375 5.946226069412973 2.3507611835663837
14 12 0 1.8413293176677705 0.023543378384639404 4.950683516847067 2.5525135716447473
14 6 18 3.4105864964820283 1.0009765811307163 5.979675954680238 1.2025610399905442
16 0 14 0.41400871546545026 0.5847681612905176 5.596054123468964 2.768107112815765
0 12 16 2.5531950801525434 2.817295412433927 4.327445411058303 0.07577502343707924
12 4 2 4.3220846792393415 1.8766451206578183 1.015403280362492 0.09892460599227984
6 14 10 6.257274631597954 0.6416654821326156 4.735936211638412 2.5696419844783507
4 0 8 0.8693905125861066 0.13505633106028703 1.816750084967307 2.611836110578682
0 18 10 0.4315956423960979 0.9510008210609163 5.649448995167731 0.3493795572005137
0 4 16 2.9414256044201568 1.9253103083620056 2.2160510695096516 1.0775235339125082
18 0 0 2.3611764112063645 1.2549403725524575 0.5252851521468038 2.8965078796340724
16 0 16 3.1652812014922493 2.7354156821943705 0.9766286370267427 0.9111150072413697
12 2 0 1.461030346643786 2.3240873196967153 0.20972259064405468 0.7307277787345814
16 2 16 3.866267869794031 1.6253391601673965 5.79080246943388 2.2791007244315638
14 8 6 5.245859363848535 0.9584975224874238 1.9333953258610161 1.6519887883656037
2 14 16 3.2620115707671373 0.9391995339123191 5.698880760705802 1.0833425253980733
12 6 0 0.41000749170876 2.118069787171293 2.4182523002429193 2.311978895748173
2 10 12 2.322864550199967 1.8282092705858306 5.296142165551192 0.3588954417748878
10 0 4 3.6091815729437133 1.5007474912517342 1.7622508115064213 1.0329646176797866
4 4 12 5.654518570788837 0.2547397311993722 2.138219125771672 0.721473321449472
12 16 18 2.444549956686453 1.669699748983606 5.369426496858632 1.1689601656279982
4 2 10 4.883100756247261 0.5486860587583802 2.3421830258022167 2.201256664367709
8 6 14 4.205779681093068 1.500270386590153 3.3459261908033064 1.299116079479762
16 16 8 3.5450298154504414 2.5058574338275323 0.46600442719640706 0.5487721079452212
16 6 10 5.5053360284924535 3.1176475173013336 1.3626720373230266 2.736634446138232
4 14 16 0.09229937002310194 0.49417952023538114 1.8190228630544005 1.9280152327949789
10 16 10 2.3549813539387934 1.465702652098134 1.3458859859786314 1.2922624703679577
18 0 2 2.2477139871734626 1.6160738757167927 2.6702999887949512 2.356899782259882
16 18 0 3.771559838628251 2.789697343899769 4.941002488370608 1.6504070871884995
4 16 10 1.634244897007625 1.4839211431567716 5.830601362533389 2.480131608657897
4 0 10 3.3645211955921925 3.009793504232265 2.3272994695917495 0.5904221464856179
16 12 2 0.21917877104573602 2.128428280898074 4.080726001430152 1.878266142143872
6 14 6 5.047266586226959 3.1384436795076156 1.5398874295347023 2.3600725042236537
16 8 8 2.770307701738456 1.9782276241660683 4.890279508747167 1.3433460571759805
2 6 4 5.6481749015697185 0.7051760492798087 2.4730432494319436 2.7645578044829535
10 16 4 0.8480921627491956 1.3938487012141245 3.205567291081286 1.63991076548977
12 4 8 2.4698568921302804 0.004225309852498932 6.007593015277518 2.428356500312071
2 12 2 0.5607419965867307 1.58924918846662 2.201758800605297 3.0976651070838224
10 12 0 3.6440954286353393 2.5006989800813115 4.925811487078035 0.011289915172149856
4 10 6 2.5704849569122943 2.1524314311461303 2.689403982024107 2.4801538483696683
10 14 2 5.764262282569161 1.6205678951544804 6.271810026821784 2.0269418648467514
18 0 12 1.1343361860778802 1.451122534768645 2.3444046063028416 1.8775120031615553
6 14 8 5.019097404878428 2.4198668084388135 4.730173124770459 2.5076609129279404
2 4 16 5.597281670766413 2.561882130298991 1.3974674698720213 2.762145010072841
0 10 16 2.0519024073630607 1.715343692163444 5.86199690602081 1.162077307973624
10 18 14 0.9153221612995964 0.7936612239710308 3.286098453835739 2.7879775679186967
6 0 10 2.161877186109195 1.693946352776919 2.184571961010895 1.621086582768642
16 0 12 1.1166660385874796 1.547705567825816 3.6957779261100367 0.6783026918807996
8 18 18 6.129552690078874 2.019258919820126 4.500136239250448 1.0299666285895652
16 2 8 1.5512319098597374 0.1575598513007299 3.416926197878475 2.778535981868166
8 12 16 4.787809015868206 0.024589971098713977 0.980098410754262 2.01322548149529
8 2 8 1.6082053388648483 0.9734115637291338 5.201377357901315 2.311820336677849
4 18 6 5.615009043316161 1.375968163802417 1.29662450271582 1.2775754431198167
0 2 16 3.8174315100559126 0.6734919901790432 3.1925692735640276 2.221696633133422
18 12 10 2.772638117967011 0.34742215118698555 0.5542619603478354 0.6790534553543908
4 18 4 3.613706292526303 2.2850749668825094 4.240951248265453 0.47967910109059725
12 18 10 5.612653247950767 1.2195577310553711 0.08918978649752261 1.730755403950358
4 4 14 4.556641330474727 1.4616308236073163 5.372140485192531 1.258236023650311
2 10 2 1.8660781688275359 2.863851394963315 5.050374439827118 0.5205690691451482
2 2 16 6.125216865416354 2.0781097871511807 0.6249941210533867 1.5603004027546146
4 0 0 1.3781259111329371 2.5644759915099686 5.430960513418122 0.7573932604323887
14 10 16 1.8259805705175112 2.087335833644502 5.748541440445013 0.05417532177764483
0 6 0 4.838115592110516 0.3686070116715721 2.161010710034026 1.257646245441069
2 2 12 5.283798077731324 0.7455029850083742 4.897764140740943 1.2039063955147742
14 16 8 3.8129889391640015 0.8759779834779079 2.5790536286624217 0.7392710104079083
4 4 18 2.1212739981851843 2.0146627040372396 5.415613260546346 2.193524416730041
2 12 8 0.373219743434232 2.073223729822867 1.1817427612694416 2.436775141202942
14 4 6 0.6257994205104622 1.6057826028086561 2.2301273916718305 0.6130935025921191
8 8 10 4.164871980582014 0.7512307372154422 2.56348470789675 2.6846156218574615
12 4 14 3.849389000461069 2.93357408000979 4.177480806203153 0.48074590939046885
2 14 8 2.4494956243359916 1.4248704831261119 6.012132693799074 0.8825289866020036
18 6 4 3.9281615331670503 2.9964704920825938 2.6996706036573945 0.7365428775844801
12 16 10 3.117354331134458 0.8706213196204314 3.0433890917304844 1.0395026553957454
6 16 10 5.556559022386448 3.1298175095046807 4.9445534821083506 1.9842152533895174
12 12 6 1.9603335437294809 1.2012241529927 3.1515543473083953 1.810707907848876
18 18 18 0.8502848092984414 2.040245168833763 4.28785922050999 0.5368709123669307
16 16 2 1.618552570694095 3.055443498523438 5.700690388692894 0.914365410111013
8 14 8 0.6906971805558578 1.3367731750676402 5.654055938493824 0.5786675428930224
16 8 14 5.201049947557051 0.6988659381489173 0.9949638187037942 1.5626136565571846
2 16 8 3.910243570250037 1.1865280401470435 3.7023676958641123 0.21152722669272053
2 2 8 2.6894629760682585 1.698027729836557 4.719422123125093 1.0473620120614746
6 12 14 2.7925686333130355 2.1289509909495643 3.708685624424845 2.1131322229276264
0 10 4 2.6197350508886315 0.47467906578588226 4.480530084197513 1.63845420821664
16 8 10 1.0692203495854546 0.9252587729715105 2.2573285355015362 1.873441441006172
18 6 18 4.671853328495542 1.7302776032168312 2.116590535744282 2.7662521260644883
10 6 6 3.1525546708932177 1.8023714254110266 5.372103509397758 2.197340167769499
8 10 8 5.772768506960937 1.1514816789854534 1.2835487910647156 3.0399401652429425
10 8 14 3.5915830643192517 0.555109414527098 4.73110697281401 0.7817515372718813
14 14 6 3.7965515603807813 1.1705588938720002 4.299418133953627 1.0019251539316
8 18 12 2.412948029492556 2.2847192870620354 6.223694050883414 1.3614076989668007
16 4 6 1.7023940744727506 2.6324279716778007 5.973773527993842 1.1323498188516439
14 0 6 4.210278123046668 2.0096338483489897 1.308038077230288 2.3254023548568994
8 2 4 1.2204757201928076 1.0035159248369598 2.205990819737194 0.49386025554758617
4 2 0 1.8411954597688087 0.2408612358050317 3.3818610170813774 2.8788637391056553
8 16 2 6.154661929871756 0.8521243739581792 6.095056864770608 1.923835567241223
2 16 14 4.8829126759037145 0.42715059457663546 2.0924237255114053 1.2591748250940578
4 12 6 3.2633423662157135 1.9924585296418325 3.7479815265055616 2.8378879035364775
12 4 10 2.7213236239219416 1.1662893523414426 0.39202081622036 0.8877806257451301
16 14 6 1.9459740635032412 0.34445295193443753 2.641771654900771 0.8719708100062323
6 4 0 4.540682368706891 0.5612654106450455 2.818042857287777 0.7995770327333825
6 6 10 1.601658015289448 2.4597809599412916 2.773079894724233 2.4188274664400407
8 6 2 1.3183428025157393 0.7760364025306643 0.4838669556899696 0.4644008104936936
10 10 14 2.1636992278158185 1.7469192654690715 4.664307331030597 2.097901700112942
4 6 4 5.318984620593816 3.0001888017095273 2.065105101729364 3.0959373606061598
16 18 10 0.22776295349618053 1.652577057137057 0.610479225690306 1.8076938196801031
16 8 12 2.8703615730182976 0.1312461769139472 0.24155328224529757 1.551796450247179
16 18 12 0.32866751836826874 2.2449297730362807 0.9627844590869841 1.732641476324203
2 18 18 2.5354679349075027 0.4716365230591585 4.6955412417012985 1.1994233071955176
18 16 14 1.6252404723735696 0.25493029642139664 4.590241609707033 2.6884940706468172
10 4 0 1.8009916291397199 3.0949286588685765 4.464789426706752 2.349586965673761
10 8 6 5.40696907899535 0.4684287757317603 1.883482290929126 1.4341941756519423
14 18 10 4.385810221531103 2.1833173088492144 4.432210755580455 0.6333424782981546
18 0 14 4.094828002442876 0.17047623468291861 0.7836547070092598 0.10092857699214848
0 14 16 0.3069767524121936 0.522181624094706 5.748602944247163 2.2086805810580636
12 0 10 3.4972064965089222 0.6853304617994275 2.778827858451602 2.759296243463308
2 12 14 4.235877200543666 0.8083364873958822 0.4946815650335157 2.844256931288419
4 10 16 1.8368508109950665 1.7317307423054322 1.8667543429888092 0.006415227939396
10 4 8 4.789660790069625 1.1844521421108178 1.9817679055621742 1.103997104742912
2 0 12 2.9120535259118627 1.2796815108533708 4.253635302758487 0.9561476882974532
16 2 12 3.218157206420666 1.6684170065090709 2.5984062160751766 0.0065559031435806795
4 0 16 4.195994572153824 1.7806028148727715 2.5234172843990197 0.9138938511843134
8 18 4 2.0342972813187106 2.0777617757268954 5.61562846415114 2.4546730659064284