8 10 8 3.04404105893916 1.2051004546181012 6.105202178392064 0.9885752289894634
8 8 8 5.1043858727710045 2.890284850319091 4.282040371662075 0.658937418385494
14 4 4 5.324328364116952 2.104424011705685 0.9845827642692226 1.8375703372159868
12 10 0 5.511713763388265 1.9518610967407777 2.600528523430754 1.6132445350499178
2 6 6 4.3100290488503985 1.1637887685729538 5.473311317672745 1.4245398509813754
8 10 0 3.111407710962269 0.8992230552170059 5.306717218286456 1.5922979513869968
10 10 12 3.902033055657309 2.1993656816198204 2.6593488760304678 0.5700564365171378
2 2 8 1.5566518561666305 2.3480362583492584 0.9975491591049637 1.78785287000628
10 12 4 0.8562280095413679 1.2973011555493976 4.379747814130715 0.5600523574323714
6 6 8 5.043937280472741 0.9928360062373622 4.7778474799566615 1.6037078396445932
0 8 10 1.858939539530169 1.834812853214496 5.20807882491586 0.8908337393988303
4 6 8 5.189549338571009 0.5406099979742921 0.6867917234056445 2.435027129854944
14 12 2 2.1547433623742975 0.1468965315530126 4.337087896773512 0.11806644962703645
2 8 0 3.810397297734101 1.0796077941476199 1.9398035491620198 0.5678729194116531
12 2 10 4.624078461974618 2.9756361827109297 2.8426612775729567 1.1412087117499559
12 0 12 2.0651625085693186 1.2671061981023397 5.931279771281654 0.7649500129341595
14 2 6 1.0085935359481282 2.923325312664605 3.9878634597211033 1.12925117547798
12 4 8 3.8345588885444535 1.7653429994060745 0.7464682272292495 0.9741772114448385
8 0 12 2.2981651780382655 3.005315147906759 5.66061015743203 2.960407309178038
10 0 2 4.8005512741891 1.7667559151805525 4.226305203949583 0.39080611151704253
0 4 14 1.869036468055728 0.18229205802449686 3.893685981183036 2.0638968800066864
4 12 2 2.404143584575664 0.9859934420590251 1.9561996246912374 1.8185310975404823
6 4 14 3.8319283070746684 1.6947916639821186 0.9637485214572881 2.8252172381097918
14 8 14 1.8460576099233836 0.6139790350081566 3.795242300384032 1.845976247959235
12 8 6 0.04644791217209391 0.12961492871666613 5.558634550403681 1.6061922614030149
10 8 4 1.2228599969920642 2.5757646042536626 3.035716650790661 2.023763367694641
8 0 10 4.387400778363752 0.2345431922970686 5.9074611984791865 1.1789296761342969
6 8 2 1.6201772881218204 1.9513999142028235 2.38411193510541 2.2465562344725036
14 2 14 4.974191822334101 0.6494700110876479 0.9417036505057241 0.3635626245239875
4 12 4 4.610728667250815 0.19115923716459945 4.450977305223515 0.2552575613250402
0 14 12 2.3546718219266345 0.2041780175066301 0.4295950134243486 2.792199590666867
6 8 0 0.9908543853185479 1.5286048427282837 5.028993600069472 1.028997604594571
14 0 2 3.783855845031575 0.9442114400829615 4.074282853219148 1.6684106098021734
2 14 8 5.3959425657189435 1.1975563630059887 0.2858621191496987 0.5968407058389263
6 6 4 2.7553359567788833 2.8456472843436282 4.204848072454477 0.9864790191249374
4 12 10 4.488529398044334 2.7695440793623263 5.0339139045374575 2.7659480115769153
0 6 12 5.435348309018196 1.72808970335516 0.788537669502839 2.596300271499288
10 4 14 5.364561178892531 2.834388945425002 4.953867434214688 0.874727448680363
8 8 12 5.46768139975539 0.6989864242821532 2.828768770771326 0.2599837073755667
4 10 2 1.4628240862473267 0.902824105362488 2.378310594713907 1.7681265170846328
6 2 10 5.02187646858996 1.952347795288052 1.4475139633569265 1.2505841379465363
12 12 14 0.7110407962998301 1.3438516768657316 1.9976042558944536 2.762584478867208
6 4 8 1.1993162134233895 0.4028840983358435 2.5894184169415535 2.677718544120182
12 0 0 4.362606144800841 2.023097992312202 4.329958239490095 1.126900987528167
14 12 6 3.5912034580721945 0.21440029549451556 4.156592057514477 1.3761949015582053
14 10 14 2.6514690506156513 1.6717045431719753 0.3075501759703787 1.9288381719329624
2 14 12 2.8419639456379606 0.05345059231868 3.2344880200538046 0.3959563959624346
14 14 6 1.7259117938490696 0.9607805576944635 4.780630731973481 1.3510541061507584
12 4 0 0.600028858094248 0.18027842184092577 1.0601326655804189 2.309588824645449
2 6 2 1.3145068971386946 1.8167191294690355 4.760675345674593 0.5228194075091303
0 2 6 2.598278344014789 0.6491858338913923 5.462242184581965 1.2029757606199407
0 0 8 1.640931934199875 2.5530725635095077 5.0064292749931125 1.7784557626029374
6 12 0 0.2856285866377998 2.662063367641864 4.792383540845102 3.0791061035590315
4 6 10 0.08521524256077277 1.096629747815898 2.808318380998618 2.842547918148945
12 6 6 1.5585909569609446 2.8856907324726127 0.8995066880911134 1.270023550248105
14 10 8 2.285420910572159 2.0839660400939497 0.9249227470649645 1.059176633264715
4 2 6 2.3532060016876573 1.8432632564590667 0.7431587958008504 1.146902977244063
10 0 0 0.6014782843773061 1.8018621226735252 4.144306538550687 1.1777395152550403
4 14 14 5.111166221344472 1.8965157326243411 3.550784828310955 0.30641028168715667
6 10 2 6.164452806590591 0.6976180610335522 2.4533956308564724 2.9851771382175385
2 10 4 1.317281774881627 1.915670443324191 5.134051658789499 2.629182144758232
0 4 12 1.4012889639708555 1.5101758747452727 4.449919992982028 1.3803985857377103
0 10 14 3.682373061472691 3.1200559658742253 4.801142678794954 1.6945163478417744
14 8 6 2.153901092686842 2.1815370467177533 2.775999038301489 2.0703789589859998
4 2 0 5.1420544466377756 0.03438400540263333 6.247604235272531 3.0386427488644614
2 4 2 1.34445915894459 0.6572206707452499 2.499937941618065 2.0807102161825566
10 14 12 3.4954666923812376 1.8417591723723494 2.123941712648614 1.8859298697375353
8 10 12 1.0922812078795021 1.8607740105754744 4.100375997717039 2.3314776404124125
8 4 12 4.61717079579332 0.8620037341485047 1.7249010186815477 1.9732464891431056
0 14 4 5.357100323561214 1.1130423815704418 2.308932680579219 0.803068397315683
12 14 10 0.029824742718017164 2.1865036712850023 5.422158648293689 0.183870708861021
10 14 0 5.588028190456347 0.19070304283341177 0.718428296203422 0.8333788780714987
14 12 14 6.1632257353954625 1.109061532623155 0.3166983681915787 1.8181004768782996
14 12 12 5.67756375569777 2.507143998969585 1.2916520011436132 0.8781307156734317
4 0 10 4.877235713798204 1.1882365118225704 1.6401437704638093 2.0839169693758715
4 6 14 0.30637669320227634 0.9367923922028211 2.3701655504640295 1.8807296498835515
2 14 6 3.3969170062810816 0.31046383707494385 5.832821085887688 1.2540865648938118
2 14 10 3.765278598194916 2.8200516958512956 3.062484490188102 0.9723323369934034
4 14 6 5.789115381139436 2.949646105944469 2.1534825725939934 1.0604938954103054
4 14 4 0.7038182643257115 0.9453007474070656 1.9775193379920453 3.112827627939298
0 6 2 2.7492263674244923 0.5590857933717078 4.167092183546226 1.097391118064088
14 4 14 6.0904955188763275 2.2357159329258467 1.7153608635194386 3.1334065206343427
4 10 8 3.437157008193619 3.1029740011213933 2.330399873362225 2.5630890092457714
10 14 8 0.3042196249346914 0.09906104832836564 5.465936854576685 2.745051435325507
14 10 10 4.970017150057616 2.708655212043432 5.0050177353529195 1.3731035142303225
10 2 14 2.924382232879068 1.8269092968110208 0.7252293209912546 0.018988791794594173
12 14 2 2.7179581211873813 2.3792194155313395 3.553832221303114 1.8406977302715266
14 6 10 0.585773565014708 1.926513538503221 0.5247093032625989 2.4841298838031087
2 2 10 0.00503561311727183 2.12196997868069 0.03943185643489538 1.188524272804538
6 0 4 5.159418819869977 0.26338991390585403 0.7725113936671819 0.46723521514057503
6 6 2 5.87302583028151 0.3867551341128873 2.4378554312882272 1.6943326260172797
14 6 14 2.95577167451722 2.7101702463737123 2.6898726856119235 2.4801846265824423
14 0 14 1.3016347077974983 2.3161979228767278 3.0280195319651266 1.1591204034701108
6 0 2 4.381289554642248 0.8156493207355924 6.245335216838185 1.322466937823861
6 0 0 3.2111570339048288 3.0313808611911095 0.21887807869792564 2.589381931676367
2 8 4 1.5767232221647123 2.077587921441122 4.781671328357104 0.4955083935074177
4 12 12 6.251174938702824 0.949543632894134 2.86140598441438 0.8027961648917701
0 0 10 4.757544674100817 1.063504182387642 6.272899027161806 1.4009413205174603
8 0 4 3.2523184581282663 1.5616429027877925 5.7742269754902225 2.700961359857356
10 2 12 4.541225163651853 0.9024240119770254 0.4430109602570246 0.837142858254757
12 12 10 4.838441156387683 2.909966832358479 6.271454278188889 1.1262999723866656
10 0 12 4.929454974851856 0.9595145569759681 0.8004199146666429 0.39727297300901676
0 10 10 0.07718335699071649 0.1708132302096031 2.984111490015938 2.4549608413270194
14 2 8 2.07030675485958 1.926291115511803 3.0437644931546473 0.754451631362004
8 4 14 3.0646862927621052 2.7397245075833263 4.173005814446492 1.0201720769734695
0 0 6 1.4563071937031598 1.714448384162659 0.8061498634549613 0.5426965709941536
2 14 4 5.428259152406747 3.090221540189734 2.9080459169321795 0.2510738399232471
0 4 8 4.63729514454189 2.251594794788607 1.8731311330269071 1.8502433343384177
12 6 10 3.032024330197867 3.014709545916344 2.135572697897311 0.2476739040574868
14 8 2 1.4211090450486625 2.349068171473437 0.1412950086353315 2.3732007390863226
0 2 12 1.8573409309000382 1.9438929365742732 4.29565532447683 0.3923931749928429
14 2 10 0.3285310658576394 0.2384176489355292 4.381214198625302 0.10088143229751009
0 4 10 5.726678528203059 0.8007080171653127 6.240576619155934 0.20175039568659608
0 8 4 2.210518644577693 1.3623917418199554 3.525257890728424 0.6016511923799254
8 6 8 2.7005559779079014 1.1970362458934 2.5989616233282247 2.640958560937494
0 14 0 6.230272110008487 2.3581404176065885 6.176688353407872 1.6882167199093543
4 12 6 5.243381089008258 1.8342904471528503 2.1808412762578224 1.209097841006972
8 14 2 1.3760601582307155 0.08712803562074473 0.9409023704811355 1.601366883392146
10 4 10 6.049369107991582 3.0145901626415523 0.4199273321843144 0.22144611154679814
2 0 2 0.5265478968761278 2.9075868592974263 2.2319491357951198 0.6237826397167775
14 0 8 0.5111429618078079 1.2366688370792802 3.190403108510648 0.5582909597563215
4 10 0 0.11124449429903237 1.6588143039435261 3.740508793912044 1.548794663004044
10 8 12 5.4768799933496854 2.9798850054538786 4.725061782017547 3.00178505024183
10 8 8 3.676733990539315 2.52777872880293 2.409774117434162 1.7397748821256043
6 4 0 4.300183150252276 1.7057695391437186 1.0759743112927949 0.9208197676552837
2 8 2 0.12407647282945902 0.2781341422719605 3.2453825522325315 1.8928247253002028
0 2 8 1.9773407431822219 0.06847346869899774 5.931089910980672 1.383632068048798
6 6 14 4.341899023063572 1.1630223677213638 1.1427656443718954 2.242737077635972
10 6 6 4.327194792977073 1.428704449932954 3.4486829854405276 2.832376059976285
4 4 10 4.296643081240969 0.5606647993355115 1.2320457317684281 1.8414085787482244
2 2 0 5.347462626693619 2.8364771864393394 3.8513145717798354 3.113808228031036
0 8 8 5.678347823595062 2.0599196839422005 3.5129001199207384 0.23187439261620846
4 8 6 6.085013322554144 0.41876832241200146 2.466023775940685 2.7914575609676664
6 8 4 1.6696630751334773 2.4363463548963358 1.2008305083903155 1.3142539593516487
12 4 14 1.4791019063848447 2.1319852074770145 1.7904466382333608 3.0122034670766147
14 8 0 0.9006363247970373 1.5705978641401135 0.10937256923073631 0.4906561539275859
10 12 0 3.9537593770992183 3.026852750287645 5.832302693130768 1.9200231190127715
12 2 14 4.699046532694525 1.6074336647820664 1.1237442782254823 1.6901337151344868
14 12 4 5.801325853296538 0.1401982022203924 1.651177443470344 2.1227542867736533
6 4 12 0.6681929298452136 1.3436954349406096 5.5608135226526 1.3873657139667572
8 2 0 0.5625040522019696 1.9428454273362175 2.473960872969371 1.5645878525003345
0 12 4 0.0895282352994806 0.039051993174814885 4.374756607387946 2.4400125976596314
4 10 14 4.581451316256681 1.0866722913485278 5.549999227004444 0.6891839688587703
2 8 14 2.6028328501263682 2.544648349080448 5.110695485515774 0.41796601138555034
0 6 8 5.415124590499486 1.266066358618695 1.288763277667825 2.76332781692961
10 8 6 1.011655914689396 1.380736973998192 2.597764010776284 2.023648841832602
0 12 6 3.001557953577029 0.5459120981888091 3.8575064821688247 1.5052162640695652
2 2 4 0.26416514409722264 2.4246682001133513 1.2899025828302284 2.7402209339920414
6 4 10 6.026411915575843 1.6290916445341828 5.733838671787115 0.4481578047941163
6 14 14 2.037028198248672 0.5641010226640912 1.5321781599620448 2.252972232839117
14 14 8 6.114225965947837 1.3565733819977912 1.6382722705689692 1.9597603119479858
14 14 2 3.429162727084049 0.22438914781520822 4.7547779297973936 1.6977464026691342
10 8 10 4.098398637910868 2.1378374670105074 4.419691668748519 0.4139758482737132
4 14 2 4.243256967548578 0.6002943977455764 0.12338609244402941 1.8244023357627308
8 6 0 2.1203226344297685 0.7164254863314575 4.2750839024781895 1.4021726258608003
2 2 6 2.362446286867581 0.23369408165604394 5.25245351123325 1.8260487745861667
14 4 6 1.1182195705419011 1.3444455579569545 1.9365020457167805 1.2180045139776343
12 10 2 3.9404118953309784 2.0565483678501604 4.612642860426414 0.52108289785453
4 4 12 1.416249764850517 0.7801481769991296 0.04216779577995026 0.8627417501267417
8 4 2 2.5631520641950156 1.5529207647587269 0.7994294788799656 1.5743219422303747
0 0 2 6.1940621786425965 1.6559604436475426 1.2309959666021133 1.6991682360523548
2 0 12 3.657741577978802 2.362994944709238 2.2705757175787236 2.7175037299898253
4 8 10 5.344069943819165 2.6362877710751937 1.6221484888555864 2.1276182637923107
2 10 10 5.011955692398972 1.395024549101712 3.142243992239282 2.0416268722936546
10 10 6 0.9371324290308876 2.1756427086336445 3.7530910538859854 1.0348507346369589
12 10 10 3.079050493360402 3.1371008445993107 2.554492971711465 3.1110727547020898
2 6 8 4.255255020767941 2.864798463680932 5.609071177022557 2.9967361694282406
8 12 10 5.624288471974914 0.42926801995598324 1.1338772793283527 1.5229680811501667
0 6 14 3.10783724782844 1.9360383178461946 1.6407174287437714 0.12228585431465705
4 8 2 2.9557190445234243 0.04983059725928479 0.3578151994104387 0.3374429183199732
14 6 8 3.3040593028815506 2.9063257918729892 4.345016367467876 2.145305754363132
2 8 8 5.185430456365046 1.9492239837340404 5.144240842376941 2.406378548760054
4 10 12 5.785926032091239 1.4244717728016758 1.769872860862934 0.2556997736001615
12 4 6 1.0570148129512638 1.7315041847224304 6.268901846246377 0.15208053179579298
10 10 0 0.3436441974185059 2.6738012217853018 0.7563476930443583 1.7186539947471315
0 12 14 2.74547267032937 2.0019785766526974 0.5648799802922044 2.4747051040798627
12 0 8 0.1529540010696437 2.664801078228642 3.670461911730282 2.7563146819490587
14 8 8 5.20430573061896 1.782262412671784 2.543418173620865 0.8904418184046933
10 4 8 4.86538609831592 1.2309953226578128 2.845927946604317 2.614581774674739
2 4 12 3.299023686056137 2.163754912186761 3.872273170558423 2.751607932886403
6 2 0 0.6175977226752718 0.46663086589523595 3.5306516506676497 0.476670920305354
2 12 0 5.124405720929836 2.320805485056162 1.2465160130017239 2.310408368558748
0 4 4 2.1518701335455797 2.0639900113532534 5.707159487155506 2.803031823651523
8 12 2 5.687343800658826 0.22407012687255262 0.9477921302228688 1.820049407794383
10 10 8 4.481306575566915 2.321855016504472 2.9927596801706606 0.6771416249510794
10 12 14 0.055439044459499626 1.4113360642232569 4.533174406541896 0.4083561402696085
8 4 4 1.224417094581149 2.682624709502571 2.3315392609152865 1.8236939839570274
0 2 0 4.909728604016163 1.7102829654036318 1.6911335766214899 0.6701012798745243
2 8 10 0.01789588071077947 2.6457160599266962 4.621424897999335 1.7094829108987153
2 0 14 0.22300146034825666 0.5849500248638348 3.7427085279887096 2.127439581671976
12 2 0 2.302711118871239 1.5492301382497622 3.1502823964454016 1.2368791928379772
8 10 2 0.314884180353097 2.6504549174159213 3.2424576700344114 0.7016581041171148
12 6 14 5.758347848581062 2.771697759404331 3.604999075825818 0.4343645903356231
8 0 2 5.842397241171171 1.2704354946888503 5.995737858272435 2.3928572307757827
4 0 12 0.9268437248836717 1.4242023127622607 3.5225420263559557 1.5830832593657571
10 6 14 5.593342050036411 3.008788922279204 0.4776565152895759 1.6440776505551762
10 8 2 1.6571409504529822 3.0245782383391853 2.4720489281487734 2.185054069375124
14 0 0 4.054291005617948 2.9349267819588736 5.404220105824702 2.5778084480628882
8 6 12 3.7254260170628757 0.50276580258843 1.2373193943059428 1.0380909931063438
2 0 8 2.107667422923741 0.8352529389491162 0.2518242255737259 0.12260400382452125
8 10 10 1.196357390296024 1.775334763053638 1.7546288599838304 0.49141293523978635
12 6 4 3.006839317566335 3.135377335520727 4.602772434706581 0.5466399314926165
14 12 10 5.73293805303569 2.061758613079065 6.039516061148761 1.5613385242490458
10 2 4 4.555304437141302 0.36882280246302657 4.5917416448727835 2.915581109030484
0 10 4 5.17566255052707 1.7608409984638183 3.459699118948477 2.2747603159930754
8 8 0 3.1327389898294826 2.2239077827582685 4.433183357740198 1.1348928909457325
14 6 6 0.44181602867162845 0.6102886728378112 3.1574996460058515 1.4377995816688962
0 8 6 2.185867953842681 1.1978967774748632 4.301303618108747 1.6909744180738249
0 8 14 2.771377930834782 2.6057868258120136 3.5351248931972865 2.891003585537428
12 0 2 2.2281472962409765 1.7780676351462423 0.11251556492683897 0.2583973972253125
10 12 2 5.79416986350971 2.0603871991257416 4.222782928914844 1.0989358371437428
12 12 12 6.081689895518821 2.9856550653177587 5.586366092381399 0.7862394276227083
2 10 12 5.431373139893761 0.37760567120349264 0.37445537559008735 1.7008451309966481
10 2 0 3.553150439853315 1.7079677970331535 1.3825499961916132 2.9605221066935874
10 6 12 6.0548863083670525 0.8624500276981735 0.7536104675247505 0.43022973363301736
12 8 14 0.4414334740381329 3.0447822142037553 4.374891146570839 3.046704676674943
6 14 12 5.467860552695616 1.1921722124876537 5.815683287454862 2.0637881328301586
8 4 8 3.9627884033892475 2.3871036585229004 1.9900195805213565 1.9501558818135674
12 0 6 0.932635265682242 1.6022159013379962 6.059518227059585 0.24911091131130092
4 4 0 0.9502288111449836 0.44342241020587164 0.5926677843392104 1.5385015435012799
14 4 8 2.6962098217706436 3.079498098502425 3.7859095455240617 0.9787042342584636
4 2 2 0.3550699734397123 2.0101578790126955 6.008336141506346 0.7177136663000379
10 4 6 3.8342315682225925 2.4557357936141315 3.802035089885827 1.7052234371916455
0 6 6 0.9497059906330155 0.060629871509087045 1.275361503889501 1.4952018895378998
14 0 12 2.3326941263459147 0.49347047872333266 4.241624224793437 0.5351329805356501
0 0 0 6.034766523878369 0.6839828522417747 0.9358782009000062 2.8466263338728015
0 10 2 1.767179070893214 2.503539014075075 2.783635712540454 1.0731967621116978
6 14 0 1.7592152238477452 0.24706024022589712 2.0565084488508116 1.6234039169107966
8 8 6 1.313208705263461 0.8533221470529508 0.26154804382606034 1.6620555023142998
6 0 14 0.6598841040557013 1.19847014142588 4.982910742938385 1.5447675838169241
12 8 4 2.4268927243118714 2.1284440129209 1.2065461396231656 1.9978954507260709
8 6 4 6.005519755001238 2.3851705084384944 0.6301750805366354 2.617863939998051
2 4 0 1.3938536091466909 1.663029862603698 0.9103269022874921 2.673567213087727
10 10 4 2.325579046255659 1.474022519208207 2.9524433751639982 1.4651017354488922
2 6 12 2.080225253693923 2.9083479238822783 5.135005492178764 1.5193316031302415
2 12 14 1.8847007543207333 1.0980125185793927 1.7660928991714846 0.04798873374385283
12 14 4 4.044837921085331 2.5231727100754417 0.3012980038301971 2.2776826426078407
10 12 6 2.330982663718266 2.361815664538367 4.7909273879638095 2.753190105649697
12 10 4 0.4984598267611812 2.774244873427897 0.1427624737824698 1.5835917795021117
14 6 2 1.8134229033036082 0.626342996216197 5.685077156872556 0.6535635897298714
14 14 0 3.3228495217781973 0.9139139240587664 2.2511077884098603 0.45101989910916146
2 12 2 2.2976382497164947 3.1194397303385766 1.9134627161480742 0.6372307294951501
6 8 6 3.594294157346752 1.615186243283567 0.5872217416090116 2.3525571189751338
12 8 10 0.43116927172386604 2.555660203097236 0.22761797066538608 2.251701654926383
10 14 6 0.570095731407707 0.6754750296562825 5.645204503863119 1.9714356050127952
8 14 4 5.229310010319185 0.09358154882961325 3.372356243852778 0.5366049163195785
8 14 6 4.817165044935595 2.2865997033751952 3.3244541267792544 1.9434348297691415
6 2 14 1.4096359636285722 1.604214448986048 3.7190548597214126 0.34600690713198884
0 6 0 5.020567422325788 2.170576528795614 2.232831586472632 0.04002904228577717
12 8 2 2.3278368369574323 2.3071602577944277 6.001407325275327 1.6762942253175062
2 6 14 3.9768631255935705 2.4289139187060442 0.01861388264159827 3.093177860104656
12 0 14 3.767153925083889 2.4375677076662985 0.5984272025159513 2.580634516149667
12 8 8 0.6496804579588957 0.23393486037118852 3.4875418994035026 0.7844488757200964
8 12 14 5.051057549325543 1.4755083861042495 0.42604764751309454 0.1771164872425357
14 10 4 5.257225911485926 1.084210689791893 4.33664653147788 3.030566484320611
12 12 2 0.4536442729647825 2.979876089716384 4.9253642445807015 0.32375063140775506
2 12 10 5.748470218609355 2.021177942597373 0.41786498371909575 2.239340754383469
8 10 4 3.491087026161349 2.475319410510051 2.770366371092534 2.9835764348505283
6 10 4 4.717340954493503 1.0025069744724662 5.141021085465886 0.37543578475452816
0 14 6 5.328476740235092 0.7516646373055434 3.9499988165629283 0.5727175541191473
12 6 8 1.6637668634888128 0.8543074539532208 5.780406597612354 0.7229070715916399
12 14 14 5.626574574708727 2.7476426501770765 0.4659096015976933 1.6062110302457946
6 12 12 1.7372840820325168 2.025550418317406 3.4555003687097408 1.083470157532975
8 2 14 6.142596664673753 2.4207305394500103 1.7531866439507886 1.855972303115108
4 4 6 1.2718235363522512 3.034582626196257 0.6916489507587383 1.5856274516166087
4 6 2 5.905962205169688 0.4672263506855952 5.542206299005927 2.7307196795078554
10 14 10 2.0282889138840394 2.5900575815726383 4.183587492689313 1.459497615983341
8 14 8 4.771298649813174 0.7613873932096895 4.53846481964914 1.3824977453206717
6 8 14 3.536434520758947 2.5568966226738135 3.9752439391554275 1.4086913834492871
6 6 0 0.9822079516365818 1.2362060424730899 2.9701602803349183 2.54567964370042
8 12 12 1.8335296088128306 0.02807625438735418 1.6492558280099652 1.0022956889613803
10 12 12 4.811240103459231 0.5064797730449772 3.123293205635531 1.4847547569096964
4 6 4 4.8013746473795775 1.9222878956220906 0.3963046601797326 1.4645176517808316
8 2 4 6.076236211080406 1.1566416701727864 4.218606646254443 1.9118038469976413
4 14 8 2.639067483918786 1.0192687126740445 2.7831144919838953 2.8672464438478107
10 10 10 5.933225366186222 1.1271719543149945 2.723800403066581 1.9897957634810608
6 0 12 5.785398119144769 2.294992176026328 0.67182727766958 2.4468672820478026
14 2 4 4.245157649877359 0.830106208240746 3.03986473205115 2.9712714550963018
2 0 4 3.0685181602291967 1.9463375873189406 6.228173817370473 3.0659293380974986
0 2 2 1.3205801339933432 2.028825435722021 1.5755037857707501 0.3038377955242841
12 6 0 2.1539036332614567 0.7356701112857507 6.2654054387039455 2.1795412992327416
10 12 8 4.632824899829678 0.9163146328008698 1.967061683026085 2.9413266337139037
10 2 2 6.2016256313459355 1.816902979438868 2.977501233086835 0.5080724285929543
2 12 8 2.5980375699479796 1.9029142551220428 0.3969319737856707 2.888285393962283
0 10 0 1.365505866177668 2.3597663989087065 4.360848465421991 1.7585693744622168
2 4 4 5.72283527461563 2.5337878878545266 1.6811450083116164 1.8696465103845874
6 8 8 4.968712806804866 2.28955150919606 1.2571479295842978 1.286849366524448
10 0 10 0.06447368946723497 0.2870182572731078 0.9467173291699462 0.7599738982455685
8 2 2 2.4680888392406795 1.48446486511377 4.091669869359703 1.5634027764261642
6 4 4 0.6659203678159793 1.6835492650335546 3.7694685387505267 0.6007080582950239
14 14 10 3.368220084206528 3.059542115164159 1.9770600120275061 2.1046102911677225
6 6 6 2.857473394500755 2.789793705480746 1.993861574988801 2.264102528498031
6 12 14 3.652671822150343 0.6647625332265287 0.29863356289905313 2.780843665196066
4 2 8 0.576560873507896 0.9177424752687803 5.996916123047136 1.9799416551151734
2 6 4 6.014642879125068 0.3036831940088791 4.089745784826729 0.868712335523927
14 6 12 1.6970045460523189 2.817253882391983 6.17942548938673 1.1410958589249254
4 0 6 4.7051216094370325 0.7177186121616886 2.9558278327761767 2.003194871174582
14 4 10 1.7607732343562834 0.7224861873764804 2.4731402029388057 2.8455636083983524
12 8 0 6.227224645630381 1.7592976673223575 4.413355537218365 0.44966615214597333
4 0 8 3.083146575399463 0.9664520037251368 0.1536867244595144 0.9357915067515785
4 14 12 0.7077214205964161 2.2617520793200265 3.622369754354171 0.37297531400976064
6 2 8 1.8096017372429771 0.6883425635433638 3.67840745639244 0.6920897102097043
4 8 4 5.369525021308573 1.242462454774997 1.9007867805605392 1.7472057333097262
12 2 4 5.406293399409268 1.2597914613756058 2.012271173297239 1.4355621885254388
12 12 4 0.5631700522285754 0.7455094339202737 0.4285995425610666 0.8160706131110632
10 4 0 0.43187575860050886 2.914087142497127 3.8283245012886016 0.31300331637521966
0 12 0 2.3321669121781663 0.8883984072896299 0.1085735317775103 2.3348869207604985
8 8 14 1.5445959012408321 0.9958644846593806 0.3607594979368587 1.5487495334983932
6 10 6 4.656123054962313 2.519576146083754 5.518048790989812 1.8832246954780012
0 4 2 5.127433978234333 0.5659392726944824 4.336476064253193 1.7181994204342972
12 14 6 0.49849864672833655 2.200313669940998 1.367571397684777 0.3593291229409056
0 8 0 6.002468542715833 2.18438577578368 3.214867681748565 2.7545063695581478
14 0 6 5.7068061809903625 1.7629869917767593 0.4753225827598699 0.3754558779076399
6 12 8 3.822958183606194 5.23327214513334e-05 2.099621389251063 0.21378479284666035
12 14 8 5.90606662325175 2.005583334129568 0.4700965440209665 0.0373147907042864
0 8 2 4.327734337429973 3.130268707064281 4.828230871519723 2.818021749260414
4 0 14 5.2400805270092015 2.553061507048373 4.139004625318642 2.113617341109064
0 10 12 1.6175797641091794 1.0689342913593807 0.4897788239587451 0.4173389806062403
2 4 6 0.003138418367020572 1.3945601913737766 4.807924679898882 2.7683121658842
12 12 6 4.386475913739049 1.6429717912053405 2.8977122086216887 0.7838164959214405
8 10 14 3.1311936835344025 2.855019003087089 3.014577638008523 0.539670389147435
8 6 10 5.879907133509458 0.1781992101186779 2.584762858997084 0.7753090459394784
4 0 4 0.9770255787775971 0.4103232244844663 5.4892114539059556 2.905788852822723
6 2 4 2.6704067242834117 1.4139894783593157 0.20559284133193576 1.6117005339774133
14 8 4 5.23559337447571 2.6412363546646507 2.6221668396207236 2.0737056744207996
2 0 0 5.037939282030827 0.16278867836264685 4.43775788093139 2.833371081847523
6 8 10 4.332606273307005 0.8940466897531176 1.4473324121700226 0.6916418087261181
4 2 10 5.508237135975115 0.3843367698326498 3.746614646497682 0.2445612264269817
6 12 4 1.4857753354592211 1.6433562020648929 0.5262202111794446 1.8280960666862283
0 6 4 3.29960942194566 3.0819674726070585 3.8173204687251787 2.433247598139438
6 2 12 2.1651979855503987 3.1012734413496754 5.215069905431511 0.19850229950500622
6 10 10 2.311629353154362 2.5920104816711516 0.8693862973961785 3.006753850739979
14 2 2 3.8651885634419267 1.6352579711334232 5.131279894148626 0.15008238919382919
8 14 0 3.6208333370625874 1.3855906701771294 0.28389694954416866 0.21123150562024612
4 12 0 4.854756505962579 1.6346262203524986 2.412743275626142 1.781200843915788
10 6 10 4.253480683171892 0.1930888020588776 0.849979400794399 0.15934442462280524
6 14 6 4.684157558350018 2.9886359315925644 3.9171773158993624 0.1728434943900712
4 4 8 3.24103210361188 0.3362633560491799 6.0007116549228146 1.321487328364846
10 2 8 2.288356286961696 0.5452787869086472 0.9359643633108692 2.582716247851227
8 8 10 4.875105665962036 1.5920644551929848 1.4481089036387782 0.4865583776644606
0 12 10 4.326551671640591 2.9927482973266875 5.924875699815044 2.5077801885106497
2 10 2 3.789296991180645 3.035020868392325 0.0417343552898337 1.8153039170825602
8 8 4 3.3848297343738922 2.7763325151096683 6.0482818010598045 2.854650179046613
10 2 6 3.0665458114556166 1.6324873476807213 2.865926045066812 2.851292923360126
0 14 8 6.104485681394936 1.099960776128121 2.005499588106306 0.4067717265898088
0 10 6 1.0613378004696914 1.2977719334890012 5.076711701478754 1.1806361651724024
12 12 8 2.0367329314869433 1.8686978675655421 2.564017178045619 3.015220494922566
2 8 12 6.062555773602219 1.7815354273451842 6.22946138058369 1.348417659743756
2 10 6 5.962080316977099 1.6504932229710576 3.20336101131335 3.100762173877358
8 2 8 2.9435668878833954 3.062880176202717 3.249342745204476 0.23189161594171503
4 10 10 0.5671319993390745 1.6632248213094047 4.762976308836609 0.6509484606149863
14 4 0 4.804982719984422 2.2758766587017454 2.2814686189570317 0.029113132673327494
6 14 2 3.431807639749987 2.5679764040007966 1.609047216359997 1.7274644183429284
2 10 8 0.5630962461073596 3.0022119849975986 5.928067732668269 2.2009837919716064
10 10 14 0.6378690240733544 0.012907919203872227 5.011388541154841 0.5142416067957893
4 8 0 0.5758210590802493 2.423000033777859 3.1200381074244854 2.138611274437019
4 14 10 3.8666325757501054 1.5088386608216233 3.315570814432508 2.029400188701109
6 14 8 0.26067187232865574 0.9947388589019835 2.278437113204012 3.0092292692346945
12 10 6 4.454669481455933 2.161944603832384 2.6174193732588287 1.506905480590659
0 14 10 1.3111399543267686 0.17909603946371216 4.072722287227745 1.7192571014673377
8 2 12 2.2379265518725364 2.8642783281244486 3.016821950795953 0.5398234408510887
14 14 14 6.213923543974931 1.468785618804549 5.219369476031741 2.8095790803202343
2 2 14 2.8644789942632687 2.563557766822104 3.097510489129145 1.3717539489310844
14 14 4 4.755422029906157 2.4492152401687335 0.9560162209795665 0.6069935265424852
8 4 0 3.0947203857710166 1.1197985518554987 6.169210937364284 2.5870651184231557
2 0 10 5.970928425134878 2.924025020979228 0.2552184215117254 3.021962794823291
8 0 6 5.0204883004669565 1.0178154762896443 0.48005171857445705 0.06526851454982235
6 14 10 5.474347130548467 1.1393741282675476 5.399557617295686 2.462487802311602
14 12 8 6.17328601235505 1.780654225485663 1.151459575056856 0.602951172859358
12 12 0 1.1169842508994587 2.553912306270802 5.2518579020648675 0.18153970231463923
4 14 0 5.156594901523437 1.944433307912037 0.22540221720750708 0.6562219632836813
10 8 0 2.1904948509578945 1.939396198969849 6.073744145451498 2.243238617450982
8 0 14 1.28679833474475 2.662998584548491 2.760819526851745 2.977638967481158
4 8 12 5.036616562741558 2.685701673820817 2.132984129896605 0.196787968456766
12 10 8 5.5989029194053614 1.6507844573299728 2.474792324257681 1.158271824550643
10 14 14 2.9995450616048696 2.6283651145625484 4.597117709446724 2.1117087150878695
4 10 6 5.215497700439455 1.871899501806758 4.916550054450155 1.6435472181250108
0 14 2 2.5841530715230916 1.9020589794295604 3.9318869222447685 0.9673225786956855
12 4 4 4.138377722326011 1.5368939823691232 2.7048022004221464 0.3351671028798642
8 6 2 2.9348882735909716 1.5227229390705772 2.712778542764815 0.5456881615613977
2 4 8 1.6504904366416737 0.3880613137742673 1.3619225120125358 2.7540678107742074
6 10 12 4.3724413999182925 1.377597909290753 5.433470172234229 3.0384385411597616
10 0 6 1.5072485729382084 1.137512529689218 1.139227650187689 1.4379153891289778
6 12 2 3.7548406926332056 0.5905474939309137 3.746400991767127 0.7422747155737107
12 14 12 2.1224472847267024 2.5595610272776894 4.56443916774298 1.120783734504829
4 0 0 0.39024449105404546 0.44416954690174426 3.8612320239800417 0.7043882517255756
10 14 4 1.8481434703923814 0.8538441852684918 5.062422112501436 3.0688517448754418
14 6 0 4.050401101970974 2.9984044159956698 3.4117302257676863 2.597730309147263
4 2 12 0.6207219692786508 0.7558252880811027 2.9954214174895823 2.4458046474389135
8 4 6 1.8441349989712934 2.3475186512225275 2.121162153940813 0.7781750393309961
12 6 12 4.551019332970799 3.1250197955850303 3.061309810063781 2.2724354212452265
8 10 6 0.47613043202871064 1.9612455255366281 0.4841836539745676 0.29232577086464173
2 10 14 4.507740470228651 2.1961798264476853 4.061202195495472 2.811497203151334
14 10 2 3.103649128458382 2.966013921042737 0.13846051477613952 0.3784618588859782
14 8 10 3.350665072374355 2.320349596780663 5.628423967324632 1.3136773704689142
6 10 14 2.4161304377882553 0.500566292041762 3.9084649072928483 2.3948024420416947
2 8 6 0.40154740105359704 0.8833047344065938 5.7121983064846145 2.474305466676851
12 4 2 5.144108075958443 1.8338976412060566 2.0903675931283416 3.0488513448592194
12 2 12 6.162082665264023 0.19880295366302658 1.3108659920664347 2.146699445949044
14 0 10 1.1840943722010249 0.39145595702466024 3.87193418390671 2.6237179768884413
0 10 8 3.207024984112898 2.9604315470333473 3.0975853407486658 1.1750894978091277
0 8 12 1.5697785688850763 1.2269112587562603 0.6826321606444694 0.6485555554152705
4 8 14 3.6960053356322464 1.867708827150948 1.6897471665566675 2.37746834599282
12 2 6 3.731881229073237 1.4244045888762986 4.2169206558704975 1.4806563801420995
4 2 14 1.3350619926248808 2.752810578524501 5.818468519773885 1.667302246957234
14 6 4 2.52802064170667 2.992341068315964 0.5231790186944709 1.033210860444469
8 12 0 0.9317230640675945 1.138349529153774 1.4362311653930042 2.1564316354906903
10 0 8 2.96802298736044 2.9676610257221525 4.460148955699843 2.9706496234352486
4 8 8 1.980279868875801 0.2667219626406502 2.232959942520999 3.0053672595147134
12 10 14 0.6873363399784441 0.114719860595789 3.811867769564324 0.8911262497542054
0 14 14 2.7783641884845136 1.6219580975422387 2.671660110298731 2.136465232464081
12 10 12 5.315856355264359 0.1900545110636394 4.883250207741476 0.7517511918361456
2 12 4 1.3443806990818563 2.222242165519642 3.585601841701261 2.892105056392512
14 12 0 2.284676849570961 2.295364870450249 1.9378999422999148 0.46380996299794297
6 10 8 2.1981500851593325 1.3904657685906423 0.6768674788563771 0.44213071723965125
6 14 4 4.637709980570421 2.5179553923899127 0.6308487480911268 2.179110598220467
4 12 8 5.346467625416236 0.9526336857277867 4.992686834186814 0.6921361346840273
0 2 10 4.684369537902226 1.6189661283884318 5.111422127339309 1.8562099644308587
14 2 0 0.2729810563039949 2.3149746871602406 3.1748454445951393 0.5121595967271012
4 12 14 0.05725615231564622 2.952376247533467 2.2072306199606486 2.933246366384964
10 4 4 1.668730775047914 0.7519699998727705 2.222690133606829 2.4854798829859455
12 0 4 6.093398912206148 1.5401367494582734 0.7241587808579802 2.6753119179444043
8 14 14 3.717919714395867 1.8386209087594454 3.530087540345769 0.9317393268088893
12 0 10 3.769358145564058 0.19841202066070954 3.598590314558353 1.3055744256576278
10 2 10 3.302827661413255 1.554075313634044 0.666708069823315 1.2636604651255228
6 4 2 5.216753050633743 2.135653102404661 3.39414668145789 2.961704055113756
8 12 4 1.9834809385977425 2.4303517875443394 4.378253159053828 0.8130437845256435
8 4 10 4.194087131226497 0.3281796817438865 3.1280671588239057 2.2916970933531724
10 8 14 6.076243050645052 0.90487760412531 1.4646438687838277 1.3089675827765204
6 12 10 0.847811913295944 1.7994390804084093 5.656235898153066 1.1074896932328884
6 0 8 4.986599768556967 1.7183694660100384 5.860628841093099 2.6084576196714426
6 2 2 4.014077543908511 1.0216245937548791 6.0624951554810735 0.8609827109533505
4 10 4 5.038299327586701 0.7096719872212456 2.6250038845121964 0.6461243531185231
2 6 0 1.8489792401621807 2.448167464972314 0.2501740015750863 0.7222455073556414
12 2 8 4.02683264315791 1.780284184758738 5.912345113524041 1.575966113885657
2 2 12 0.6575625086183766 0.9847600470533648 1.6752834820710047 2.691820494399753
0 2 4 2.293581544286196 2.859242098864737 0.9397137880103212 1.2779718909281443
12 4 10 4.393302316823419 2.557517659936302 2.979563874658897 0.12646884826308796
6 2 6 5.2421505200078045 2.98214479165455 5.415093872376108 1.203500764366689
4 2 4 3.6002311021090794 0.3288456342585422 0.9987718290232176 3.0950652821360287
8 6 14 4.9247447083772 2.575803859416746 0.5594226464452113 2.1669185820999544
8 8 2 0.1294285999911398 0.14659740919787445 4.462632027726622 2.7391393617112905
6 12 6 5.4960671581404785 2.949919377625765 5.0804100403579335 0.8076043269684982
0 12 8 2.2212972086907357 0.07185868876303339 5.022538143508053 1.06062421824119
10 6 8 5.9311026679928744 0.37137249342637574 5.440253732151906 0.9918677713250214
10 0 4 3.5218910750731163 1.8759110134648398 2.8459462527778876 2.3303619125057087
4 6 12 5.683419381189195 0.08740732655931384 0.19225354062980493 1.682630014738825
0 0 12 2.80643860333223 2.246809581004409 5.588421376946431 2.276451341862022
2 12 12 1.8743064910708986 0.9238993286731881 1.9649723303500441 2.5913449324538136
2 14 0 4.205897398551332 2.0405755711522238 6.14142476461128 0.7076626196817698
2 14 2 2.0220088650079684 0.7090486975566875 2.75788728436797 2.510165167699957
8 12 6 0.7049986366967107 2.277965083931396 4.753495740004322 2.270318464648634
6 10 0 0.6846741856398827 1.4485079687568192 0.42517710435294387 2.7989990318198354
0 6 10 5.431948549255659 1.9488076280696178 1.9351012651282398 0.5456892300808722
8 6 6 4.323051786284917 0.2913473725071117 4.268948345059614 0.05321217930254259
2 14 14 3.686144607584679 0.8152172649730405 1.7160368040499068 1.0129119929847128
10 6 4 3.7688238024797367 2.694456429239542 2.1179070108736435 2.516849737978415
6 0 10 6.000447575803479 2.6168449614353158 0.36995442068439827 0.6874587355470034
0 2 14 4.17728000467693 1.7197956214022216 4.52848926580827 2.3851184988247485
2 12 6 4.461268907879319 2.9736777087513664 1.7728230804333756 0.9583494149088357
12 14 0 5.228866970731077 0.32920563802648756 1.753283443894414 3.1291658430619647
14 4 12 4.236619398496711 2.4103297791654157 4.845198245667165 0.4637364254218474
12 6 2 3.4219372787957716 2.157886508472014 0.8877468500214695 0.25854863769416786
4 4 14 5.877627183657527 1.2866298033685626 6.153601223174602 1.1363101667767035
2 6 10 1.083596155529595 0.37242259817749895 4.923576144839459 2.79452358257052
0 0 4 0.5112384957690922 2.8466538985894654 0.014339103418884802 2.006013208796882
12 8 12 4.897026913811987 2.5987772945222183 5.136491234846205 0.4962644105054252
10 4 12 0.24821843251480274 1.3331663005018306 1.6959064944428726 0.5287309639479058
8 2 10 2.083622564605167 3.11324268369293 0.38631434952612265 0.347967695909411
2 2 2 3.8873917078312066 1.379435081006995 2.929623010659599 1.8612557724996353
12 4 12 0.5818774249093379 2.5298376830839326 2.0194509808847614 2.960718918529784
0 4 6 1.0034899374757973 2.5544072380174416 0.6922100360097706 3.027427549644018
4 6 6 5.509948215901423 1.3993108322322627 3.281982457385684 2.52984231528802
10 10 2 1.3184273145152945 0.5553008419161025 0.22863644901973795 1.3278802830912735
0 4 0 1.7674931527395816 1.2583383901994052 3.5909939883177304 0.7796559934219502
14 4 2 0.52544233960403 1.7081313442043746 4.6751506607703 1.3378984292374723
2 10 0 5.0849938456223365 2.960244872286503 4.5938581854154865 0.7670174966426005
6 6 10 0.5311308156611863 0.4640352043972475 6.070882364636175 1.0256227323974196
8 0 8 0.45326857952300315 1.7342346461531417 2.958497251876747 2.340851602786276
2 0 6 2.065756655297627 2.581021980975069 5.993353024492923 2.9984954748801953
8 14 10 4.245846925979876 3.025866860934796 5.990008698891079 2.1842327035780293
14 10 12 5.858405093734851 2.2504663415611783 1.1077727939758326 2.6447501190320657
10 4 2 2.9986880139885437 1.923902354290418 4.1121089432789155 3.0486481646537693
10 6 0 5.915159786435157 2.544064330460688 4.178167722638214 1.7074291286665395
0 12 12 1.7379086320989283 2.7303475380161997 2.8871492633109646 2.7548650521895306
4 6 0 2.8158623680975197 0.7122705698633822 2.2688946671146706 3.1096179842338696
0 12 2 5.860023060049055 0.5286524433943134 1.3363268761586609 0.3784345146458735
14 2 12 3.01073108375794 1.3174172062814846 3.1556299586819887 1.8587087467057273
0 0 14 2.9334107833219325 1.8513167553861778 3.7048461012578726 1.7417499471369235
14 10 6 1.5444269554936656 0.2558116257073607 2.3960801068143733 0.1695162351258646
8 14 12 5.734886787086583 2.659573227458595 0.48719090367338813 2.292182198732332
10 6 2 0.4390072671164338 0.9403525747214964 0.5166300968625849 2.4141428019783024
14 10 0 1.7300519760294912 3.003752496979458 3.378037847702508 1.23780076926847
6 8 12 5.607270301605728 0.3855898377114901 3.20954128377327 0.7531338738999361
4 4 4 4.669353101151782 1.7036105135713118 3.9038766874997433 0.5569871980056517
4 4 2 5.998876664972667 1.3613638477130707 0.44781930460757935 1.9349114910347383
4 0 2 3.672322061065678 1.2948833637424082 4.8350160506708875 1.068124405074665
2 4 10 3.374283265830141 2.178456626279439 6.0970562682358045 3.0640399048699827
14 0 4 4.364352058807108 1.2822918853605387 2.4367935128028364 1.7459384967257128
6 4 6 4.598850796375064 2.3880342744958156 5.679960888166982 1.011224284384542
12 2 2 3.712662669683251 0.39059145077830804 6.072501789028458 1.4054633441721678
14 8 12 0.4997022397332404 1.953778678375491 1.3499663104435868 0.7438255812269197
14 14 12 0.8192116108145546 0.7880846047526018 5.936271884726781 3.058936593129831
6 0 6 1.1605133957534801 1.275470249731595 0.7277278235099917 1.6784206142998868
8 0 0 2.3658844230355025 1.571055813692304 5.894149211130409 1.7163488472039732
10 12 10 0.18792769725586259 2.624658454934039 2.51305091733819 1.3397837021828862
10 0 14 2.3854449368562816 1.4686061206689465 4.1866755754519644 1.0428476580536727
8 2 6 4.303506557934358 1.1026740456854576 6.033555715947286 1.3533076900512013
2 4 14 3.761716242750662 1.0367157725216727 4.783666934432701 2.0043673341539687
6 6 12 1.5987050762204822 2.086522579910577 4.435371094739204 2.0544975069627194
8 12 8 3.225510210201141 2.1835375160832893 0.303063276501179 2.2330390069961474
10 14 2 3.226081620119581 2.659544276700757 5.561494861738524 0.16912163691307447