0 -0.0015218729824007643
0.05 0.001480385011237896
0.1 0.007225754426095326
0.15000000000000002 0.01567781740038172
0.2 0.02678150552609468
0.25 0.040459862510398084
0.3 0.05661143644761598
0.35 0.0751092264721748
0.39999999999999997 0.09580213203056766
0.44999999999999996 0.118519409430522
0.49999999999999994 0.14307684564397355
0.5499999999999999 0.1692822837607281
0.6 0.196940094703238
0.65 0.22585512570970107
0.7000000000000001 0.2558361030664165
0.7500000000000001 0.28669796576572065
0.8000000000000002 0.3182650241190913
0.8500000000000002 0.3503768176884179
0.9000000000000002 0.38289656370592356
0.9500000000000003 0.4157185204312441
1.0000000000000002 0.4487687307198733
1.0500000000000003 0.4819977929890945
1.1000000000000003 0.515368516973407
1.1500000000000004 0.5488428220935064
1.2000000000000004 0.5823692357572157
1.2500000000000004 0.6158713040087084
1.3000000000000005 0.6492400537217244
1.3500000000000005 0.682328678727329
1.4000000000000006 0.7149408888569805
1.4500000000000006 0.7468177675710966
1.5000000000000007 0.777637562135243
1.5500000000000007 0.8070309948825587
1.6000000000000008 0.8346079252965275
1.6500000000000008 0.8599934049239321
1.7000000000000008 0.8828701397411938
1.7500000000000009 0.9030188006044513
1.800000000000001 0.920345428114427
1.850000000000001 0.9348901564247706
1.900000000000001 0.9468176786239997
1.950000000000001 0.9563907559071784
2.000000000000001 0.9639296690309523
2.0500000000000007 0.9697684816706404
2.1000000000000005 0.9742229539611718
2.1500000000000004 0.9775751726982825
2.2 0.980071474974779
2.25 0.9819240034893313
2.3 0.9833112755884342
2.3499999999999996 0.9843789274794572
2.3999999999999995 0.9852370078490078
2.4499999999999993 0.9859596424905477
2.499999999999999 0.986591840145503
2.549999999999999 0.9871594869506569
2.5999999999999988 0.9876784780545578
2.6499999999999986 0.9881587656197953
2.6999999999999984 0.9886065252856647
2.7499999999999982 0.9890269855938145
2.799999999999998 0.989425352273322
2.849999999999998 0.9898058911053202
2.8999999999999977 0.9901713023832344
2.9499999999999975 0.9905229810938442
2.9999999999999973 0.9908614998594705
2.9499999999999975 0.9910377895411167
2.8999999999999977 0.9910959271675828
2.849999999999998 0.9910654016412632
2.799999999999998 0.9909661846673586
2.7499999999999982 0.9908120249197151
2.6999999999999984 0.9906124463432201
2.6499999999999986 0.9903740041526348
2.5999999999999988 0.9901011615761343
2.549999999999999 0.9897968616675785
2.499999999999999 0.9894628995513489
2.4499999999999993 0.9891002139160006
2.3999999999999995 0.9887090548678338
2.3499999999999996 0.9882891350723411
2.3 0.9878397120047623
2.25 0.9873596434814854
2.2 0.986847435993274
2.1500000000000004 0.9863012710992117
2.1000000000000005 0.9857190098979243
2.0500000000000007 0.9850981836370784
2.000000000000001 0.984435988695587
1.9500000000000008 0.9837292746405386
1.9000000000000008 0.982974520855631
1.8500000000000008 0.9821678121272612
1.8000000000000007 0.9813047814233378
1.7500000000000007 0.980380578937633
1.7000000000000006 0.9793898253490955
1.6500000000000006 0.9783265404810387
1.6000000000000005 0.97718409551099
1.5500000000000005 0.9759551060601426
1.5000000000000004 0.9746313749252954
1.4500000000000004 0.9732037665592276
1.4000000000000004 0.97166211083693
1.3500000000000003 0.9699950727095629
1.3000000000000003 0.9681900081583568
1.2500000000000002 0.9662327948823268
1.2000000000000002 0.9641076666906981
1.1500000000000001 0.9617970086874081
1.1 0.9592811362622714
1.05 0.9565380632843635
1.0 0.9535432237323418
0.95 0.9502691919711962
0.8999999999999999 0.9466853784641656
0.8499999999999999 0.9427577177573672
0.7999999999999998 0.938448357426415
0.7499999999999998 0.9337153376168706
0.6999999999999997 0.9285122708758982
0.6499999999999997 0.9227881322511705
0.5999999999999996 0.9164870334354303
0.5499999999999996 0.9095481084669641
0.4999999999999996 0.9019055295074121
0.4499999999999996 0.8934886792562332
0.39999999999999963 0.8842224638487239
0.34999999999999964 0.8740279098463917
0.29999999999999966 0.8628229360308017
0.24999999999999967 0.8505234692316557
0.19999999999999968 0.8370447824650997
0.1499999999999997 0.8223031664840101
0.09999999999999969 0.8062177686304094
0.049999999999999684 0.788712606699248
-3.191891195797325e-16 0.769718559225511
-0.05000000000000032 0.7491752708465438
-0.10000000000000032 0.7270327036097539
-0.15000000000000033 0.703252435307109
-0.20000000000000034 0.6778083782529931
-0.25000000000000033 0.650686975301752
-0.3000000000000003 0.6218866149674698
-0.3500000000000003 0.5914161773275072
-0.4000000000000003 0.5592928032495786
-0.4500000000000003 0.5255385717018769
-0.5000000000000003 0.49017694628486463
-0.5500000000000004 0.4532286756420659
-0.6000000000000004 0.41470828548925776
-0.6500000000000005 0.3746213705200085
-0.7000000000000005 0.3329633913158373
-0.7500000000000006 0.2897197749575527
-0.8000000000000006 0.24486635272990737
-0.8500000000000006 0.1983694789574015
-0.9000000000000007 0.15018426081993042
-0.9500000000000007 0.10025225193804423
-1.0000000000000007 0.04849920413832103
-1.0500000000000007 -0.005163667860207079
-1.1000000000000008 -0.060831652175296486
-1.1500000000000008 -0.11858899224979759
-1.2000000000000008 -0.17848365003723604
-1.2500000000000009 -0.24049314120467952
-1.300000000000001 -0.3044775838628483
-1.350000000000001 -0.37011971664331605
-1.400000000000001 -0.4368628171962522
-1.450000000000001 -0.5038683412063567
-1.500000000000001 -0.5700245836500338
-1.5500000000000012 -0.634015959487108
-1.6000000000000012 -0.6944454640205457
-1.6500000000000012 -0.7499934294818851
-1.7000000000000013 -0.7995850448304553
-1.7500000000000013 -0.8425288755816519
-1.8000000000000014 -0.8785821339490465
-1.8500000000000014 -0.9079255608597804
-1.9000000000000015 -0.9310724333017935
-1.9500000000000015 -0.9487608681993602
-2.0000000000000013 -0.9618595914388037
-2.050000000000001 -0.9712682424378487
-2.100000000000001 -0.9778287643093568
-2.150000000000001 -0.9822722133541022
-2.2000000000000006 -0.9851982776456039
-2.2500000000000004 -0.9870726963049078
-2.3000000000000003 -0.9882388016031156
-2.35 -0.9889423394381177
-2.4 -0.9893581298008437
-2.4499999999999997 -0.9896038056757902
-2.4999999999999996 -0.9897502169030815
-2.5499999999999994 -0.9898407385213938
-2.599999999999999 -0.9899089628263944
-2.649999999999999 -0.9899829815151215
-2.699999999999999 -0.9900826294435898
-2.7499999999999987 -0.9902171187721621
-2.7999999999999985 -0.9903855701274752
-2.8499999999999983 -0.9905815051519572
-2.899999999999998 -0.9907972202720426
-2.949999999999998 -0.9910257630673142
-2.999999999999998 -0.9912623719116115
-2.949999999999998 -0.9913602343570738
-2.899999999999998 -0.991357376876723
-2.8499999999999983 -0.9912790341093151
-2.7999999999999985 -0.9911421047340602
-2.7499999999999987 -0.9909580177063176
-2.699999999999999 -0.9907345255483782
-2.649999999999999 -0.9904768437950878
-2.599999999999999 -0.9901884292814407
-2.5499999999999994 -0.9898714307365397
-2.4999999999999996 -0.9895270584929956
-2.4499999999999997 -0.989155781120087
-2.4 -0.9887574977307461
-2.35 -0.9883316344366209
-2.3000000000000003 -0.9878772272445475
-2.2500000000000004 -0.98739296229619
-2.2000000000000006 -0.9868772180175022
-2.150000000000001 -0.9863280478435253
-2.100000000000001 -0.9857432288661244
-2.050000000000001 -0.9851202125723992
-2.0000000000000013 -0.9844561415368873
-1.9500000000000013 -0.983747820176383
-1.9000000000000012 -0.9829916865412589
-1.8500000000000012 -0.9821837879919283
-1.8000000000000012 -0.9813197291269906
-1.750000000000001 -0.9803946443855799
-1.700000000000001 -0.9794031337125279
-1.650000000000001 -0.978339207689413
-1.600000000000001 -0.97719622180026
-1.550000000000001 -0.9759667856815403
-1.5000000000000009 -0.9746426853883353
-1.4500000000000008 -0.9732147756220212
-1.4000000000000008 -0.9716728832940664
-1.3500000000000008 -0.970005670816232
-1.3000000000000007 -0.968200491098239
-1.2500000000000007 -0.96624322568915
-1.2000000000000006 -0.9641181068169138
-1.1500000000000006 -0.9618075253144827
-1.1000000000000005 -0.9592917960520174
-1.0500000000000005 -0.9565489365588613
-1.0000000000000004 -0.9535543815973241
-0.9500000000000004 -0.950280707841676
-0.9000000000000004 -0.9466973360273705
-0.8500000000000003 -0.9427702188786938
-0.8000000000000003 -0.9384615033782774
-0.7500000000000002 -0.9337292413050063
-0.7000000000000002 -0.9285270692664808
-0.6500000000000001 -0.9228039722231381
-0.6000000000000001 -0.9165040833613032
-0.55 -0.9095665702556415
-0.5 -0.9019256275780796
-0.45 -0.8935106616269808
-0.4 -0.8842465980848682
-0.35000000000000003 -0.8740544618906535
-0.30000000000000004 -0.8628521951611594
-0.25000000000000006 -0.8505557428526161
-0.20000000000000007 -0.8370804099716739
-0.15000000000000008 -0.8223425126452875
-0.10000000000000007 -0.8062612256446632
-0.05000000000000007 -0.7887605906989792
-6.938893903907228e-17 -0.769771496800987
0.04999999999999993 -0.7492336054907646
0.09999999999999994 -0.7270969425835223
0.14999999999999994 -0.7033231681775137
0.19999999999999996 -0.6778863825143574
0.24999999999999994 -0.6507733548484815
0.29999999999999993 -0.6219830150859632
0.3499999999999999 -0.5915250764397286
0.3999999999999999 -0.5594179050772453
0.4499999999999999 -0.5256852787487691
0.4999999999999999 -0.4903530163795853
0.5499999999999999 -0.45344474766695375
0.6 -0.4149782035523964
0.65 -0.3749618107888973
0.7000000000000001 -0.3333926659624507
0.7500000000000001 -0.29025546317499973
0.8000000000000002 -0.2455222146069979
0.8500000000000002 -0.1991517088839739
0.9000000000000002 -0.15108804426432926
0.9500000000000003 -0.10125986695699139
1.0000000000000002 -0.04958133847826751
1.0500000000000003 0.004042948752938642
1.1000000000000003 0.05970765029989632
1.1500000000000004 0.11748999443817565
1.2000000000000004 0.1774284659851699
1.2500000000000004 0.23949353901218728
1.3000000000000005 0.3035429513730052
1.3500000000000005 0.3692605068719128
1.4000000000000006 0.43609043371786393
1.4500000000000006 0.5031923909846824
1.5000000000000007 0.5694500739545161
1.5500000000000007 0.6335424674217046
1.6000000000000008 0.6940681357891533
1.6500000000000008 0.7497045517447259
1.7000000000000008 0.7993752224854983
1.7500000000000009 0.8423881144982602
1.800000000000001 0.8785009222778997
1.850000000000001 0.9078949809870489
1.900000000000001 0.9310828882169533
1.950000000000001 0.9488022915155406
2.000000000000001 0.9619222515090129
2.0500000000000007 0.9713419063898172
2.1000000000000005 0.9779030152222623
2.1500000000000004 0.9823388935807346
2.2 0.9852528110420259
2.25 0.9871139107124342
2.3 0.9882675657448576
2.3499999999999996 0.9889604827631032
2.3999999999999995 0.9893684903058441
2.4499999999999993 0.9896103188279175
2.499999999999999 0.9897570836527873
2.549999999999999 0.9898506270986321
2.5999999999999988 0.9899224581308876
2.6499999999999986 0.9899997073403813
2.6999999999999984 0.9901012660999949
2.7499999999999982 0.9902348976286642
2.799999999999998 0.9903993270469664
2.849999999999998 0.990589052337873
2.8999999999999977 0.9907981602523943
2.9499999999999975 0.9910215001268706
2.9999999999999973 0.9912548622481666