0 0.0001369084540172433
0.05 0.01259431708496379
0.1 0.03370801756681946
0.15000000000000002 0.06068506183974651
0.2 0.09094864663813818
0.25 0.1229223968263909
0.3 0.15583274024850385
0.35 0.18926856407008827
0.39999999999999997 0.22307118228560063
0.44999999999999996 0.2572980124224475
0.49999999999999994 0.2922395708625577
0.5499999999999999 0.32835056040601923
0.6 0.36617185921036205
0.65 0.4063223892161713
0.7000000000000001 0.44949862637479293
0.7500000000000001 0.49662246156565754
0.8000000000000002 0.5485789672734006
0.8500000000000002 0.605640882040684
0.9000000000000002 0.6667552097813971
0.9500000000000003 0.7280212973174364
1.0000000000000002 0.7849095700400841
1.0500000000000003 0.8336430769256922
1.1000000000000003 0.8722404588811
1.1500000000000004 0.9005188841164817
1.2000000000000004 0.9202937423236527
1.2500000000000004 0.9336775694393066
1.3000000000000005 0.9428456596392739
1.3500000000000005 0.949305514884139
1.4000000000000006 0.9539993593550216
1.4500000000000006 0.9575851445372566
1.5000000000000007 0.960495172425479
1.5500000000000007 0.9631643854048906
1.6000000000000008 0.9656310724368903
1.6500000000000008 0.9677995060052269
1.7000000000000008 0.9697604381533446
1.7500000000000009 0.9715912014284814
1.800000000000001 0.9733147498864388
1.850000000000001 0.974923909858863
1.900000000000001 0.9764197569663103
1.950000000000001 0.9778007539372962
2.000000000000001 0.9790753682564004
2.0500000000000007 0.9802505182945673
2.1000000000000005 0.9813332854234315
2.1500000000000004 0.9823310159292787
2.2 0.9832510023111247
2.25 0.9841002502578494
2.3 0.9848853110360642
2.3499999999999996 0.9856122428968227
2.3999999999999995 0.9862865328272773
2.4499999999999993 0.9869131364457039
2.499999999999999 0.9874964854317766
2.549999999999999 0.9880405445378544
2.5999999999999988 0.9885488459591598
2.6499999999999986 0.989024543750379
2.6999999999999984 0.9894704388799004
2.7499999999999982 0.9898890366806297
2.799999999999998 0.9902825973598912
2.849999999999998 0.9906531225086238
2.8999999999999977 0.9910024295183549
2.9499999999999975 0.9913321315307823
2.9999999999999973 0.9916437032359807
2.9499999999999975 0.9916205186719936
2.8999999999999977 0.9914460978172591
2.849999999999998 0.9911952447842388
2.799999999999998 0.9908995782502115
2.7499999999999982 0.9905726017035892
2.6999999999999984 0.9902198066065212
2.6499999999999986 0.9898429204417841
2.5999999999999988 0.9894419296097476
2.549999999999999 0.98901580694309
2.499999999999999 0.9885630372015032
2.4499999999999993 0.9880816888976057
2.3999999999999995 0.9875695062977752
2.3499999999999996 0.9870239179253981
2.3 0.9864420362613875
2.25 0.9858206639440402
2.2 0.9851562313819043
2.1500000000000004 0.9844447206105326
2.1000000000000005 0.9836816672324605
2.0500000000000007 0.982862095361915
2.000000000000001 0.9819804088414796
1.9500000000000008 0.9810302923923306
1.9000000000000008 0.9800046780867673
1.8500000000000008 0.9788955615308363
1.8000000000000007 0.9776938899878114
1.7500000000000007 0.9763894222817315
1.7000000000000006 0.9749704874684091
1.6500000000000006 0.9734238146475185
1.6000000000000005 0.9717342473978824
1.5500000000000005 0.969884471760968
1.5000000000000004 0.9678546499706222
1.4500000000000004 0.9656219844874301
1.4000000000000004 0.9631602959504433
1.3500000000000003 0.9604394456280693
1.3000000000000003 0.9574247803749475
1.2500000000000002 0.9540763296625256
1.2000000000000002 0.950348139854152
1.1500000000000001 0.9461874588210891
1.1 0.9415338599633649
1.05 0.9363184383510125
1.0 0.9304630850318094
0.95 0.9238800634680329
0.8999999999999999 0.9164720551194341
0.8499999999999999 0.9081328634677769
0.7999999999999998 0.8987489592862924
0.7499999999999998 0.8882026421128846
0.6999999999999997 0.8763765178956032
0.6499999999999997 0.8631597956298915
0.5999999999999996 0.8484566082978521
0.5499999999999996 0.832194737839667
0.4999999999999996 0.8143341262640796
0.4499999999999996 0.7948734565799112
0.39999999999999963 0.7738546185394828
0.34999999999999964 0.7513623651198715
0.29999999999999966 0.7275146535551837
0.24999999999999967 0.7024427079341146
0.19999999999999968 0.676258505731227
0.1499999999999997 0.6490235698623955
0.09999999999999969 0.6207502017712064
0.049999999999999684 0.5914261788074
-3.191891195797325e-16 0.5610207150004497
-0.05000000000000032 0.5294886158715142
-0.10000000000000032 0.4967719205501911
-0.15000000000000033 0.4627744159125387
-0.20000000000000034 0.42734947195088735
-0.25000000000000033 0.39030897151367516
-0.3000000000000003 0.351430679904848
-0.3500000000000003 0.31045571690263823
-0.4000000000000003 0.26707674974405515
-0.4500000000000003 0.22091811492208027
-0.5000000000000003 0.17150307462563283
-0.5500000000000004 0.11820663543514044
-0.6000000000000004 0.060177674733769816
-0.6500000000000005 -0.0037898523617656108
-0.7000000000000005 -0.07546200030664797
-0.7500000000000006 -0.15729615541518066
-0.8000000000000006 -0.2519779285590189
-0.8500000000000006 -0.360819773251453
-0.9000000000000007 -0.4803194955315341
-0.9500000000000007 -0.6008341865137016
-1.0000000000000007 -0.710436193929861
-1.0500000000000007 -0.7994026926983647
-1.1000000000000008 -0.8636297943974403
-1.1500000000000008 -0.9057868542888446
-1.2000000000000008 -0.9311749453680921
-1.2500000000000009 -0.9458852384822136
-1.300000000000001 -0.9547648485653114
-1.350000000000001 -0.960257696132343
-1.400000000000001 -0.9637117565816792
-1.450000000000001 -0.9659178256649649
-1.500000000000001 -0.9673046699669616
-1.5500000000000012 -0.9683562428139785
-1.6000000000000012 -0.969418218051091
-1.6500000000000012 -0.9705251276524959
-1.7000000000000013 -0.9717125750132587
-1.7500000000000013 -0.9729818095024486
-1.8000000000000014 -0.9743090747011778
-1.8500000000000014 -0.975631296853207
-1.9000000000000015 -0.9769041507188612
-1.9500000000000015 -0.9781263746290062
-2.0000000000000013 -0.9792911975809507
-2.050000000000001 -0.9803918696704371
-2.100000000000001 -0.981424879120065
-2.150000000000001 -0.9823898019204882
-2.2000000000000006 -0.9832883860147396
-2.2500000000000004 -0.9841238274276418
-2.3000000000000003 -0.9849000869714764
-2.35 -0.9856214471125979
-2.4 -0.9862922506882196
-2.4499999999999997 -0.9869166880649078
-2.4999999999999996 -0.9874987064490831
-2.5499999999999994 -0.9880419500069219
-2.599999999999999 -0.9885497573997216
-2.649999999999999 -0.9890251572711308
-2.699999999999999 -0.9894708721615806
-2.7499999999999987 -0.9898893533722173
-2.7999999999999985 -0.9902828387027071
-2.8499999999999983 -0.9906533182891825
-2.899999999999998 -0.9910025966266564
-2.949999999999998 -0.9913322792322654
-2.999999999999998 -0.9916438365242337
-2.949999999999998 -0.9916206405814575
-2.899999999999998 -0.9914462026741142
-2.8499999999999983 -0.9911953434524076
-2.7999999999999985 -0.9908996829173448
-2.7499999999999987 -0.990572717134488
-2.699999999999999 -0.9902199353061432
-2.649999999999999 -0.9898430686755187
-2.599999999999999 -0.989442093122106
-2.5499999999999994 -0.9890159959916587
-2.4999999999999996 -0.9885632442362731
-2.4499999999999997 -0.9880819206311373
-2.4 -0.9875697696633717
-2.35 -0.9870242175196354
-2.3000000000000003 -0.9864423665881815
-2.2500000000000004 -0.9858210239350894
-2.2000000000000006 -0.9851566236755998
-2.150000000000001 -0.9844451643994806
-2.100000000000001 -0.9836821537230581
-2.050000000000001 -0.9828626287082753
-2.0000000000000013 -0.9819809975038329
-1.9500000000000013 -0.9810309471080332
-1.9000000000000012 -0.9800053896815211
-1.8500000000000012 -0.9788963222597061
-1.8000000000000012 -0.9776947008324974
-1.750000000000001 -0.976390264454445
-1.700000000000001 -0.9749713735002407
-1.650000000000001 -0.9734247471444942
-1.600000000000001 -0.9717352309503067
-1.550000000000001 -0.9698855039961307
-1.5000000000000009 -0.9678557323521013
-1.4500000000000008 -0.9656231217765803
-1.4000000000000008 -0.9631615034517376
-1.3500000000000008 -0.9604407385254267
-1.3000000000000007 -0.9574261720583922
-1.2500000000000007 -0.9540778733451417
-1.2000000000000006 -0.9503499276471791
-1.1500000000000006 -0.9461895963857256
-1.1000000000000005 -0.9415364621929923
-1.0500000000000005 -0.9363216744890562
-1.0000000000000004 -0.9304671962104463
-0.9500000000000004 -0.9238854256122362
-0.9000000000000004 -0.9164791689317818
-0.8500000000000003 -0.9081424422557547
-0.8000000000000003 -0.8987620191695308
-0.7500000000000002 -0.888220589088544
-0.7000000000000002 -0.8764011771847604
-0.6500000000000001 -0.8631934285264495
-0.6000000000000001 -0.8485021096302653
-0.55 -0.8322563660936858
-0.5 -0.8144191613293181
-0.45 -0.7949946134510921
-0.4 -0.774031370361338
-0.35000000000000003 -0.7516166206783473
-0.30000000000000004 -0.7278586625159911
-0.25000000000000006 -0.7028671418924258
-0.20000000000000007 -0.6767407464334064
-0.15000000000000008 -0.6495532285736
-0.10000000000000007 -0.6213305414722091
-0.05000000000000007 -0.5920491466668508
-6.938893903907228e-17 -0.5616579743057072
0.04999999999999993 -0.5301031017641058
0.09999999999999994 -0.497325941861821
0.14999999999999994 -0.46323600962756273
0.19999999999999996 -0.42771060748299594
0.24999999999999994 -0.3905847502442985
0.29999999999999993 -0.35164216785676344
0.3499999999999999 -0.3106202622510621
0.3999999999999999 -0.267206406822844
0.4499999999999999 -0.2210206663321031
0.4999999999999999 -0.17158345250460974
0.5499999999999999 -0.11826793732127457
0.6 -0.060221858780939594
0.65 0.0037616147961753114
0.7000000000000001 0.07545002975629572
0.7500000000000001 0.15730096843600938
0.8000000000000002 0.2519969874267876
0.8500000000000002 0.3608684320220681
0.9000000000000002 0.48044924277772505
0.9500000000000003 0.6010210701867413
1.0000000000000002 0.7106510648333826
1.0500000000000003 0.7995395918782324
1.1000000000000003 0.863641711160887
1.1500000000000004 0.9057680207695993
1.2000000000000004 0.931195777076638
1.2500000000000004 0.9459432501558385
1.3000000000000005 0.9548070315042622
1.3500000000000005 0.9602709683989908
1.4000000000000006 0.9636832759823734
1.4500000000000006 0.9658618193864218
1.5000000000000007 0.9672448739275074
1.5500000000000007 0.9682854870057447
1.6000000000000008 0.9693404850632925
1.6500000000000008 0.9704774379795066
1.7000000000000008 0.9717052949773008
1.7500000000000009 0.9729929610573437
1.800000000000001 0.9743106489996083
1.850000000000001 0.9756301685223023
1.900000000000001 0.9769029709663529
1.950000000000001 0.9781255431792438
2.000000000000001 0.979290652228058
2.0500000000000007 0.9803915183789934
2.1000000000000005 0.9814246605786274
2.1500000000000004 0.9823896699179024
2.2 0.9832883122572329
2.25 0.984123780238859
2.3 0.9849000581239958
2.3499999999999996 0.9856214270653817
2.3999999999999995 0.9862922417079454
2.4499999999999993 0.9869166860542482
2.499999999999999 0.9874987075119886
2.549999999999999 0.9880419535048078
2.5999999999999988 0.988549762415707
2.6499999999999986 0.9890251627432857
2.6999999999999984 0.989470879999321
2.7499999999999982 0.9898893642932866
2.799999999999998 0.9902828492583435
2.849999999999998 0.9906533277286333
2.8999999999999977 0.9910026056579911
2.9499999999999975 0.9913322881114441
2.9999999999999973 0.9916438471171418