0 -0.0014152890346723842
0.05 0.003313139013803037
0.1 0.012343720075296145
0.15000000000000002 0.02552188933694323
0.2 0.042603909368123576
0.25 0.06325450609528772
0.3 0.08706691553344706
0.35 0.11359493067139687
0.39999999999999997 0.14238119097836668
0.44999999999999996 0.17298339132353746
0.49999999999999994 0.2050018527215207
0.5499999999999999 0.23809703363209211
0.6 0.2719926092131842
0.65 0.306473631955819
0.7000000000000001 0.3413818400615858
0.7500000000000001 0.3766114151230246
0.8000000000000002 0.41211761789682644
0.8500000000000002 0.4479320090730638
0.9000000000000002 0.4841535067153831
0.9500000000000003 0.5209169803919479
1.0000000000000002 0.5583618645272249
1.0500000000000003 0.5965848834600406
1.1000000000000003 0.6355755570518286
1.1500000000000004 0.6751473863353303
1.2000000000000004 0.7148671095850186
1.2500000000000004 0.7540372436993985
1.3000000000000005 0.7917378740857975
1.3500000000000005 0.8269476529177074
1.4000000000000006 0.8587214844622323
1.4500000000000006 0.8863424823574935
1.5000000000000007 0.9094147665230049
1.5500000000000007 0.927914593049756
1.6000000000000008 0.9421812431142401
1.6500000000000008 0.9528264600769897
1.7000000000000008 0.9605854138163895
1.7500000000000009 0.9661791039834736
1.800000000000001 0.9702239705612207
1.850000000000001 0.9731929104513684
1.900000000000001 0.9754239884383042
1.950000000000001 0.9771536645516867
2.000000000000001 0.9785525392060537
2.0500000000000007 0.9797379897601215
2.1000000000000005 0.9807777078550376
2.1500000000000004 0.9817013880975276
2.2 0.9825328232074276
2.25 0.983300888736342
2.3 0.9840273873337031
2.3499999999999996 0.9847231395103978
2.3999999999999995 0.9853924822833182
2.4499999999999993 0.9860351875550603
2.499999999999999 0.9866476884203178
2.549999999999999 0.9872283359903828
2.5999999999999988 0.9877779035480979
2.6499999999999986 0.9882976455601408
2.6999999999999984 0.988788759131616
2.7499999999999982 0.9892524362917632
2.799999999999998 0.9896899057914468
2.849999999999998 0.9901024881399694
2.8999999999999977 0.9904915591690205
2.9499999999999975 0.9908585003765015
2.9999999999999973 0.991204688007802
2.9499999999999975 0.9913308220947583
2.8999999999999977 0.9913147528903105
2.849999999999998 0.991202346409051
2.799999999999998 0.9910213932215687
2.7499999999999982 0.9907891094193435
2.6999999999999984 0.9905160551739796
2.6499999999999986 0.9902086877454431
2.5999999999999988 0.9898707903720896
2.549999999999999 0.9895043688660982
2.499999999999999 0.9891102114717962
2.4499999999999993 0.988688245429832
2.3999999999999995 0.9882377435831753
2.3499999999999996 0.9877574697127143
2.3 0.9872457737256158
2.25 0.9867006082167845
2.2 0.9861196077862063
2.1500000000000004 0.985500041641253
2.1000000000000005 0.9848388117245238
2.0500000000000007 0.9841324560164579
2.000000000000001 0.9833770822619761
1.9500000000000008 0.9825683583900192
1.9000000000000008 0.9817014531989555
1.8500000000000008 0.98077098117909
1.8000000000000007 0.9797709361633246
1.7500000000000007 0.9786946134404931
1.7000000000000006 0.9775345125057088
1.6500000000000006 0.9762822453039628
1.6000000000000005 0.9749284105858075
1.5500000000000005 0.9734624496760432
1.5000000000000004 0.9718724913158813
1.4500000000000004 0.9701452026152868
1.4000000000000004 0.9682655632815754
1.3500000000000003 0.9662166217518909
1.3000000000000003 0.9639792782205254
1.2500000000000002 0.9615319564228028
1.2000000000000002 0.9588502819594981
1.1500000000000001 0.9559067170504881
1.1 0.9526701958143416
1.05 0.9491056663092821
1.0 0.9451736817565066
0.95 0.9408299142819241
0.8999999999999999 0.9360247373567482
0.8499999999999999 0.9307028435730551
0.7999999999999998 0.9248029021000631
0.7499999999999998 0.9182573388786046
0.6999999999999997 0.9109923527990149
0.6499999999999997 0.9029280881663263
0.5999999999999996 0.8939791873978903
0.5499999999999996 0.8840556955884051
0.4999999999999996 0.8730644526163346
0.4499999999999996 0.8609108472130814
0.39999999999999963 0.8475011316336816
0.34999999999999964 0.8327449605972258
0.29999999999999966 0.8165584230533759
0.24999999999999967 0.7988670184046234
0.19999999999999968 0.7796084474122393
0.1499999999999997 0.758735453828732
0.09999999999999969 0.7362178508938496
0.049999999999999684 0.7120432643518344
-3.191891195797325e-16 0.6862162562308509
-0.05000000000000032 0.6587554567560261
-0.10000000000000032 0.6296902419973562
-0.15000000000000033 0.5990575725774684
-0.20000000000000034 0.5668987774423222
-0.25000000000000033 0.5332546468938668
-0.3000000000000003 0.49816008325821914
-0.3500000000000003 0.4616379227325996
-0.4000000000000003 0.4236917409007208
-0.4500000000000003 0.3843003082315466
-0.5000000000000003 0.34341513769802834
-0.5500000000000004 0.3009597080807456
-0.6000000000000004 0.2568277698524978
-0.6500000000000005 0.21087842053130154
-0.7000000000000005 0.1629296599678066
-0.7500000000000006 0.11275186278426248
-0.8000000000000006 0.060064710406465216
-0.8500000000000006 0.004540486669573954
-0.9000000000000007 -0.054180149553856326
-0.9500000000000007 -0.1164619862236243
-1.0000000000000007 -0.18264218755987713
-1.0500000000000007 -0.25297211296491345
-1.1000000000000008 -0.3274711050702968
-1.1500000000000008 -0.4056866858219937
-1.2000000000000008 -0.48641073149251546
-1.2500000000000009 -0.5675231609942348
-1.300000000000001 -0.6461584763189362
-1.350000000000001 -0.719168936181465
-1.400000000000001 -0.7837658356453412
-1.450000000000001 -0.8381212906803881
-1.500000000000001 -0.881664521687097
-1.5500000000000012 -0.9149230136934483
-1.6000000000000012 -0.9391301919990365
-1.6500000000000012 -0.9559204769883748
-1.7000000000000013 -0.9670418336680691
-1.7500000000000013 -0.9740918538057706
-1.8000000000000014 -0.9783900721124409
-1.8500000000000014 -0.9809357502002342
-1.9000000000000015 -0.9824104718940085
-1.9500000000000015 -0.9832423194527867
-2.0000000000000013 -0.9837163547149183
-2.050000000000001 -0.9840218463474912
-2.100000000000001 -0.9842556630817575
-2.150000000000001 -0.9844668076781001
-2.2000000000000006 -0.984697295307403
-2.2500000000000004 -0.9849793850062916
-2.3000000000000003 -0.9853197081513878
-2.35 -0.9857084417377071
-2.4 -0.9861340717306452
-2.4499999999999997 -0.9865867606333748
-2.4999999999999996 -0.98705882318767
-2.5499999999999994 -0.9875406842593473
-2.599999999999999 -0.9880187901068701
-2.649999999999999 -0.9884816110030897
-2.699999999999999 -0.9889267644433225
-2.7499999999999987 -0.9893545634261665
-2.7999999999999985 -0.9897648137789635
-2.8499999999999983 -0.990157092385682
-2.899999999999998 -0.9905311718587728
-2.949999999999998 -0.9908871312378664
-2.999999999999998 -0.9912253204453302
-2.949999999999998 -0.9913460332168488
-2.899999999999998 -0.9913262218356012
-2.8499999999999983 -0.9912111567386823
-2.7999999999999985 -0.9910282920499492
-2.7499999999999987 -0.9907946058715836
-2.699999999999999 -0.9905205166779274
-2.649999999999999 -0.9902123755793192
-2.599999999999999 -0.9898738955076892
-2.5499999999999994 -0.989507039294503
-2.4999999999999996 -0.9891125526071005
-2.4499999999999997 -0.9886903240335977
-2.4 -0.9882396230137945
-2.35 -0.9877592020981736
-2.3000000000000003 -0.9872473938140959
-2.2500000000000004 -0.98670215464302
-2.2000000000000006 -0.986121093494816
-2.150000000000001 -0.9855014861548498
-2.100000000000001 -0.9848402258251134
-2.050000000000001 -0.9841338450819214
-2.0000000000000013 -0.98337846161248
-1.9500000000000013 -0.9825697391099412
-1.9000000000000012 -0.9817028366316707
-1.8500000000000012 -0.9807723683693576
-1.8000000000000012 -0.9797723291796425
-1.750000000000001 -0.9786960173777547
-1.700000000000001 -0.9775359339962153
-1.650000000000001 -0.9762836840585823
-1.600000000000001 -0.9749298697416298
-1.550000000000001 -0.973463931827678
-1.5000000000000009 -0.9718740076622647
-1.4500000000000008 -0.9701467664937414
-1.4000000000000008 -0.9682671889481003
-1.3500000000000008 -0.966218323026236
-1.3000000000000007 -0.9639810663943551
-1.2500000000000007 -0.9615338373290001
-1.2000000000000006 -0.9588522705280481
-1.1500000000000006 -0.9559088348511334
-1.1000000000000005 -0.9526724675415109
-1.0500000000000005 -0.9491081293186747
-1.0000000000000004 -0.9451763889651543
-0.9500000000000004 -0.9408329427182451
-0.9000000000000004 -0.9360281770112542
-0.8500000000000003 -0.9307067877723348
-0.8000000000000003 -0.9248074587616759
-0.7500000000000002 -0.9182626306704931
-0.7000000000000002 -0.9109985059782635
-0.6500000000000001 -0.9029352723089041
-0.6000000000000001 -0.8939876454506189
-0.55 -0.8840657495075073
-0.5 -0.8730765461291212
-0.45 -0.8609255777403372
-0.4 -0.847519323721481
-0.35000000000000003 -0.832767733958316
-0.30000000000000004 -0.8165873645165056
-0.25000000000000006 -0.7989042552324399
-0.20000000000000007 -0.779656896625391
-0.15000000000000008 -0.7587990951233811
-0.10000000000000007 -0.736302058414669
-0.05000000000000007 -0.712155226798539
-6.938893903907228e-17 -0.6863653824301601
0.04999999999999993 -0.6589535414576687
0.09999999999999994 -0.629951035884323
0.14999999999999994 -0.5993952642888828
0.19999999999999996 -0.5673251334567705
0.24999999999999994 -0.5337752852047004
0.29999999999999993 -0.4987707936270913
0.3499999999999999 -0.4623220927499763
0.3999999999999999 -0.42442012669286455
0.4499999999999999 -0.38503362005606095
0.4999999999999999 -0.3441100286093559
0.5499999999999999 -0.3015763666489029
0.6 -0.25733542535469145
0.65 -0.21125665392322868
0.7000000000000001 -0.16316779867986503
0.7500000000000001 -0.11285048515485113
0.8000000000000002 -0.06004111327227423
0.8500000000000002 -0.00443316847256787
0.9000000000000002 0.054317377949614186
0.9500000000000003 0.11657685597334576
1.0000000000000002 0.18269925460580255
1.0500000000000003 0.2529590948533559
1.1000000000000003 0.32739746104415773
1.1500000000000004 0.4055754236758941
1.2000000000000004 0.48628547105932574
1.2500000000000004 0.567400443322825
1.3000000000000005 0.6460518805336093
1.3500000000000005 0.7190902316734715
1.4000000000000006 0.7837133146900953
1.4500000000000006 0.8380789931480395
1.5000000000000007 0.8816196531296411
1.5500000000000007 0.9148833653768089
1.6000000000000008 0.9391134141766083
1.6500000000000008 0.9559341409715378
1.7000000000000008 0.967087150882781
1.7500000000000009 0.9741634288072131
1.800000000000001 0.9784709304037752
1.850000000000001 0.9810069011250193
1.900000000000001 0.9824631526979106
1.950000000000001 0.9832794039154819
2.000000000000001 0.9837441638594919
2.0500000000000007 0.9840447711432815
2.1000000000000005 0.9842759313655446
2.1500000000000004 0.9844859239768643
2.2 0.984715935871915
2.25 0.9849981281705722
2.3 0.9853376651472933
2.3499999999999996 0.9857230635594054
2.3999999999999995 0.9861432546129829
2.4499999999999993 0.9865913185832536
2.499999999999999 0.9870608328595938
2.549999999999999 0.9875411896330375
2.5999999999999988 0.9880187595295805
2.6499999999999986 0.9884815819759102
2.6999999999999984 0.9889267600520666
2.7499999999999982 0.9893545495931073
2.799999999999998 0.989764789169543
2.849999999999998 0.9901570621748708
2.8999999999999977 0.9905311395259475
2.9499999999999975 0.9908871019466599
2.9999999999999973 0.9912252965188263