0 -0.0013592574891453488
0.05 0.004487968934916579
0.1 0.01562384736261263
0.15000000000000002 0.031734604630383925
0.2 0.05232392337519644
0.25 0.07675571182323315
0.3 0.10432667549844112
0.35 0.13433561510177722
0.39999999999999997 0.16614640076287013
0.44999999999999996 0.19923420409807036
0.49999999999999994 0.2332012358433514
0.5499999999999999 0.2677693132764802
0.6 0.3027720445887383
0.65 0.3381580472084869
0.7000000000000001 0.37397218100260454
0.7500000000000001 0.4103229510254097
0.8000000000000002 0.44737683690654234
0.8500000000000002 0.48535225483346944
0.9000000000000002 0.5244753392922593
0.9500000000000003 0.5649193833753903
1.0000000000000002 0.606762757181202
1.0500000000000003 0.6499329739885411
1.1000000000000003 0.6940254301509683
1.1500000000000004 0.7381192785840828
1.2000000000000004 0.7808319025220631
1.2500000000000004 0.8206015228537525
1.3000000000000005 0.8560303032766838
1.3500000000000005 0.8861016733738764
1.4000000000000006 0.9103593374875534
1.4500000000000006 0.9290145734747527
1.5000000000000007 0.942799325117373
1.5500000000000007 0.9527033808396309
1.6000000000000008 0.9597395784603727
1.6500000000000008 0.9647408390160739
1.7000000000000008 0.9683427367682249
1.7500000000000009 0.9710254753518665
1.800000000000001 0.9731051675790356
1.850000000000001 0.974781180398282
1.900000000000001 0.9762022708605631
1.950000000000001 0.9774811415103316
2.000000000000001 0.9786571569106639
2.0500000000000007 0.9797256938865412
2.1000000000000005 0.9807071255174287
2.1500000000000004 0.9816274694665046
2.2 0.9825007201961197
2.25 0.9833315692700296
2.3 0.9841208583165644
2.3499999999999996 0.9848684963901169
2.3999999999999995 0.9855745973659613
2.4499999999999993 0.9862398197765375
2.499999999999999 0.9868653413517504
2.549999999999999 0.9874527519144308
2.5999999999999988 0.9880039351053469
2.6499999999999986 0.988520946020001
2.6999999999999984 0.9890059158322905
2.7499999999999982 0.989461000969178
2.799999999999998 0.9898883060907152
2.849999999999998 0.9902898360225314
2.8999999999999977 0.9906674873296679
2.9499999999999975 0.9910230376540146
2.9999999999999973 0.9913581379927988
2.9499999999999975 0.9914467064342677
2.8999999999999977 0.9913871108869798
2.849999999999998 0.9912328594037183
2.799999999999998 0.9910144910972396
2.7499999999999982 0.9907494949772915
2.6999999999999984 0.9904478663834209
2.6499999999999986 0.9901151909830631
2.5999999999999988 0.989754354827675
2.549999999999999 0.9893665486853739
2.499999999999999 0.9889518817696274
2.4499999999999993 0.9885096712084884
2.3999999999999995 0.9880387006971929
2.3499999999999996 0.9875373042453301
2.3 0.9870034391881989
2.25 0.9864346859674017
2.2 0.9858282610343035
2.1500000000000004 0.9851810534507752
2.1000000000000005 0.9844895630068627
2.0500000000000007 0.9837498834263968
2.000000000000001 0.9829576712119638
1.9500000000000008 0.9821080648880574
1.9000000000000008 0.9811956519426905
1.8500000000000008 0.9802143557391666
1.8000000000000007 0.9791574021486333
1.7500000000000007 0.9780171880668376
1.7000000000000006 0.9767851857669648
1.6500000000000006 0.9754518109435968
1.6000000000000005 0.9740062729586048
1.5500000000000005 0.972436402756282
1.5000000000000004 0.9707284426226563
1.4500000000000004 0.968866862119473
1.4000000000000004 0.9668340419551321
1.3500000000000003 0.964610046360622
1.3000000000000003 0.9621722416377507
1.2500000000000002 0.9594949358863553
1.2000000000000002 0.956548966975326
1.1500000000000001 0.9533012575512795
1.1 0.9497143208167818
1.05 0.9457457403533871
1.0 0.941347658867785
0.95 0.9364662820264985
0.8999999999999999 0.9310413790342998
0.8499999999999999 0.9250060062783935
0.7999999999999998 0.9182863066972066
0.7499999999999998 0.9108016750227347
0.6999999999999997 0.9024651455628168
0.6499999999999997 0.8931842804716598
0.5999999999999996 0.8828625456927258
0.5499999999999996 0.8714012513786863
0.4999999999999996 0.8587020266202284
0.4499999999999996 0.8446699016926675
0.39999999999999963 0.8292165474199609
0.34999999999999964 0.8122639925511309
0.29999999999999966 0.7937483791961066
0.24999999999999967 0.7736237117109531
0.19999999999999968 0.7518644818994071
0.1499999999999997 0.7284660556080816
0.09999999999999969 0.7034426315588805
0.049999999999999684 0.6768241474999412
-3.191891195797325e-16 0.6486538122744989
-0.05000000000000032 0.6189852223804356
-0.10000000000000032 0.5878761449397287
-0.15000000000000033 0.5553789717687756
-0.20000000000000034 0.5215306526560409
-0.25000000000000033 0.48634702802738167
-0.3000000000000003 0.4498230391322138
-0.3500000000000003 0.4119307852175027
-0.4000000000000003 0.37261047223311666
-0.4500000000000003 0.3317597365502212
-0.5000000000000003 0.2892293223871035
-0.5500000000000004 0.24482595479216349
-0.6000000000000004 0.19831530793631266
-0.6500000000000005 0.14942273570069678
-0.7000000000000005 0.0978286034100554
-0.7500000000000006 0.04315229397566986
-0.8000000000000006 -0.01507141170675675
-0.8500000000000006 -0.07740058710455643
-0.9000000000000007 -0.14445187666198472
-0.9500000000000007 -0.21683334549213834
-1.0000000000000007 -0.2949662474494491
-1.0500000000000007 -0.378716015106854
-1.1000000000000008 -0.46685539886655364
-1.1500000000000008 -0.5566313019009429
-1.2000000000000008 -0.6439793728935596
-1.2500000000000009 -0.724357423769521
-1.300000000000001 -0.7938820275104085
-1.350000000000001 -0.8503623433246331
-1.400000000000001 -0.8936447468067651
-1.450000000000001 -0.9250243134951773
-1.500000000000001 -0.9465102366397732
-1.5500000000000012 -0.9604417861875831
-1.6000000000000012 -0.9690556533981088
-1.6500000000000012 -0.974148877629892
-1.7000000000000013 -0.9770709913244168
-1.7500000000000013 -0.9787391315943101
-1.8000000000000014 -0.9796910423916554
-1.8500000000000014 -0.9802671756380535
-1.9000000000000015 -0.9806845257223652
-1.9500000000000015 -0.9810439704204144
-2.0000000000000013 -0.9814034204196375
-2.050000000000001 -0.981809941867233
-2.100000000000001 -0.9822866342137055
-2.150000000000001 -0.9828247275719033
-2.2000000000000006 -0.983397380015025
-2.2500000000000004 -0.9839918888585865
-2.3000000000000003 -0.9846043736556773
-2.35 -0.9852250484308468
-2.4 -0.9858383403492194
-2.4499999999999997 -0.9864331060556643
-2.4999999999999996 -0.9870052510182206
-2.5499999999999994 -0.9875530304407794
-2.599999999999999 -0.9880752933384377
-2.649999999999999 -0.9885714310722911
-2.699999999999999 -0.9890414750644277
-2.7499999999999987 -0.98948595998234
-2.7999999999999985 -0.989905771185593
-2.8499999999999983 -0.9903020349367176
-2.899999999999998 -0.9906760047018366
-2.949999999999998 -0.9910289922817255
-2.999999999999998 -0.9913623181616295
-2.949999999999998 -0.9914497442994031
-2.899999999999998 -0.9913894265699348
-2.8499999999999983 -0.9912346762735713
-2.7999999999999985 -0.991015969494918
-2.7499999999999987 -0.9907507394738654
-2.699999999999999 -0.9904489655750738
-2.649999999999999 -0.9901161883296705
-2.599999999999999 -0.9897552876358753
-2.5499999999999994 -0.9893674426704385
-2.4999999999999996 -0.9889527538830198
-2.4499999999999997 -0.9885105503700067
-2.4 -0.9880395926971021
-2.35 -0.9875382185039404
-2.3000000000000003 -0.9870043852102847
-2.2500000000000004 -0.9864356563393191
-2.2000000000000006 -0.9858292622785557
-2.150000000000001 -0.9851820870971245
-2.100000000000001 -0.9844906374084458
-2.050000000000001 -0.983751012383363
-2.0000000000000013 -0.9829588420927886
-1.9500000000000013 -0.9821092846792021
-1.9000000000000012 -0.9811969224945989
-1.8500000000000012 -0.9802156837699206
-1.8000000000000012 -0.9791587909741986
-1.750000000000001 -0.9780186404397763
-1.700000000000001 -0.976786711549088
-1.650000000000001 -0.9754534181563093
-1.600000000000001 -0.97400796764579
-1.550000000000001 -0.9724381947098825
-1.5000000000000009 -0.9707303498637884
-1.4500000000000008 -0.9688689066660213
-1.4000000000000008 -0.9668362454894402
-1.3500000000000008 -0.9646124316638758
-1.3000000000000007 -0.9621748437356425
-1.2500000000000007 -0.9594978062694347
-1.2000000000000006 -0.9565521560089185
-1.1500000000000006 -0.953304821013721
-1.1000000000000005 -0.9497183228884936
-1.0500000000000005 -0.9457502276068017
-1.0000000000000004 -0.9413527086603916
-0.9500000000000004 -0.9364719982346535
-0.9000000000000004 -0.9310479039403722
-0.8500000000000003 -0.9250135431647093
-0.8000000000000003 -0.9182951293319479
-0.7500000000000002 -0.9108121346522545
-0.7000000000000002 -0.9024777034679456
-0.6500000000000001 -0.8931995779768552
-0.6000000000000001 -0.8828814665457655
-0.55 -0.8714250460653185
-0.5 -0.8587324610068809
-0.45 -0.8447094588365979
-0.4 -0.8292687377437804
-0.35000000000000003 -0.8123337384012013
-0.30000000000000004 -0.7938425304125243
-0.25000000000000006 -0.7737515282170565
-0.20000000000000007 -0.7520380186793192
-0.15000000000000008 -0.7287002178948244
-0.10000000000000007 -0.7037542278291542
-0.05000000000000007 -0.677229376584946
-6.938893903907228e-17 -0.6491639473671382
0.04999999999999993 -0.6196014894318135
0.09999999999999994 -0.5885860148304567
0.14999999999999994 -0.5561559217818481
0.19999999999999996 -0.5223383816029967
0.24999999999999994 -0.4871465130232533
0.29999999999999993 -0.45057804751309366
0.3499999999999999 -0.41260926343566495
0.3999999999999999 -0.3731853451935783
0.4499999999999999 -0.3322123597223431
0.4999999999999999 -0.28955406270494044
0.5499999999999999 -0.24503272583140828
0.6 -0.1984284288707017
0.65 -0.14947520959908606
0.7000000000000001 -0.09785064541364417
0.7500000000000001 -0.04315977791462636
0.8000000000000002 0.01507913542172193
0.8500000000000002 0.0774315301677771
0.9000000000000002 0.14450653279064218
0.9500000000000003 0.21689752351693123
1.0000000000000002 0.29501944138419134
1.0500000000000003 0.37874270031158647
1.1000000000000003 0.46684961629475125
1.1500000000000004 0.5565995037405153
1.2000000000000004 0.643944011108348
1.2500000000000004 0.7243474854975668
1.3000000000000005 0.7939044877429694
1.3500000000000005 0.8503983763421002
1.4000000000000006 0.8936739286851721
1.4500000000000006 0.9250435720497889
1.5000000000000007 0.9465263495551836
1.5500000000000007 0.9604591866049873
1.6000000000000008 0.9690729240246297
1.6500000000000008 0.9741631763974717
1.7000000000000008 0.9770814705369868
1.7500000000000009 0.9787492052397421
1.800000000000001 0.9797034122359204
1.850000000000001 0.9802833968172239
1.900000000000001 0.9807041845141987
1.950000000000001 0.9810625747260343
2.000000000000001 0.9814154118552194
2.0500000000000007 0.9818129954307544
2.1000000000000005 0.9822825613259419
2.1500000000000004 0.9828199405198617
2.2 0.9833954020091394
2.25 0.9839916475577504
2.3 0.984604923107325
2.3499999999999996 0.9852262798101811
2.3999999999999995 0.9858392521290993
2.4499999999999993 0.9864333450571016
2.499999999999999 0.9870051416302764
2.549999999999999 0.9875528310195935
2.5999999999999988 0.988075100132118
2.6499999999999986 0.9885712784155645
2.6999999999999984 0.9890413626322088
2.7499999999999982 0.9894858803410651
2.799999999999998 0.9899057195933046
2.849999999999998 0.9903019989476831
2.8999999999999977 0.9906759826025835
2.9499999999999975 0.9910289793355124
2.9999999999999973 0.9913623100721162