0 -0.0011593919302974162
0.05 0.016468020950039502
0.1 0.04193100790716287
0.15000000000000002 0.07045825722424742
0.2 0.1009739216351817
0.25 0.1330714877872791
0.3 0.16653031626988488
0.35 0.20134747181205323
0.39999999999999997 0.23768725851776507
0.44999999999999996 0.2759468801866387
0.49999999999999994 0.31694404809934185
0.5499999999999999 0.36223610252091526
0.6 0.41439939096297296
0.65 0.47413869281513144
0.7000000000000001 0.5437295989978457
0.7500000000000001 0.623159827532678
0.8000000000000002 0.7012894039056079
0.8500000000000002 0.7725901738530838
0.9000000000000002 0.8296829540237576
0.9500000000000003 0.8697729968116193
1.0000000000000002 0.8961165493905633
1.0500000000000003 0.9129798889203762
1.1000000000000003 0.9240899755890929
1.1500000000000004 0.9317641082693521
1.2000000000000004 0.9378233778891126
1.2500000000000004 0.942885783134506
1.3000000000000005 0.9472672828109912
1.3500000000000005 0.9511016910152797
1.4000000000000006 0.9547361164507471
1.4500000000000006 0.958031281206275
1.5000000000000007 0.9610547961906967
1.5500000000000007 0.9638396198611028
1.6000000000000008 0.9663883073714203
1.6500000000000008 0.968710203622197
1.7000000000000008 0.9708193262624321
1.7500000000000009 0.9727324924470778
1.800000000000001 0.974467700616946
1.850000000000001 0.9760429270717593
1.900000000000001 0.977475310924586
1.950000000000001 0.9787805919104299
2.000000000000001 0.9799729651635644
2.0500000000000007 0.9810650382280907
2.1000000000000005 0.9820678374639517
2.1500000000000004 0.9829909943647942
2.2 0.9838429325993532
2.25 0.9846309648667418
2.3 0.9853614872726014
2.3499999999999996 0.9860400957296562
2.3999999999999995 0.9866717314822702
2.4499999999999993 0.987260710547788
2.499999999999999 0.987810863514191
2.549999999999999 0.9883256012935319
2.5999999999999988 0.9888079614007328
2.6499999999999986 0.9892606344881126
2.6999999999999984 0.9896860534255161
2.7499999999999982 0.9900863856034364
2.799999999999998 0.9904636014343221
2.849999999999998 0.9908194701999622
2.8999999999999977 0.991155585881602
2.9499999999999975 0.9914733986997801
2.9999999999999973 0.991774235559758
2.9499999999999975 0.9916556993012459
2.8999999999999977 0.9914082198533353
2.849999999999998 0.9911104962097925
2.799999999999998 0.9907844125633234
2.7499999999999982 0.9904357584347401
2.6999999999999984 0.9900653753236022
2.6499999999999986 0.9896725127801501
2.5999999999999988 0.989255714810173
2.549999999999999 0.9888131755249712
2.499999999999999 0.9883428393195114
2.4499999999999993 0.9878423596936105
2.3999999999999995 0.9873091310439797
2.3499999999999996 0.9867402546658616
2.3 0.9861325259892985
2.25 0.9854823161604113
2.2 0.9847856146650126
2.1500000000000004 0.9840379379828731
2.1000000000000005 0.9832342275546956
2.0500000000000007 0.9823687937229657
2.000000000000001 0.9814352043027357
1.9500000000000008 0.9804262249572491
1.9000000000000008 0.9793336022804254
1.8500000000000008 0.9781479697646933
1.8000000000000007 0.9768586237146711
1.7500000000000007 0.9754533341065984
1.7000000000000006 0.9739180705691407
1.6500000000000006 0.9722366676083953
1.6000000000000005 0.970390453608512
1.5500000000000005 0.9683578163503714
1.5000000000000004 0.9661137108652764
1.4500000000000004 0.9636289763072758
1.4000000000000004 0.9608696629202711
1.3500000000000003 0.9577961484247113
1.3000000000000003 0.954362308259357
1.2500000000000002 0.9505143640150476
1.2000000000000002 0.9461898671742038
1.1500000000000001 0.941316825004733
1.1 0.9358129044301383
1.05 0.929585200539621
1.0 0.9225303313257286
0.95 0.9145350333022246
0.8999999999999999 0.9054776451872673
0.8499999999999999 0.8952327483406449
0.7999999999999998 0.8836806099180146
0.7499999999999998 0.8707198935926586
0.6999999999999997 0.8562757948610459
0.6499999999999997 0.8403098080415289
0.5999999999999996 0.8228429693286128
0.5499999999999996 0.8039611421521554
0.4999999999999996 0.7837918530871327
0.4499999999999996 0.7624541933291815
0.39999999999999963 0.7400400966710882
0.34999999999999964 0.7166415957138161
0.29999999999999966 0.6923285524551269
0.24999999999999967 0.6671275507037703
0.19999999999999968 0.6410296066393074
0.1499999999999997 0.61395958200415
0.09999999999999969 0.5857802182393768
0.049999999999999684 0.5563478879162699
-3.191891195797325e-16 0.5255574657985643
-0.05000000000000032 0.49329195465343606
-0.10000000000000032 0.4593978625262853
-0.15000000000000033 0.4236887284309702
-0.20000000000000034 0.38594101647710627
-0.25000000000000033 0.3458780366788995
-0.3000000000000003 0.303146353444233
-0.3500000000000003 0.2572771006170128
-0.4000000000000003 0.2076219301654347
-0.4500000000000003 0.1532347701552044
-0.5000000000000003 0.09261868808994445
-0.5500000000000004 0.02287492015518915
-0.6000000000000004 -0.06145095151482865
-0.6500000000000005 -0.1688358968664678
-0.7000000000000005 -0.30436937209594545
-0.7500000000000006 -0.4585009088976878
-0.8000000000000006 -0.6090162157747013
-0.8500000000000006 -0.7331852028513227
-0.9000000000000007 -0.8182176262041311
-0.9500000000000007 -0.8718946569490309
-1.0000000000000007 -0.9045286810651468
-1.0500000000000007 -0.9223737554916865
-1.1000000000000008 -0.934835397963177
-1.1500000000000008 -0.9412899291618123
-1.2000000000000008 -0.946207568462467
-1.2500000000000009 -0.9492485447758934
-1.300000000000001 -0.9519561483348603
-1.350000000000001 -0.9544952419566612
-1.400000000000001 -0.9569137585074595
-1.450000000000001 -0.9594678198276623
-1.500000000000001 -0.9619558004352154
-1.5500000000000012 -0.964385000061142
-1.6000000000000012 -0.9667163514027312
-1.6500000000000012 -0.9689054146042005
-1.7000000000000013 -0.9709329856334256
-1.7500000000000013 -0.9727973885444126
-1.8000000000000014 -0.9745041373110209
-1.8500000000000014 -0.9760630889837908
-1.9000000000000015 -0.9774863306501625
-1.9500000000000015 -0.9787865770601227
-2.0000000000000013 -0.9799762375899451
-2.050000000000001 -0.9810668277845622
-2.100000000000001 -0.9820688441715232
-2.150000000000001 -0.982991587136238
-2.2000000000000006 -0.9838433025658653
-2.2500000000000004 -0.9846312136711662
-2.3000000000000003 -0.9853616676056698
-2.35 -0.9860402327727473
-2.4 -0.9866718440263543
-2.4499999999999997 -0.9872608074914168
-2.4999999999999996 -0.9878109414945077
-2.5499999999999994 -0.9883256594185907
-2.599999999999999 -0.9888080037385292
-2.649999999999999 -0.9892606689092678
-2.699999999999999 -0.9896860792728414
-2.7499999999999987 -0.9900864056357953
-2.7999999999999985 -0.9904636140037102
-2.8499999999999983 -0.9908194799923989
-2.899999999999998 -0.9911555930619771
-2.949999999999998 -0.9914734052732623
-2.999999999999998 -0.9917742407852895
-2.949999999999998 -0.9916556950063053
-2.899999999999998 -0.9914082068545341
-2.8499999999999983 -0.9911104876643336
-2.7999999999999985 -0.9907844076765636
-2.7499999999999987 -0.9904357527001004
-2.699999999999999 -0.9900653729445338
-2.649999999999999 -0.9896725118356593
-2.599999999999999 -0.989255716276628
-2.5499999999999994 -0.9888131809334569
-2.4999999999999996 -0.9883428511175185
-2.4499999999999997 -0.9878423735014329
-2.4 -0.9873091496589917
-2.35 -0.9867402790944314
-2.3000000000000003 -0.9861325592188083
-2.2500000000000004 -0.9854823598859233
-2.2000000000000006 -0.984785671118676
-2.150000000000001 -0.9840380132989018
-2.100000000000001 -0.983234319113432
-2.050000000000001 -0.9823689078335059
-2.0000000000000013 -0.9814353406365349
-1.9500000000000013 -0.9804263911869
-1.9000000000000012 -0.979333802273606
-1.8500000000000012 -0.9781482179914682
-1.8000000000000012 -0.9768589250580234
-1.750000000000001 -0.9754537007128864
-1.700000000000001 -0.9739185086155756
-1.650000000000001 -0.9722371834189687
-1.600000000000001 -0.9703910535729903
-1.550000000000001 -0.9683585116005254
-1.5000000000000009 -0.9661145026084569
-1.4500000000000008 -0.9636298889098684
-1.4000000000000008 -0.9608707204922887
-1.3500000000000008 -0.9577973688956652
-1.3000000000000007 -0.9543636835389977
-1.2500000000000007 -0.9505159246284021
-1.2000000000000006 -0.9461916375027919
-1.1500000000000006 -0.9413188446169958
-1.1000000000000005 -0.9358152887682119
-1.0500000000000005 -0.9295880854066811
-1.0000000000000004 -0.9225339126056299
-0.9500000000000004 -0.9145396338198458
-0.9000000000000004 -0.9054840549649261
-0.8500000000000003 -0.8952422864976696
-0.8000000000000003 -0.8836958340364262
-0.7500000000000002 -0.8707463746029068
-0.7000000000000002 -0.8563247366198894
-0.6500000000000001 -0.840398768065648
-0.6000000000000001 -0.8229892170013584
-0.55 -0.8041668036710735
-0.5 -0.7840263561551213
-0.45 -0.7626656192208562
-0.4 -0.7401803288844655
-0.35000000000000003 -0.7166845231448067
-0.30000000000000004 -0.6922798788709694
-0.25000000000000006 -0.6670143858228187
-0.20000000000000007 -0.6408730116352573
-0.15000000000000008 -0.6137737445771259
-0.10000000000000007 -0.585594837675796
-0.05000000000000007 -0.5562036417798208
-6.938893903907228e-17 -0.525465345366719
0.04999999999999993 -0.49323885375288007
0.09999999999999994 -0.4593683265776255
0.14999999999999994 -0.42367205431077537
0.19999999999999996 -0.3859308186883462
0.24999999999999994 -0.3458709080618189
0.29999999999999993 -0.3031406674848322
0.3499999999999999 -0.2572722915710741
0.3999999999999999 -0.20761819411401464
0.4499999999999999 -0.1532330384527925
0.4999999999999999 -0.09262140529795071
0.5499999999999999 -0.022887136017023597
0.6 0.061423315449950125
0.65 0.16884656157624248
0.7000000000000001 0.30406696207151757
0.7500000000000001 0.45803595910872497
0.8000000000000002 0.608910395704905
0.8500000000000002 0.7332403517732724
0.9000000000000002 0.818385576321876
0.9500000000000003 0.8722093346347481
1.0000000000000002 0.9049973388438054
1.0500000000000003 0.9224176022471231
1.1000000000000003 0.9349001401012087
1.1500000000000004 0.9416317307497535
1.2000000000000004 0.9462248977641262
1.2500000000000004 0.9492448132179306
1.3000000000000005 0.9519495065665858
1.3500000000000005 0.9544617948301779
1.4000000000000006 0.9569043119945159
1.4500000000000006 0.9594304296994268
1.5000000000000007 0.9619492030148069
1.5500000000000007 0.9643824627934438
1.6000000000000008 0.9667150254723758
1.6500000000000008 0.9689045626753208
1.7000000000000008 0.9709324594854736
1.7500000000000009 0.9727970520480953
1.800000000000001 0.9745039045394005
1.850000000000001 0.9760629306980547
1.900000000000001 0.9774862347638442
1.950000000000001 0.9787865362242317
2.000000000000001 0.9799762166479608
2.0500000000000007 0.981066820985143
2.1000000000000005 0.9820688462975256
2.1500000000000004 0.9829915929602887
2.2 0.9838433137028356
2.25 0.9846312266432234
2.3 0.985361680779424
2.3499999999999996 0.9860402465253109
2.3999999999999995 0.9866718604751962
2.4499999999999993 0.9872608242576988
2.499999999999999 0.987810957900691
2.549999999999999 0.9883256880680632
2.5999999999999988 0.9888080283553453
2.6499999999999986 0.9892606871415449
2.6999999999999984 0.989686093711394
2.7499999999999982 0.9900864214865159
2.799999999999998 0.9904636278970362
2.849999999999998 0.9908194938820953
2.8999999999999977 0.9911556067728224
2.9499999999999975 0.9914734168467418
2.9999999999999973 0.9917742514500478