0 -0.0011950128749318829
0.05 0.009982445512683347
0.1 0.0300315195853221
0.15000000000000002 0.0561744320204675
0.2 0.08579918542674973
0.25 0.1170702227347727
0.3 0.14907488348729087
0.35 0.18166227802005977
0.39999999999999997 0.21493046520451253
0.44999999999999996 0.24898932893794484
0.49999999999999994 0.284068168351136
0.5499999999999999 0.32048415744668457
0.6 0.35868509909741936
0.65 0.39931656811021643
0.7000000000000001 0.4432399752859815
0.7500000000000001 0.4913636437948666
0.8000000000000002 0.5441380703964928
0.8500000000000002 0.601840553061464
0.9000000000000002 0.6635415268901036
0.9500000000000003 0.7259810600203643
1.0000000000000002 0.7843350682206237
1.0500000000000003 0.8342993534540217
1.1000000000000003 0.8736059425800372
1.1500000000000004 0.9023347019970392
1.2000000000000004 0.9219658031236502
1.2500000000000004 0.9348206863283652
1.3000000000000005 0.9435721892251734
1.3500000000000005 0.9498843373581126
1.4000000000000006 0.9546702505821079
1.4500000000000006 0.9582710685042428
1.5000000000000007 0.9611461638660711
1.5500000000000007 0.9636136588731596
1.6000000000000008 0.9658783027444261
1.6500000000000008 0.9679641901787027
1.7000000000000008 0.969913314281404
1.7500000000000009 0.971722051846402
1.800000000000001 0.9734115456081563
1.850000000000001 0.9749906483557358
1.900000000000001 0.976461184506864
1.950000000000001 0.9778255470136828
2.000000000000001 0.9790878279917755
2.0500000000000007 0.980253507482078
2.1000000000000005 0.9813290043361007
2.1500000000000004 0.9823211519103598
2.2 0.9832368587565122
2.25 0.9840828388113181
2.3 0.9848654241189977
2.3499999999999996 0.9855904898157885
2.3999999999999995 0.9862634116765748
2.4499999999999993 0.9868890281213839
2.499999999999999 0.9874716879044924
2.549999999999999 0.9880153009281086
2.5999999999999988 0.9885233460560024
2.6499999999999986 0.9889989317745101
2.6999999999999984 0.9894448438375516
2.7499999999999982 0.9898635637006807
2.799999999999998 0.9902573139270398
2.849999999999998 0.9906280831963643
2.8999999999999977 0.9909776674819073
2.9499999999999975 0.991307693968882
2.9999999999999973 0.9916196284005182
2.9499999999999975 0.9915955907154301
2.8999999999999977 0.9914201537436795
2.849999999999998 0.9911685148875281
2.799999999999998 0.9908721917939862
2.7499999999999982 0.9905445727508222
2.6999999999999984 0.990191112045894
2.6499999999999986 0.9898135627530054
2.5999999999999988 0.9894119114893853
2.549999999999999 0.9889851763625426
2.499999999999999 0.9885318340962734
2.4499999999999993 0.9880499275548299
2.3999999999999995 0.9875372169193625
2.3499999999999996 0.986991149739099
2.3 0.9864088731405676
2.25 0.9857871622318857
2.2 0.9851224749062272
2.1500000000000004 0.9844108145992378
2.1000000000000005 0.9836477587905733
2.0500000000000007 0.9828283336869716
2.000000000000001 0.981946978556655
1.9500000000000008 0.980997433424914
1.9000000000000008 0.9799726534227999
1.8500000000000008 0.978864702825125
1.8000000000000007 0.9776646031231401
1.7500000000000007 0.9763621771631549
1.7000000000000006 0.9749458496644497
1.6500000000000006 0.973402463996113
1.6000000000000005 0.9717169775317677
1.5500000000000005 0.9698722081318322
1.5000000000000004 0.9678484277155697
1.4500000000000004 0.9656230308705602
1.4000000000000004 0.9631700191408917
1.3500000000000003 0.9604594736361766
1.3000000000000003 0.9574569579559956
1.2500000000000002 0.954122794138112
1.2000000000000002 0.9504113898789966
1.1500000000000001 0.9462704070631534
1.1 0.941639966753455
1.05 0.9364521837571136
1.0 0.9306304844238737
0.95 0.9240894570692054
0.8999999999999999 0.9167351389137699
0.8499999999999999 0.9084658596373366
0.7999999999999998 0.8991736582267356
0.7499999999999998 0.8887466870479587
0.6999999999999997 0.8770726454367482
0.6499999999999997 0.8640435773450493
0.5999999999999996 0.8495620735042633
0.5499999999999996 0.8335487433629515
0.4999999999999996 0.8159517430136894
0.4499999999999996 0.7967552670496385
0.39999999999999963 0.7759818074457906
0.34999999999999964 0.7536883138674798
0.29999999999999966 0.7299628789167092
0.24999999999999967 0.7049162174246633
0.19999999999999968 0.6786622221973506
0.1499999999999997 0.6512978365016018
0.09999999999999969 0.6228851023696134
0.049999999999999684 0.5934384528289863
-3.191891195797325e-16 0.562934679748567
-0.05000000000000032 0.5313320796845935
-0.10000000000000032 0.49856024256299847
-0.15000000000000033 0.46450185437425984
-0.20000000000000034 0.4289961550976529
-0.25000000000000033 0.39184963650052723
-0.3000000000000003 0.35283988198681954
-0.3500000000000003 0.31170817275640295
-0.4000000000000003 0.2681463993800185
-0.4500000000000003 0.22177465671165203
-0.5000000000000003 0.1721089803334744
-0.5500000000000004 0.11851033420300759
-0.6000000000000004 0.060102060123150204
-0.6500000000000005 -0.004379923898691555
-0.7000000000000005 -0.07675271811086824
-0.7500000000000006 -0.15936756252162396
-0.8000000000000006 -0.25496897711124633
-0.8500000000000006 -0.36476376929580445
-0.9000000000000007 -0.48491831020946713
-0.9500000000000007 -0.605421149323447
-1.0000000000000007 -0.7139414435284086
-1.0500000000000007 -0.8007141560656338
-1.1000000000000008 -0.8631438224443287
-1.1500000000000008 -0.9049444608009773
-1.2000000000000008 -0.9311998780056043
-1.2500000000000009 -0.9467013328398645
-1.300000000000001 -0.9554153769666919
-1.350000000000001 -0.9602528758806365
-1.400000000000001 -0.9631793676361362
-1.450000000000001 -0.9652653738993008
-1.500000000000001 -0.9667512844605246
-1.5500000000000012 -0.9679548094158171
-1.6000000000000012 -0.9690837741454876
-1.6500000000000012 -0.9702551588730326
-1.7000000000000013 -0.9715095698064947
-1.7500000000000013 -0.9728418381874882
-1.8000000000000014 -0.9741847802791973
-1.8500000000000014 -0.9755200830111186
-1.9000000000000015 -0.9768137144155302
-1.9500000000000015 -0.9780554279508421
-2.0000000000000013 -0.9792389838784243
-2.050000000000001 -0.9803523219981405
-2.100000000000001 -0.9813927907222324
-2.150000000000001 -0.9823618635063442
-2.2000000000000006 -0.9832625672887902
-2.2500000000000004 -0.9840989320922391
-2.3000000000000003 -0.9848754392806978
-2.35 -0.9855967016021888
-2.4 -0.9862672514386507
-2.4499999999999997 -0.9868914057394326
-2.4999999999999996 -0.9874731735653177
-2.5499999999999994 -0.9880162495247257
-2.599999999999999 -0.9885239678190006
-2.649999999999999 -0.9889993587295208
-2.699999999999999 -0.9894451504459426
-2.7499999999999987 -0.9898637937833996
-2.7999999999999985 -0.9902574983829782
-2.8499999999999983 -0.9906282371760432
-2.899999999999998 -0.990977803252473
-2.949999999999998 -0.9913078194660988
-2.999999999999998 -0.9916197386444986
-2.949999999999998 -0.9915956871911256
-2.899999999999998 -0.9914202411867683
-2.8499999999999983 -0.9911686009453623
-2.7999999999999985 -0.9908722858061374
-2.7499999999999987 -0.990544676236148
-2.699999999999999 -0.9901912253290868
-2.649999999999999 -0.9898136833966837
-2.599999999999999 -0.989412045551833
-2.5499999999999994 -0.9889853288885878
-2.4999999999999996 -0.9885320041321266
-2.4499999999999997 -0.988050114522847
-2.4 -0.9875374221448431
-2.35 -0.9869913765305728
-2.3000000000000003 -0.9864091183818636
-2.2500000000000004 -0.9857874375130447
-2.2000000000000006 -0.9851227819371431
-2.150000000000001 -0.9844111531564279
-2.100000000000001 -0.9836481340081933
-2.050000000000001 -0.9828287565732814
-2.0000000000000013 -0.9819474473700218
-1.9500000000000013 -0.980997963304834
-1.9000000000000012 -0.9799732483495354
-1.8500000000000012 -0.9788653701438154
-1.8000000000000012 -0.977665339555016
-1.750000000000001 -0.9763629814083129
-1.700000000000001 -0.9749467160952476
-1.650000000000001 -0.9734033928496322
-1.600000000000001 -0.9717179802970289
-1.550000000000001 -0.9698732793056888
-1.5000000000000009 -0.9678495923717038
-1.4500000000000008 -0.9656243029887638
-1.4000000000000008 -0.9631714073548812
-1.3500000000000008 -0.9604609839438625
-1.3000000000000007 -0.9574585715849865
-1.2500000000000007 -0.9541245105197281
-1.2000000000000006 -0.9504132083236903
-1.1500000000000006 -0.9462723717693728
-1.1000000000000005 -0.9416422289945016
-1.0500000000000005 -0.9364549009884975
-1.0000000000000004 -0.9306338199064227
-0.9500000000000004 -0.9240936084574846
-0.9000000000000004 -0.9167402635407026
-0.8500000000000003 -0.9084722435726155
-0.8000000000000003 -0.8991818308561953
-0.7500000000000002 -0.888757513503356
-0.7000000000000002 -0.8770874592873938
-0.6500000000000001 -0.8640645040661108
-0.6000000000000001 -0.8495924565785977
-0.55 -0.8335938576733345
-0.5 -0.8160198302734847
-0.45 -0.7968584711899813
-0.4 -0.7761360354570854
-0.35000000000000003 -0.7539101897388437
-0.30000000000000004 -0.730263620847751
-0.25000000000000006 -0.7052944514156856
-0.20000000000000007 -0.6791044438756701
-0.15000000000000008 -0.6517836495215913
-0.10000000000000007 -0.6233866426530567
-0.05000000000000007 -0.5939240700354147
-6.938893903907228e-17 -0.5633805500481123
0.04999999999999993 -0.5317241492478556
0.09999999999999994 -0.4988912244375262
0.14999999999999994 -0.4647724571516408
0.19999999999999996 -0.42921381306357476
0.24999999999999994 -0.3920246400130124
0.29999999999999993 -0.35298216274697414
0.3499999999999999 -0.31182607760841385
0.3999999999999999 -0.26824640004829214
0.4499999999999999 -0.22186175834994
0.4999999999999999 -0.172187002757617
0.5499999999999999 -0.11858237064261361
0.6 -0.06017084393241031
0.65 0.004311716099871412
0.7000000000000001 0.07668226328966114
0.7500000000000001 0.1592930730522662
0.8000000000000002 0.25489465061868405
0.8500000000000002 0.3646862212104466
0.9000000000000002 0.48481167963264693
0.9500000000000003 0.6053018050333108
1.0000000000000002 0.7138892812874732
1.0500000000000003 0.8007532337035725
1.1000000000000003 0.8632857846364147
1.1500000000000004 0.9051729402790872
1.2000000000000004 0.9313823490014521
1.2500000000000004 0.9467600782058543
1.3000000000000005 0.9554822426141583
1.3500000000000005 0.9603223011599894
1.4000000000000006 0.9632555162860972
1.4500000000000006 0.9653127793616932
1.5000000000000007 0.9667797663210674
1.5500000000000007 0.9679734570846621
1.6000000000000008 0.969094533705478
1.6500000000000008 0.9702637429132509
1.7000000000000008 0.9715122330251358
1.7500000000000009 0.9728423542811444
1.800000000000001 0.9741796589403315
1.850000000000001 0.9755050217102265
1.900000000000001 0.9768078186080804
1.950000000000001 0.9780535833890122
2.000000000000001 0.9792383252242105
2.0500000000000007 0.9803521003830803
2.1000000000000005 0.9813927507973428
2.1500000000000004 0.9823618927658635
2.2 0.9832626293920022
2.25 0.9840990030446308
2.3 0.9848755095082758
2.3499999999999996 0.9855967649383348
2.3999999999999995 0.9862673096887635
2.4499999999999993 0.9868914592140667
2.499999999999999 0.9874732229792552
2.549999999999999 0.9880162943077675
2.5999999999999988 0.9885240116253136
2.6499999999999986 0.9889994014109468
2.6999999999999984 0.9894451913847373
2.7499999999999982 0.989863831388805
2.799999999999998 0.9902575271902082
2.849999999999998 0.9906282577609145
2.8999999999999977 0.990977818924525
2.9499999999999975 0.9913078313710615
2.9999999999999973 0.9916197479776212