0 -0.0014940206861401176
0.05 0.001924047036727354
0.1 0.008462934543007469
0.15000000000000002 0.01806866406624459
0.2 0.030657651620747187
0.25 0.04611274747466463
0.3 0.06428047979520429
0.35 0.08497256481761832
0.39999999999999997 0.10797284156490286
0.44999999999999996 0.13304700150800497
0.49999999999999994 0.15995145391426432
0.5499999999999999 0.18844096458920084
0.6 0.21827540335390588
0.65 0.2492256533875021
0.7000000000000001 0.2810758109250491
0.7500000000000001 0.31362462712193223
0.8000000000000002 0.346692466558009
0.8500000000000002 0.3801333533561656
0.9000000000000002 0.4138432460588126
0.9500000000000003 0.44776049346335917
1.0000000000000002 0.4818594223306606
1.0500000000000003 0.5161389351799979
1.1000000000000003 0.5506057228673911
1.1500000000000004 0.5852510456052767
1.2000000000000004 0.6200269545927585
1.2500000000000004 0.6548298937881883
1.3000000000000005 0.6894863076484571
1.3500000000000005 0.7237323786172615
1.4000000000000006 0.7572029751967343
1.4500000000000006 0.7894427664729098
1.5000000000000007 0.819938233265696
1.5500000000000007 0.8481706350259416
1.6000000000000008 0.8736806497720923
1.6500000000000008 0.8961277916689148
1.7000000000000008 0.915334970471648
1.7500000000000009 0.931311532695507
1.800000000000001 0.9442410245167057
1.850000000000001 0.954443318196572
1.900000000000001 0.9623215164504535
1.950000000000001 0.9683021475559747
2.000000000000001 0.9727884906178647
2.0500000000000007 0.9761313882138528
2.1000000000000005 0.9786178399109364
2.1500000000000004 0.9804785631783194
2.2 0.9819010483243251
2.25 0.9830292069551659
2.3 0.9839640877139779
2.3499999999999996 0.9847688678929034
2.3999999999999995 0.9854765635614546
2.4499999999999993 0.9861047278036277
2.499999999999999 0.9866696440447991
2.549999999999999 0.9871890770235747
2.5999999999999988 0.9876774946209026
2.6499999999999986 0.98814363350224
2.6999999999999984 0.9885917082804577
2.7499999999999982 0.9890232904527871
2.799999999999998 0.9894387165570457
2.849999999999998 0.9898379335998465
2.8999999999999977 0.9902208081808157
2.9499999999999975 0.9905872714376629
2.9999999999999973 0.9909373722840883
2.9499999999999975 0.9911080528132176
2.8999999999999977 0.9911516473325603
2.849999999999998 0.9911023327688108
2.799999999999998 0.9909825783655906
2.7499999999999982 0.990807480836942
2.6999999999999984 0.9905872117387903
2.6499999999999986 0.9903285926028074
2.5999999999999988 0.9900361210182327
2.549999999999999 0.989712660365331
2.499999999999999 0.9893598553622935
2.4499999999999993 0.9889784445905677
2.3999999999999995 0.9885684603987703
2.3499999999999996 0.9881293806074599
2.3 0.9876602230869689
2.25 0.9871596133520106
2.2 0.9866258099151869
2.1500000000000004 0.9860567348240674
2.1000000000000005 0.9854499666538012
2.0500000000000007 0.9848027498309389
2.000000000000001 0.9841119783964088
1.9500000000000008 0.9833741642225106
1.9000000000000008 0.9825853977692056
1.8500000000000008 0.9817413556629079
1.8000000000000007 0.9808372132666238
1.7500000000000007 0.979867607531723
1.7000000000000006 0.9788265761106167
1.6500000000000006 0.9777074790603946
1.6000000000000005 0.9765029259012086
1.5500000000000005 0.9752046811092256
1.5000000000000004 0.9738035592950994
1.4500000000000004 0.9722893023815881
1.4000000000000004 0.9706504542112261
1.3500000000000003 0.9688741964388081
1.3000000000000003 0.9669461870907936
1.2500000000000002 0.9648503749544812
1.2000000000000002 0.9625687615329256
1.1500000000000001 0.9600811859787823
1.1 0.9573650533790437
1.05 0.9543950271691684
1.0 0.9511427419208189
0.95 0.9475764673767672
0.8999999999999999 0.9436607479493235
0.8499999999999999 0.9393560474394528
0.7999999999999998 0.9346184193751382
0.7499999999999998 0.9293991583901381
0.6999999999999997 0.9236445315557923
0.6499999999999997 0.9172955675831339
0.5999999999999996 0.9102879550007449
0.5499999999999996 0.902552078894608
0.4999999999999996 0.8940132331231442
0.4499999999999996 0.8845921367159598
0.39999999999999963 0.8742055747355254
0.34999999999999964 0.8627673943764889
0.29999999999999966 0.8501899652511594
0.24999999999999967 0.8363857958930142
0.19999999999999968 0.8212695056852479
0.1499999999999997 0.8047599698853567
0.09999999999999969 0.7867826119206622
0.049999999999999684 0.7672716052975482
-3.191891195797325e-16 0.7461718097935867
-0.05000000000000032 0.7234403983103094
-0.10000000000000032 0.6990481252757084
-0.15000000000000033 0.6729797009812332
-0.20000000000000034 0.6452335475330411
-0.25000000000000033 0.6158202252728021
-0.3000000000000003 0.5847599231017292
-0.3500000000000003 0.5520788666259324
-0.4000000000000003 0.5178053346638335
-0.4500000000000003 0.48196508559797274
-0.5000000000000003 0.44457729081233666
-0.5500000000000004 0.4056511299408106
-0.6000000000000004 0.36518387963511695
-0.6500000000000005 0.32315951968735407
-0.7000000000000005 0.2795479014904025
-0.7500000000000006 0.23430261416533052
-0.8000000000000006 0.18735812667057886
-0.8500000000000006 0.13862657539205925
-0.9000000000000007 0.08799656591250991
-0.9500000000000007 0.035334863967327164
-1.0000000000000007 -0.01950829403581423
-1.0500000000000007 -0.07668703077013583
-1.1000000000000008 -0.13633878124245338
-1.1500000000000008 -0.1985542399789964
-1.2000000000000008 -0.26333181276113743
-1.2500000000000009 -0.3305060849538291
-1.300000000000001 -0.39965489550225025
-1.350000000000001 -0.47000521756255986
-1.400000000000001 -0.54038551603175
-1.450000000000001 -0.6092714484602817
-1.500000000000001 -0.6749265880862464
-1.5500000000000012 -0.7356201817617247
-1.6000000000000012 -0.789878476780746
-1.6500000000000012 -0.83670798053296
-1.7000000000000013 -0.8757147982907254
-1.7500000000000013 -0.9070783715111259
-1.8000000000000014 -0.9314186601090991
-1.8500000000000014 -0.94963891482479
-1.9000000000000015 -0.9627959744494518
-1.9500000000000015 -0.9719724997804868
-2.0000000000000013 -0.9781601627654284
-2.050000000000001 -0.9821992541862379
-2.100000000000001 -0.9847573440847783
-2.150000000000001 -0.9863298825398561
-2.2000000000000006 -0.9872648491040757
-2.2500000000000004 -0.9878054202926511
-2.3000000000000003 -0.9881193780823818
-2.35 -0.9883089600755778
-2.4 -0.9884306487438939
-2.4499999999999997 -0.9885254414721019
-2.4999999999999996 -0.9886282748836805
-2.5499999999999994 -0.9887619727680145
-2.599999999999999 -0.988936361671062
-2.649999999999999 -0.9891505519211088
-2.699999999999999 -0.989396794636021
-2.7499999999999987 -0.9896659234272173
-2.7999999999999985 -0.9899493761689315
-2.8499999999999983 -0.9902406251806154
-2.899999999999998 -0.9905355697880575
-2.949999999999998 -0.9908313214828746
-2.999999999999998 -0.9911253273667495
-2.949999999999998 -0.9912547343438646
-2.899999999999998 -0.9912675450544707
-2.8499999999999983 -0.9911949525202008
-2.7999999999999985 -0.9910573716205788
-2.7499999999999987 -0.9908684848086314
-2.699999999999999 -0.9906374452716149
-2.649999999999999 -0.9903703449106769
-2.599999999999999 -0.9900711411957284
-2.5499999999999994 -0.989742290633832
-2.4999999999999996 -0.9893851303777584
-2.4499999999999997 -0.9890001740638361
-2.4 -0.9885872918552006
-2.35 -0.9881458213009716
-2.3000000000000003 -0.9876746896297484
-2.2500000000000004 -0.9871724351732991
-2.2000000000000006 -0.9866372554394842
-2.150000000000001 -0.9860670215981044
-2.100000000000001 -0.9854592797067058
-2.050000000000001 -0.9848112401251983
-2.0000000000000013 -0.98411977010399
-1.9500000000000013 -0.983381358664215
-1.9000000000000012 -0.9825920875395273
-1.8500000000000012 -0.981747616715621
-1.8000000000000012 -0.9808431073550702
-1.750000000000001 -0.9798731917568189
-1.700000000000001 -0.9788318923775943
-1.650000000000001 -0.977712571409934
-1.600000000000001 -0.9765078329538407
-1.550000000000001 -0.9752094404694032
-1.5000000000000009 -0.9738082033096495
-1.4500000000000008 -0.9722938735097255
-1.4000000000000008 -0.9706549862072807
-1.3500000000000008 -0.9688787300313413
-1.3000000000000007 -0.9669507596652163
-1.2500000000000007 -0.9648550188220574
-1.2000000000000006 -0.9625735172951708
-1.1500000000000006 -0.9600860926756885
-1.1000000000000005 -0.9573701469291148
-1.0500000000000005 -0.9544003497955361
-1.0000000000000004 -0.9511483425104049
-0.9500000000000004 -0.9475823932078137
-0.9000000000000004 -0.9436670439834298
-0.8500000000000003 -0.9393627696674424
-0.8000000000000003 -0.9346256362654899
-0.7500000000000002 -0.9294069593119774
-0.7000000000000002 -0.9236530259085974
-0.6500000000000001 -0.9173048906364398
-0.6000000000000001 -0.910298268249247
-0.55 -0.9025635807817046
-0.5 -0.8940261706977767
-0.45 -0.8846068094436301
-0.4 -0.8742223601066383
-0.35000000000000003 -0.8627867809425882
-0.30000000000000004 -0.8502125252560246
-0.25000000000000006 -0.8364122244567297
-0.20000000000000007 -0.8213006525541258
-0.15000000000000008 -0.8047968890992602
-0.10000000000000007 -0.7868265824364058
-0.05000000000000007 -0.7673241748411606
-6.938893903907228e-17 -0.7462348315962098
0.04999999999999993 -0.72351605847145
0.09999999999999994 -0.6991388832137984
0.14999999999999994 -0.6730882532451576
0.19999999999999996 -0.6453627056185874
0.24999999999999994 -0.6159727487683678
0.29999999999999993 -0.5849384109175604
0.3499999999999999 -0.5522857182495746
0.3999999999999999 -0.5180429729388372
0.4499999999999999 -0.4822363986673563
0.4999999999999999 -0.4448861199032393
0.5499999999999999 -0.4060023580319062
0.6 -0.3655829837473178
0.65 -0.3236113098092601
0.7000000000000001 -0.280054507342714
0.7500000000000001 -0.2348612255295575
0.8000000000000002 -0.1879590551721314
0.8500000000000002 -0.1392528774928068
0.9000000000000002 -0.08862592535352311
0.9500000000000003 -0.035943620972889584
1.0000000000000002 0.01894055956677487
1.0500000000000003 0.0761741997497102
1.1000000000000003 0.13588762191237042
1.1500000000000004 0.19816578897479561
1.2000000000000004 0.2630031703930833
1.2500000000000004 0.33023195357913243
1.3000000000000005 0.39942881416447856
1.3500000000000005 0.46982009974122335
1.4000000000000006 0.5402336511405088
1.4500000000000006 0.6091453956489657
1.5000000000000007 0.6748215864627223
1.5500000000000007 0.7355354099609358
1.6000000000000008 0.789815349328203
1.6500000000000008 0.8366681287159908
1.7000000000000008 0.8757004983100865
1.7500000000000009 0.9070917810831785
1.800000000000001 0.9314577338088311
1.850000000000001 0.9496976653910872
1.900000000000001 0.9628677858925431
1.950000000000001 0.9720505406278057
2.000000000000001 0.9782362795778502
2.0500000000000007 0.9822651321455402
2.1000000000000005 0.9848077518364683
2.1500000000000004 0.9863645529508127
2.2 0.9872867203371033
2.25 0.9878183728447253
2.3 0.9881273851165708
2.3499999999999996 0.9883163836610859
2.3999999999999995 0.9884409798960767
2.4499999999999993 0.9885394341838253
2.499999999999999 0.9886453890038226
2.549999999999999 0.988781154548033
2.5999999999999988 0.988955156154082
2.6499999999999986 0.9891661231232856
2.6999999999999984 0.9894075199688891
2.7499999999999982 0.9896716883292275
2.799999999999998 0.9899516802164504
2.849999999999998 0.9902413240708057
2.8999999999999977 0.9905357359066815
2.9499999999999975 0.990831353675064
2.9999999999999973 0.9911253337699921