0 -0.0012085838440132478
0.05 0.00995434790026407
0.1 0.02998837007598448
0.15000000000000002 0.05611566181789124
0.2 0.08571833836492565
0.25 0.11696724032048053
0.3 0.1489540809658613
0.35 0.18150770514424322
0.39999999999999997 0.21471613536031955
0.44999999999999996 0.24869953912466128
0.49999999999999994 0.2836937843225086
0.5499999999999999 0.3200580031589398
0.6 0.3582905326441439
0.65 0.39902908033346296
0.7000000000000001 0.44306498052362087
0.7500000000000001 0.49127533391640643
0.8000000000000002 0.5441074527168877
0.8500000000000002 0.6018198972687224
0.9000000000000002 0.663488016039717
0.9500000000000003 0.7258670808300497
1.0000000000000002 0.7841330877435843
1.0500000000000003 0.8340947154957872
1.1000000000000003 0.8734036579403731
1.1500000000000004 0.902123285119289
1.2000000000000004 0.921783560617235
1.2500000000000004 0.9346928457320733
1.3000000000000005 0.9435014384480457
1.3500000000000005 0.9497847322181989
1.4000000000000006 0.9545794572842785
1.4500000000000006 0.9582721698638902
1.5000000000000007 0.9611852631749308
1.5500000000000007 0.9636825589427733
1.6000000000000008 0.9659486979618752
1.6500000000000008 0.9680282319512974
1.7000000000000008 0.9699546740846992
1.7500000000000009 0.9717588669034165
1.800000000000001 0.973464776723916
1.850000000000001 0.9750475522943172
1.900000000000001 0.9765183655899794
1.950000000000001 0.9778822582639117
2.000000000000001 0.9791435267994202
2.0500000000000007 0.9803078131166026
2.1000000000000005 0.9813817098260467
2.1500000000000004 0.9823721722816612
2.2 0.9832862026157448
2.25 0.9841305353342619
2.3 0.9849115285992065
2.3499999999999996 0.9856350511261089
2.3999999999999995 0.9863064930252593
2.4499999999999993 0.9869306808291612
2.499999999999999 0.9875119690119124
2.549999999999999 0.9880542592069957
2.5999999999999988 0.9885610453592946
2.6499999999999986 0.9890354227406389
2.6999999999999984 0.9894801788558312
2.7499999999999982 0.989897783006768
2.799999999999998 0.9902904618110006
2.849999999999998 0.9906602111527185
2.8999999999999977 0.9910088133384127
2.9499999999999975 0.9913379024460389
2.9999999999999973 0.9916489427224267
2.9499999999999975 0.9916252098791107
2.8999999999999977 0.9914504578000961
2.849999999999998 0.991199653548054
2.799999999999998 0.9909042514966148
2.7499999999999982 0.9905776439520594
2.6999999999999984 0.9902252470771545
2.6499999999999986 0.9898488251416564
2.5999999999999988 0.9894483467995101
2.549999999999999 0.9890228166395852
2.499999999999999 0.9885707234895266
2.4499999999999993 0.9880901311470068
2.3999999999999995 0.9875788059711847
2.3499999999999996 0.9870341951267164
2.3 0.9864534319969362
2.25 0.985833324055146
2.2 0.9851703021868139
2.1500000000000004 0.9844603892359547
2.1000000000000005 0.9836991497156697
2.0500000000000007 0.9828816453135313
2.000000000000001 0.9820023006999548
1.9500000000000008 0.9810548677409829
1.9000000000000008 0.980032300714301
1.8500000000000008 0.9789266581715192
1.8000000000000007 0.9777289451966878
1.7500000000000007 0.9764289823224307
1.7000000000000006 0.9750151717013067
1.6500000000000006 0.9734743423009378
1.6000000000000005 0.9717914464350565
1.5500000000000005 0.9699492732030572
1.5000000000000004 0.9679280704162172
1.4500000000000004 0.965705176834757
1.4000000000000004 0.9632545491829914
1.3500000000000003 0.9605461503528145
1.3000000000000003 0.9575454380220326
1.2500000000000002 0.9542126395784826
1.2000000000000002 0.9505019630506032
1.1500000000000001 0.9463609257128008
1.1 0.9417295296789391
1.05 0.9365395706238365
1.0 0.9307141496103298
0.95 0.9241675812519673
0.8999999999999999 0.9168057544752396
0.8499999999999999 0.9085271258082315
0.7999999999999998 0.899224335201578
0.7499999999999998 0.8887867486682377
0.6999999999999997 0.8771038919485725
0.6499999999999997 0.8640704122969282
0.5999999999999996 0.8495931401695218
0.5499999999999996 0.8335995368733775
0.4999999999999996 0.8160448812465557
0.4499999999999996 0.7969163967550457
0.39999999999999963 0.7762349691495978
0.34999999999999964 0.7540562659557178
0.29999999999999966 0.7304657526182662
0.24999999999999967 0.7055637377090859
0.19999999999999968 0.6794433313127378
0.1499999999999997 0.652166139314119
0.09999999999999969 0.623756185951799
0.049999999999999684 0.5942277436916374
-3.191891195797325e-16 0.5635922800261911
-0.05000000000000032 0.5318367808801543
-0.10000000000000032 0.49889984388845754
-0.15000000000000033 0.46467694408520943
-0.20000000000000034 0.4290289677244665
-0.25000000000000033 0.39177273494539194
-0.3000000000000003 0.3526830125894267
-0.3500000000000003 0.31149389284732765
-0.4000000000000003 0.2678902046140159
-0.4500000000000003 0.22148676106181248
-0.5000000000000003 0.17179567434322754
-0.5500000000000004 0.11817575503548741
-0.6000000000000004 0.05974963549730352
-0.6500000000000005 -0.0047430403069311225
-0.7000000000000005 -0.07712301807398163
-0.7500000000000006 -0.15980700851246799
-0.8000000000000006 -0.25550787617770265
-0.8500000000000006 -0.3653931004809904
-0.9000000000000007 -0.48547266212395074
-0.9500000000000007 -0.6057787846714795
-1.0000000000000007 -0.714180385533612
-1.0500000000000007 -0.800982165199759
-1.1000000000000008 -0.8633222548750266
-1.1500000000000008 -0.9050265269408502
-1.2000000000000008 -0.9311803597493653
-1.2500000000000009 -0.9466914658621423
-1.300000000000001 -0.9554189127973072
-1.350000000000001 -0.9602750682405349
-1.400000000000001 -0.963234223185892
-1.450000000000001 -0.9652875392774524
-1.500000000000001 -0.9667585746049167
-1.5500000000000012 -0.9680090399264077
-1.6000000000000012 -0.9691790871072734
-1.6500000000000012 -0.9703531498899207
-1.7000000000000013 -0.9716048611056164
-1.7500000000000013 -0.9729140647163295
-1.8000000000000014 -0.9742441277023367
-1.8500000000000014 -0.9755764261830215
-1.9000000000000015 -0.9768704313635025
-1.9500000000000015 -0.978115218443071
-2.0000000000000013 -0.9792966313629153
-2.050000000000001 -0.9804072347600231
-2.100000000000001 -0.9814455397960764
-2.150000000000001 -0.9824127617932216
-2.2000000000000006 -0.9833117919392288
-2.2500000000000004 -0.9841465366580561
-2.3000000000000003 -0.9849214847710044
-2.35 -0.9856412250598862
-2.4 -0.9863103133972159
-2.4499999999999997 -0.986933056010778
-2.4999999999999996 -0.9875134609080075
-2.5499999999999994 -0.9880552252894307
-2.599999999999999 -0.9885616895319352
-2.649999999999999 -0.9890358699898946
-2.699999999999999 -0.9894805016458504
-2.7499999999999987 -0.9898980368229099
-2.7999999999999985 -0.9902906698078645
-2.8499999999999983 -0.9906603817470572
-2.899999999999998 -0.9910089702786361
-2.949999999999998 -0.9913380406296604
-2.999999999999998 -0.991649056419612
-2.949999999999998 -0.9916253042941094
-2.899999999999998 -0.9914505397861276
-2.8499999999999983 -0.9911997341567587
-2.7999999999999985 -0.9909043382593203
-2.7499999999999987 -0.9905777375996638
-2.699999999999999 -0.9902253524580612
-2.649999999999999 -0.9898489437930341
-2.599999999999999 -0.9894484781851807
-2.5499999999999994 -0.9890229647267854
-2.4999999999999996 -0.9885708876092983
-2.4499999999999997 -0.988090308045725
-2.4 -0.9875790014529827
-2.35 -0.9870344088254925
-2.3000000000000003 -0.9864536740160731
-2.2500000000000004 -0.9858335838738491
-2.2000000000000006 -0.9851705926581096
-2.150000000000001 -0.9844607124437947
-2.100000000000001 -0.9836995079031161
-2.050000000000001 -0.9828820372540948
-2.0000000000000013 -0.9820027337849587
-1.9500000000000013 -0.9810553388946702
-1.9000000000000012 -0.9800328092438443
-1.8500000000000012 -0.9789272078652497
-1.8000000000000012 -0.977729534098007
-1.750000000000001 -0.9764296179428907
-1.700000000000001 -0.9750158633213856
-1.650000000000001 -0.9734751055179653
-1.600000000000001 -0.9717922894100927
-1.550000000000001 -0.969950201678344
-1.5000000000000009 -0.9679290928863618
-1.4500000000000008 -0.9657063156126862
-1.4000000000000008 -0.9632557860607412
-1.3500000000000008 -0.9605475085304447
-1.3000000000000007 -0.9575469364164044
-1.2500000000000007 -0.9542142575766628
-1.2000000000000006 -0.9505037153354374
-1.1500000000000006 -0.946362835644286
-1.1000000000000005 -0.9417316171412691
-1.0500000000000005 -0.9365419104184942
-1.0000000000000004 -0.9307168828876938
-0.9500000000000004 -0.9241708889861799
-0.9000000000000004 -0.9168099068759811
-0.8500000000000003 -0.9085325053552914
-0.8000000000000003 -0.899231535059672
-0.7500000000000002 -0.8887966851686359
-0.7000000000000002 -0.87711791147156
-0.6500000000000001 -0.8640904974311483
-0.6000000000000001 -0.8496223791098589
-0.55 -0.8336427633290235
-0.5 -0.8161093179114369
-0.45 -0.7970111972091378
-0.4 -0.7763681027961737
-0.35000000000000003 -0.7542293752812539
-0.30000000000000004 -0.7306702884239606
-0.25000000000000006 -0.7057824550666043
-0.20000000000000007 -0.6796581700097416
-0.15000000000000008 -0.6523676267514337
-0.10000000000000007 -0.6239473775748934
-0.05000000000000007 -0.5944198569162794
-6.938893903907228e-17 -0.5637953983550777
0.04999999999999993 -0.5320498504896142
0.09999999999999994 -0.49911496481537737
0.14999999999999994 -0.4648840693698399
0.19999999999999996 -0.4292173467813458
0.24999999999999994 -0.39193602049773923
0.29999999999999993 -0.35281992749327273
0.3499999999999999 -0.31160593056524327
0.3999999999999999 -0.2679796591712356
0.4499999999999999 -0.22155587872145496
0.4999999999999999 -0.17184622022049137
0.5499999999999999 -0.11820907376774809
0.6 -0.059766670240958115
0.65 0.0047418659338413355
0.7000000000000001 0.07713857273941667
0.7500000000000001 0.15984285561380715
0.8000000000000002 0.25556829169562223
0.8500000000000002 0.36544355921517485
0.9000000000000002 0.48544001377135426
0.9500000000000003 0.605687031504234
1.0000000000000002 0.7141445787610944
1.0500000000000003 0.8010292211483585
1.1000000000000003 0.8634882811813159
1.1500000000000004 0.9052938095579983
1.2000000000000004 0.9314084564833537
1.2500000000000004 0.946782492952113
1.3000000000000005 0.9554797193313221
1.3500000000000005 0.9603404057042019
1.4000000000000006 0.9632876304117243
1.4500000000000006 0.9653248668392465
1.5000000000000007 0.966785097341596
1.5500000000000007 0.9680259931847413
1.6000000000000008 0.9691899460388356
1.6500000000000008 0.9703627620864212
1.7000000000000008 0.971611915486508
1.7500000000000009 0.9729147090683636
1.800000000000001 0.9742384928780462
1.850000000000001 0.9755590681188945
1.900000000000001 0.9768608471901967
1.950000000000001 0.9781053931082511
2.000000000000001 0.9792869494562328
2.0500000000000007 0.9804017722160557
2.1000000000000005 0.9814427806063325
2.1500000000000004 0.9824113448974551
2.2 0.9833110285182313
2.25 0.9841461172428984
2.3 0.9849212464840428
2.3499999999999996 0.9856410903367013
2.3999999999999995 0.9863102327832877
2.4499999999999993 0.9869330037728488
2.499999999999999 0.9875134307771807
2.549999999999999 0.988055207687874
2.5999999999999988 0.9885616784754099
2.6499999999999986 0.989035864836903
2.6999999999999984 0.9894804990415681
2.7499999999999982 0.9898980348660978
2.799999999999998 0.9902906692974232
2.849999999999998 0.9906603894836844
2.8999999999999977 0.9910089840933527
2.9499999999999975 0.9913380583847616
2.9999999999999973 0.9916490710167168