0 -0.001289712091216589
0.05 0.006384473912082426
0.1 0.02087339970033853
0.15000000000000002 0.04134275376513434
0.2 0.06661627374570574
0.25 0.09542294883771327
0.3 0.1266129068879771
0.35 0.15929860724663855
0.39999999999999997 0.192855618417439
0.44999999999999996 0.22690191381671354
0.49999999999999994 0.2613134757198438
0.5499999999999999 0.2961724678513169
0.6 0.3316744956256667
0.65 0.36808330904968284
0.7000000000000001 0.4057157066895036
0.7500000000000001 0.4449332179725799
0.8000000000000002 0.48613491071882203
0.8500000000000002 0.5296866179572104
0.9000000000000002 0.5757620346398644
0.9500000000000003 0.6242873152824693
1.0000000000000002 0.6747625153437262
1.0500000000000003 0.7258482225535077
1.1000000000000003 0.7753128449177928
1.1500000000000004 0.8206193113136827
1.2000000000000004 0.8596026648592836
1.2500000000000004 0.8909580732397221
1.3000000000000005 0.9146859697068245
1.3500000000000005 0.9317995398408888
1.4000000000000006 0.9437682264045401
1.4500000000000006 0.9521640459835419
1.5000000000000007 0.9580958798795839
1.5500000000000007 0.9623843043014848
1.6000000000000008 0.9655764114098613
1.6500000000000008 0.968031238997799
1.7000000000000008 0.9700691312778473
1.7500000000000009 0.9718308991854119
1.800000000000001 0.973376858254063
1.850000000000001 0.9747985932469261
1.900000000000001 0.9761552990879642
1.950000000000001 0.9774419762993011
2.000000000000001 0.9786456740140402
2.0500000000000007 0.9797740717855367
2.1000000000000005 0.9808345125143416
2.1500000000000004 0.9818299141612122
2.2 0.9827619966025214
2.25 0.983632833934551
2.3 0.9844451306437398
2.3499999999999996 0.9852020851373875
2.3999999999999995 0.9859071877114083
2.4499999999999993 0.986564036115484
2.499999999999999 0.987176227704
2.549999999999999 0.9877472541742883
2.5999999999999988 0.9882804217974853
2.6499999999999986 0.9887788305679686
2.6999999999999984 0.9892453592412024
2.7499999999999982 0.9896826253028782
2.799999999999998 0.9900930136231498
2.849999999999998 0.9904787138691257
2.8999999999999977 0.9908416875169768
2.9499999999999975 0.9911837202323877
2.9999999999999973 0.991506443934829
2.9499999999999975 0.9915467575726303
2.8999999999999977 0.9914347330844216
2.849999999999998 0.9912336492274798
2.799999999999998 0.9909761096952769
2.7499999999999982 0.990678639681178
2.6999999999999984 0.9903496981877802
2.6499999999999986 0.9899933568364668
2.5999999999999988 0.9896112465946626
2.549999999999999 0.9892035365985038
2.499999999999999 0.9887695124517513
2.4499999999999993 0.9883078422193675
2.3999999999999995 0.9878167360902937
2.3499999999999996 0.9872940389052757
2.3 0.9867373031927476
2.25 0.9861437389673955
2.2 0.9855101841972095
2.1500000000000004 0.9848330950772166
2.1000000000000005 0.9841085243614434
2.0500000000000007 0.9833321001376818
2.000000000000001 0.9824989204061778
1.9500000000000008 0.9816035163480022
1.9000000000000008 0.980639737655547
1.8500000000000008 0.9796006881535061
1.8000000000000007 0.9784786396442047
1.7500000000000007 0.9772648581863677
1.7000000000000006 0.9759495124804353
1.6500000000000006 0.9745214710829424
1.6000000000000005 0.9729681530540595
1.5500000000000005 0.9712752595913919
1.5000000000000004 0.9694265472949881
1.4500000000000004 0.9674035275950382
1.4000000000000004 0.9651851281970492
1.3500000000000003 0.9627473012773425
1.3000000000000003 0.9600625677392168
1.2500000000000002 0.9570995505675609
1.2000000000000002 0.9538224363280459
1.1500000000000001 0.9501903725556787
1.1 0.9461569023932089
1.05 0.9416692657307963
1.0 0.9366678630817089
0.95 0.9310857319850921
0.8999999999999999 0.9248482887086938
0.8499999999999999 0.9178732767381991
0.7999999999999998 0.9100711412804104
0.7499999999999998 0.9013459944113759
0.6999999999999997 0.8915969633292857
0.6499999999999997 0.8807204913517074
0.5999999999999996 0.868613063734455
0.5499999999999996 0.8551747803121015
0.4999999999999996 0.840313598595763
0.4499999999999996 0.8239505114603999
0.39999999999999963 0.8060249811204292
0.34999999999999964 0.7864996214868714
0.29999999999999966 0.7653619883273931
0.24999999999999967 0.7426226626810679
0.19999999999999968 0.7183119263486594
0.1499999999999997 0.6924781035628517
0.09999999999999969 0.665186755649477
0.049999999999999684 0.6365173793503283
-3.191891195797325e-16 0.6065508424668233
-0.05000000000000032 0.5753495338517685
-0.10000000000000032 0.5429432163179362
-0.15000000000000033 0.5093266629330704
-0.20000000000000034 0.4744629171132094
-0.25000000000000033 0.43828257449658475
-0.3000000000000003 0.40067886181827056
-0.3500000000000003 0.3615055174506862
-0.4000000000000003 0.32058756348284356
-0.4500000000000003 0.2777256505292066
-0.5000000000000003 0.23267284927586904
-0.5500000000000004 0.1851100589146131
-0.6000000000000004 0.13463342533765085
-0.6500000000000005 0.08073722833297695
-0.7000000000000005 0.022783048759103572
-0.7500000000000006 -0.04004421549921864
-0.8000000000000006 -0.10874600585853957
-0.8500000000000006 -0.18446625806831857
-0.9000000000000007 -0.26831052891797236
-0.9500000000000007 -0.3606941182877231
-1.0000000000000007 -0.46015563306206414
-1.0500000000000007 -0.5623413401559417
-1.1000000000000008 -0.6606262337117257
-1.1500000000000008 -0.7480814424215392
-1.2000000000000008 -0.8196564609281016
-1.2500000000000009 -0.8738527724745836
-1.300000000000001 -0.9122869055821228
-1.350000000000001 -0.9378560434841182
-1.400000000000001 -0.9538092853498412
-1.450000000000001 -0.9632620674217379
-1.500000000000001 -0.9686634120624263
-1.5500000000000012 -0.9717004781298701
-1.6000000000000012 -0.9734661618063147
-1.6500000000000012 -0.974563129153675
-1.7000000000000013 -0.9753442452103813
-1.7500000000000013 -0.9759951776138168
-1.8000000000000014 -0.9765950751810737
-1.8500000000000014 -0.9772465399081394
-1.9000000000000015 -0.9779765175774523
-1.9500000000000015 -0.9787592711227214
-2.0000000000000013 -0.9795789352328527
-2.050000000000001 -0.9804333963850611
-2.100000000000001 -0.9813129587293058
-2.150000000000001 -0.9821777723413581
-2.2000000000000006 -0.9830095369826065
-2.2500000000000004 -0.9838060114222489
-2.3000000000000003 -0.9845648913064066
-2.35 -0.9852841698409345
-2.4 -0.9859630259379842
-2.4499999999999997 -0.986601788238872
-2.4999999999999996 -0.9872016313346482
-2.5499999999999994 -0.9877642777738916
-2.599999999999999 -0.9882917928718158
-2.649999999999999 -0.9887864215428362
-2.699999999999999 -0.9892504273080525
-2.7499999999999987 -0.9896860262142431
-2.7999999999999985 -0.9900953209850132
-2.8499999999999983 -0.9904802936578893
-2.899999999999998 -0.9908427873348865
-2.949999999999998 -0.9911845116016426
-2.999999999999998 -0.9915070215527838
-2.949999999999998 -0.9915472177281228
-2.899999999999998 -0.9914351267195912
-2.8499999999999983 -0.9912340048630002
-2.7999999999999985 -0.9909764447682291
-2.7499999999999987 -0.9906789738799042
-2.699999999999999 -0.9903500357521461
-2.649999999999999 -0.9899937053484021
-2.599999999999999 -0.989611610572217
-2.5499999999999994 -0.9892039239102389
-2.4999999999999996 -0.9887699222153125
-2.4499999999999997 -0.9883082784753564
-2.4 -0.9878172067388076
-2.35 -0.9872945461271929
-2.3000000000000003 -0.9867378499628348
-2.2500000000000004 -0.9861443235327625
-2.2000000000000006 -0.9855108020722274
-2.150000000000001 -0.9848337464331443
-2.100000000000001 -0.9841092147767446
-2.050000000000001 -0.9833328257858654
-2.0000000000000013 -0.9824996772380706
-1.9500000000000013 -0.9816043034773501
-1.9000000000000012 -0.9806405568198878
-1.8500000000000012 -0.9796015319732693
-1.8000000000000012 -0.9784795130268441
-1.750000000000001 -0.9772657528366079
-1.700000000000001 -0.9759504246478622
-1.650000000000001 -0.9745224111011287
-1.600000000000001 -0.9729691281518992
-1.550000000000001 -0.971276273153579
-1.5000000000000009 -0.9694276090803211
-1.4500000000000008 -0.9674046412097432
-1.4000000000000008 -0.9651862930570907
-1.3500000000000008 -0.9627485118614638
-1.3000000000000007 -0.9600638182558562
-1.2500000000000007 -0.9571008536132612
-1.2000000000000006 -0.9538238267978412
-1.1500000000000006 -0.9501918761607435
-1.1000000000000005 -0.9461585382820388
-1.0500000000000005 -0.9416710739287089
-1.0000000000000004 -0.9366698918206336
-0.9500000000000004 -0.9310880708093869
-0.9000000000000004 -0.9248510465336043
-0.8500000000000003 -0.9178766137495961
-0.8000000000000003 -0.9100752708416332
-0.7500000000000002 -0.9013511942396251
-0.7000000000000002 -0.8916036368189469
-0.6500000000000001 -0.8807292074530189
-0.6000000000000001 -0.8686246597691752
-0.55 -0.8551904432089573
-0.5 -0.840335036303162
-0.45 -0.823980206074966
-0.4 -0.8060666161604253
-0.35000000000000003 -0.7865588179952773
-0.30000000000000004 -0.7654471453578199
-0.25000000000000006 -0.7427452923957997
-0.20000000000000007 -0.7184851328136949
-0.15000000000000008 -0.6927124304738566
-0.10000000000000007 -0.6654846215493877
-0.05000000000000007 -0.6368699773306223
-6.938893903907228e-17 -0.6069417571940562
0.04999999999999993 -0.5757634364866295
0.09999999999999994 -0.5433693547878067
0.14999999999999994 -0.5097518407561273
0.19999999999999996 -0.4748639684852979
0.24999999999999994 -0.43863195385896636
0.29999999999999993 -0.40096274849313257
0.3499999999999999 -0.361735140945086
0.3999999999999999 -0.3207880800732385
0.4499999999999999 -0.27791523474099095
0.4999999999999999 -0.23285709181114955
0.5499999999999999 -0.18528804490972547
0.6 -0.13480296334921135
0.65 -0.08089676210352444
0.7000000000000001 -0.022931918187590047
0.7500000000000001 0.039906218601567185
0.8000000000000002 0.10861902327108236
0.8500000000000002 0.1843506837551922
0.9000000000000002 0.2682066790992023
0.9500000000000003 0.3605980941111457
1.0000000000000002 0.46005113894239863
1.0500000000000003 0.5622212045994397
1.1000000000000003 0.660534067456591
1.1500000000000004 0.7480514643284382
1.2000000000000004 0.819666931285655
1.2500000000000004 0.8738926917412826
1.3000000000000005 0.9123614435733911
1.3500000000000005 0.937936348897507
1.4000000000000006 0.9538624925323919
1.4500000000000006 0.963322833722121
1.5000000000000007 0.9687267797327088
1.5500000000000007 0.9717469650176983
1.6000000000000008 0.9734968658329702
1.6500000000000008 0.974582914516449
1.7000000000000008 0.9753566692547762
1.7500000000000009 0.9760033832720916
1.800000000000001 0.9766013970191174
1.850000000000001 0.9772514227399337
1.900000000000001 0.9779811100574479
1.950000000000001 0.9787630959780187
2.000000000000001 0.9795822468170882
2.0500000000000007 0.9804328492720844
2.1000000000000005 0.9813058449187538
2.1500000000000004 0.9821733213191942
2.2 0.9830082768256592
2.25 0.9838058821356679
2.3 0.9845650354612818
2.3499999999999996 0.9852843325091135
2.3999999999999995 0.9859631474468914
2.4499999999999993 0.9866018643824546
2.499999999999999 0.987201667707298
2.549999999999999 0.9877642881817008
2.5999999999999988 0.9882917893463095
2.6499999999999986 0.988786412429448
2.6999999999999984 0.9892504119081855
2.7499999999999982 0.9896860071646104
2.799999999999998 0.9900953012787195
2.849999999999998 0.9904802773185034
2.8999999999999977 0.9908427710083708
2.9499999999999975 0.9911844969032326
2.9999999999999973 0.9915070112892918