0 -0.0013712964888891446
0.05 0.00957178928245837
0.1 0.029414098378263972
0.15000000000000002 0.055467640153267786
0.2 0.08509839779247019
0.25 0.11642043249184701
0.3 0.14852604088858895
0.35 0.18122692996651646
0.39999999999999997 0.2145682594212587
0.44999999999999996 0.24865030774666255
0.49999999999999994 0.28372862967461077
0.5499999999999999 0.3201659858256561
0.6 0.35837736574411116
0.65 0.3989449080219354
0.7000000000000001 0.4427273536637225
0.7500000000000001 0.4906818290969518
0.8000000000000002 0.5433859284287987
0.8500000000000002 0.600964550036966
0.9000000000000002 0.6624171872899224
0.9500000000000003 0.724574703565033
1.0000000000000002 0.7829788662694797
1.0500000000000003 0.8335214828243841
1.1000000000000003 0.8732051934084697
1.1500000000000004 0.9021028993598996
1.2000000000000004 0.9219027899814665
1.2500000000000004 0.9349022528988625
1.3000000000000005 0.9436502834991258
1.3500000000000005 0.949833307503447
1.4000000000000006 0.954554801139721
1.4500000000000006 0.958252489531649
1.5000000000000007 0.9612272563135351
1.5500000000000007 0.9637629587316652
1.6000000000000008 0.9660568565755246
1.6500000000000008 0.9681514628106769
1.7000000000000008 0.9700839091712744
1.7500000000000009 0.971892591304044
1.800000000000001 0.9735938370119626
1.850000000000001 0.9751717813542957
1.900000000000001 0.9766381388141384
1.950000000000001 0.9779970572180143
2.000000000000001 0.9792529551277003
2.0500000000000007 0.9804116768947677
2.1000000000000005 0.9814799579305058
2.1500000000000004 0.982464902910917
2.2 0.9833736018284996
2.25 0.9842128927861946
2.3 0.9849891430841659
2.3499999999999996 0.985708253134045
2.3999999999999995 0.9863755908831594
2.4499999999999993 0.9869960133924672
2.499999999999999 0.9875738366539821
2.549999999999999 0.9881129433039555
2.5999999999999988 0.9886167946034408
2.6499999999999986 0.9890884663862226
2.6999999999999984 0.9895307088042309
2.7499999999999982 0.9899459894070058
2.799999999999998 0.9903365171110272
2.849999999999998 0.9907042625850951
2.8999999999999977 0.9910510032766767
2.9499999999999975 0.9913783486262623
2.9999999999999973 0.9916877504489181
2.9499999999999975 0.9916642283428533
2.8999999999999977 0.991490404453437
2.849999999999998 0.9912408634932518
2.799999999999998 0.9909469571765125
2.7499999999999982 0.9906220295653133
2.6999999999999984 0.990271479835124
2.6499999999999986 0.9898970601536345
2.5999999999999988 0.9894987245055887
2.549999999999999 0.9890755045686638
2.499999999999999 0.9886258531607142
2.4499999999999993 0.9881479049141509
2.3999999999999995 0.987639419519292
2.3499999999999996 0.9870978652836343
2.3 0.9865203838886123
2.25 0.9859038417988529
2.2 0.9852447062863555
2.1500000000000004 0.9845390192788759
2.1000000000000005 0.9837823907000801
2.0500000000000007 0.9829698978035546
2.000000000000001 0.9820960353729157
1.9500000000000008 0.981154591071146
1.9000000000000008 0.9801385965569632
1.8500000000000008 0.9790401679506965
1.8000000000000007 0.9778504194255142
1.7500000000000007 0.9765592437928675
1.7000000000000006 0.9751551596247322
1.6500000000000006 0.973625114420121
1.6000000000000005 0.9719541928445627
1.5500000000000005 0.9701253207531767
1.5000000000000004 0.9681189280043687
1.4500000000000004 0.9659125108213925
1.4000000000000004 0.9634801960952131
1.3500000000000003 0.9607921726930579
1.3000000000000003 0.9578140286908002
1.2500000000000002 0.9545061357649951
1.2000000000000002 0.9508227032712864
1.1500000000000001 0.9467111353798667
1.1 0.9421110225339836
1.05 0.9369534761906472
1.0 0.9311603937096936
0.95 0.9246442709745228
0.8999999999999999 0.9173083125058551
0.8499999999999999 0.9090474735640097
0.7999999999999998 0.8997503453747262
0.7499999999999998 0.8893021936254941
0.6999999999999997 0.8775891329701375
0.6499999999999997 0.8645040148026757
0.5999999999999996 0.8499546257782448
0.5499999999999996 0.8338739987078472
0.4999999999999996 0.8162299266311872
0.4499999999999996 0.7970287636239385
0.39999999999999963 0.7763121260164069
0.34999999999999964 0.7541467575146048
0.29999999999999966 0.7306105188868651
0.24999999999999967 0.7057820509559399
0.19999999999999968 0.679735966430435
0.1499999999999997 0.6525335637923674
0.09999999999999969 0.6242093383048722
0.049999999999999684 0.5947653693445357
-3.191891195797325e-16 0.564175701658148
-0.05000000000000032 0.5323998492225582
-0.10000000000000032 0.4993774826096161
-0.15000000000000033 0.4650161753834268
-0.20000000000000034 0.4291945099946999
-0.25000000000000033 0.39174725994701676
-0.3000000000000003 0.3524679603582104
-0.3500000000000003 0.3111101995499184
-0.4000000000000003 0.26736663612084033
-0.4500000000000003 0.22084997830092165
-0.5000000000000003 0.17106697993743697
-0.5500000000000004 0.1173722912671932
-0.6000000000000004 0.058888463448780674
-0.6500000000000005 -0.005634465283385415
-0.7000000000000005 -0.0780440958152148
-0.7500000000000006 -0.16080724922101808
-0.8000000000000006 -0.2567604472269266
-0.8500000000000006 -0.36700643441939956
-0.9000000000000007 -0.48709061920324714
-0.9500000000000007 -0.6073237376200651
-1.0000000000000007 -0.7157852041930838
-1.0500000000000007 -0.8023126942272416
-1.1000000000000008 -0.8641053223563092
-1.1500000000000008 -0.9054258799001188
-1.2000000000000008 -0.931507633893479
-1.2500000000000009 -0.9470157653928233
-1.300000000000001 -0.9556456903923786
-1.350000000000001 -0.9604201162523828
-1.400000000000001 -0.9632832288050577
-1.450000000000001 -0.9652513369827044
-1.500000000000001 -0.9668142638489777
-1.5500000000000012 -0.9681718931829864
-1.6000000000000012 -0.9693903000556513
-1.6500000000000012 -0.9705784631846355
-1.7000000000000013 -0.9717904324450949
-1.7500000000000013 -0.9730779207495811
-1.8000000000000014 -0.9744062816272662
-1.8500000000000014 -0.9757298330115657
-1.9000000000000015 -0.9770140395422025
-1.9500000000000015 -0.9782459942970075
-2.0000000000000013 -0.9794157260374223
-2.050000000000001 -0.980516990682985
-2.100000000000001 -0.9815474888030732
-2.150000000000001 -0.9825078609075926
-2.2000000000000006 -0.9834007582323743
-2.2500000000000004 -0.984229934226625
-2.3000000000000003 -0.9849998113911463
-2.35 -0.9857149423750605
-2.4 -0.9863798218748882
-2.4499999999999997 -0.9869987269326193
-2.4999999999999996 -0.9875756114690083
-2.5499999999999994 -0.9881141474064662
-2.599999999999999 -0.9886176363853282
-2.649999999999999 -0.9890890893676066
-2.699999999999999 -0.989531194494207
-2.7499999999999987 -0.9899463829538433
-2.7999999999999985 -0.9903368506212626
-2.8499999999999983 -0.9907045507474077
-2.899999999999998 -0.9910512632475383
-2.949999999999998 -0.9913785821830172
-2.999999999999998 -0.9916879664397554
-2.949999999999998 -0.9916644323913911
-2.899999999999998 -0.9914905976639539
-2.8499999999999983 -0.9912410549335926
-2.7999999999999985 -0.9909471516357453
-2.7499999999999987 -0.9906222398626038
-2.699999999999999 -0.9902717074321121
-2.649999999999999 -0.9898973046226744
-2.599999999999999 -0.9894989933700089
-2.5499999999999994 -0.9890757965821025
-2.4999999999999996 -0.9886261701070622
-2.4499999999999997 -0.9881482552483203
-2.4 -0.9876398043309518
-2.35 -0.9870982839528789
-2.3000000000000003 -0.9865208435657605
-2.2500000000000004 -0.9859043508187257
-2.2000000000000006 -0.9852452690905611
-2.150000000000001 -0.9845396410989592
-2.100000000000001 -0.9837830781054798
-2.050000000000001 -0.9829706578502344
-2.0000000000000013 -0.982096880351322
-1.9500000000000013 -0.9811555224162548
-1.9000000000000012 -0.980139620479623
-1.8500000000000012 -0.979041295380122
-1.8000000000000012 -0.9778516616786191
-1.750000000000001 -0.9765606111952418
-1.700000000000001 -0.9751566770453943
-1.650000000000001 -0.9736268117602411
-1.600000000000001 -0.971956077741432
-1.550000000000001 -0.970127420952996
-1.5000000000000009 -0.968121217784244
-1.4500000000000008 -0.9659149082999775
-1.4000000000000008 -0.9634826754239283
-1.3500000000000008 -0.9607947114241894
-1.3000000000000007 -0.957816607683239
-1.2500000000000007 -0.9545087072403782
-1.2000000000000006 -0.9508252744633949
-1.1500000000000006 -0.9467137006829041
-1.1000000000000005 -0.9421136283358857
-1.0500000000000005 -0.9369562027910532
-1.0000000000000004 -0.931163417334021
-0.9500000000000004 -0.9246477747658532
-0.9000000000000004 -0.9173124784914686
-0.8500000000000003 -0.9090524843378863
-0.8000000000000003 -0.8997564256653116
-0.7500000000000002 -0.8893096759998683
-0.7000000000000002 -0.8775985333316351
-0.6500000000000001 -0.864516043957923
-0.6000000000000001 -0.8499703247424304
-0.55 -0.8338949922885152
-0.5 -0.8162589417506068
-0.45 -0.7970700724715151
-0.4 -0.7763711030092266
-0.35000000000000003 -0.7542274877990442
-0.30000000000000004 -0.7307096522277171
-0.25000000000000006 -0.7058816615650925
-0.20000000000000007 -0.6798041087290981
-0.15000000000000008 -0.652539798326087
-0.10000000000000007 -0.6241443336835826
-0.05000000000000007 -0.5946456057918272
-6.938893903907228e-17 -0.564035679093725
0.04999999999999993 -0.5322704920920578
0.09999999999999994 -0.49925091541053074
0.14999999999999994 -0.4648540200574392
0.19999999999999996 -0.428983374047924
0.24999999999999994 -0.3915152679231955
0.29999999999999993 -0.3522511401444028
0.3499999999999999 -0.31092614809544983
0.3999999999999999 -0.26721709373675023
0.4499999999999999 -0.22073087335306607
0.4999999999999999 -0.17097369418297628
0.5499999999999999 -0.11730133477591706
0.6 -0.05883771320229178
0.65 0.0056660075158021204
0.7000000000000001 0.07805618921796258
0.7500000000000001 0.160797427272668
0.8000000000000002 0.2567238159851355
0.8500000000000002 0.36694466461969044
0.9000000000000002 0.4870345508593382
0.9500000000000003 0.6072575312200631
1.0000000000000002 0.7156692182000043
1.0500000000000003 0.8022235107199016
1.1000000000000003 0.8640828454803501
1.1500000000000004 0.9054147202994229
1.2000000000000004 0.9314040433640826
1.2500000000000004 0.9468693840281319
1.3000000000000005 0.9555492135019628
1.3500000000000005 0.9603494986886741
1.4000000000000006 0.9632615885751072
1.4500000000000006 0.965251455548377
1.5000000000000007 0.9667989653624289
1.5500000000000007 0.9681485673087996
1.6000000000000008 0.9693849151334125
1.6500000000000008 0.9705783003188083
1.7000000000000008 0.9717947594747427
1.7500000000000009 0.9730712879843858
1.800000000000001 0.9744003166616081
1.850000000000001 0.9757269410082576
1.900000000000001 0.9770125062361215
1.950000000000001 0.9782449377219192
2.000000000000001 0.9794149105837864
2.0500000000000007 0.9805163548428197
2.1000000000000005 0.9815469732421357
2.1500000000000004 0.9825074467929172
2.2 0.9834004239084203
2.25 0.9842296664803882
2.3 0.9849995857464586
2.3499999999999996 0.9857147467492721
2.3999999999999995 0.9863796494164901
2.4499999999999993 0.9869985698088238
2.499999999999999 0.9875754694127946
2.549999999999999 0.9881140181626203
2.5999999999999988 0.9886175218489611
2.6499999999999986 0.9890889857350735
2.6999999999999984 0.9895310983541937
2.7499999999999982 0.9899462914636488
2.799999999999998 0.9903367642089147
2.849999999999998 0.9907044700707368
2.8999999999999977 0.9910511884351069
2.9499999999999975 0.991378513005027
2.9999999999999973 0.9916878994122311