0 -0.001459257566101631
0.05 0.002509025489003862
0.1 0.010096614308976895
0.15000000000000002 0.021215919499169202
0.2 0.035730904866754884
0.25 0.05345105616465644
0.3 0.0741318040709247
0.35 0.09748589647695191
0.39999999999999997 0.12320036933658778
0.44999999999999996 0.1509517053744044
0.49999999999999994 0.1804186834472678
0.5499999999999999 0.21129644896300304
0.6 0.24330756310163668
0.65 0.27620394712014584
0.7000000000000001 0.3097640280047868
0.7500000000000001 0.3437983079123621
0.8000000000000002 0.37816345190624095
0.8500000000000002 0.412771893698337
0.9000000000000002 0.4475919335608962
0.9500000000000003 0.4826419498536152
1.0000000000000002 0.5179771904073516
1.0500000000000003 0.5536642871500119
1.1000000000000003 0.5897460464453773
1.1500000000000004 0.6262062146245329
1.2000000000000004 0.6629378431371744
1.2500000000000004 0.6997039276942231
1.3000000000000005 0.7360976578696107
1.3500000000000005 0.7715420646998616
1.4000000000000006 0.8053464799063373
1.4500000000000006 0.8367990277457606
1.5000000000000007 0.8652631412334425
1.5500000000000007 0.8902572070833987
1.6000000000000008 0.9115092783695223
1.6500000000000008 0.9289873270316799
1.7000000000000008 0.9428813639655799
1.7500000000000009 0.9535671620480787
1.800000000000001 0.9615649962500111
1.850000000000001 0.9674488751764203
1.900000000000001 0.9717447617152084
1.950000000000001 0.9748838669185861
2.000000000000001 0.9771980441302434
2.0500000000000007 0.9789437614867684
2.1000000000000005 0.9803221343383082
2.1500000000000004 0.9814647964181574
2.2 0.9824422730228657
2.25 0.9832984733566548
2.3 0.9840647102749959
2.3499999999999996 0.9847640028682514
2.3999999999999995 0.9854120449947805
2.4499999999999993 0.9860186285441273
2.499999999999999 0.9865919994246567
2.549999999999999 0.9871384484660704
2.5999999999999988 0.9876610918557832
2.6499999999999986 0.9881610779556321
2.6999999999999984 0.9886388831248544
2.7499999999999982 0.9890947701306168
2.799999999999998 0.9895289958236098
2.849999999999998 0.989941896098107
2.8999999999999977 0.9903339541521573
2.9499999999999975 0.9907058011646744
2.9999999999999973 0.9910581988695315
2.9499999999999975 0.9912120243843292
2.8999999999999977 0.9912307054556989
2.849999999999998 0.9911537577355788
2.799999999999998 0.9910063130606029
2.7499999999999982 0.9908046651102287
2.6999999999999984 0.9905593891974169
2.6499999999999986 0.9902773055922206
2.5999999999999988 0.9899627095367307
2.549999999999999 0.9896181585293223
2.499999999999999 0.9892449515331336
2.4499999999999993 0.9888434821953284
2.3999999999999995 0.9884134718171174
2.3499999999999996 0.9879540828036752
2.3 0.9874640313617469
2.25 0.9869416313863283
2.2 0.9863848328609295
2.1500000000000004 0.9857912494072196
2.1000000000000005 0.9851581582976944
2.0500000000000007 0.9844824642730511
2.000000000000001 0.9837606935481019
1.9500000000000008 0.9829889707577292
1.9000000000000008 0.982162973630342
1.8500000000000008 0.9812778875747027
1.8000000000000007 0.9803283437994885
1.7500000000000007 0.9793083731172002
1.7000000000000006 0.9782113107782856
1.6500000000000006 0.977029725772504
1.6000000000000005 0.9757553222957736
1.5500000000000005 0.9743788224252843
1.5000000000000004 0.972889845951594
1.4500000000000004 0.9712767628886215
1.4000000000000004 0.9695265398953297
1.3500000000000003 0.9676245418064939
1.3000000000000003 0.9655543263756062
1.2500000000000002 0.9632974048013283
1.2000000000000002 0.9608329933240076
1.1500000000000001 0.9581377200854756
1.1 0.9551852990448125
1.05 0.9519461690688559
1.0 0.9483871450882235
0.95 0.9444710250988462
0.8999999999999999 0.9401561732674414
0.8499999999999999 0.9353961442618266
0.7999999999999998 0.9301393395837819
0.7499999999999998 0.9243286660379896
0.6999999999999997 0.9179013420593429
0.6499999999999997 0.9107888362785482
0.5999999999999996 0.9029169517337076
0.5499999999999996 0.8942061704989356
0.4999999999999996 0.8845722617325569
0.4499999999999996 0.8739272598806195
0.39999999999999963 0.8621807739883133
0.34999999999999964 0.8492417651748685
0.29999999999999966 0.8350205999012382
0.24999999999999967 0.8194314241617837
0.19999999999999968 0.8023947477347686
0.1499999999999997 0.7838399410068798
0.09999999999999969 0.7637076111205466
0.049999999999999684 0.7419516833173454
-3.191891195797325e-16 0.7185410639307035
-0.05000000000000032 0.6934601212980873
-0.10000000000000032 0.6667085185978543
-0.15000000000000033 0.63829910145415
-0.20000000000000034 0.6082550170793873
-0.25000000000000033 0.5766060220042908
-0.3000000000000003 0.5433847593857207
-0.3500000000000003 0.5086226196190026
-0.4000000000000003 0.47234519766735417
-0.4500000000000003 0.4345683525990414
-0.5000000000000003 0.39529411912972356
-0.5500000000000004 0.3545065943828048
-0.6000000000000004 0.312168396500982
-0.6500000000000005 0.2682190404738666
-0.7000000000000005 0.22257437692913976
-0.7500000000000006 0.17512496235203423
-0.8000000000000006 0.12573221180776975
-0.8500000000000006 0.07422381537595159
-0.9000000000000007 0.020392414874659856
-0.9500000000000007 -0.03599798347301898
-1.0000000000000007 -0.09519391637175406
-1.0500000000000007 -0.15742072953477107
-1.1000000000000008 -0.2228393653531184
-1.1500000000000008 -0.2914729932317515
-1.2000000000000008 -0.3630859331193059
-1.2500000000000009 -0.4370285258225105
-1.300000000000001 -0.5120969896441706
-1.350000000000001 -0.5865157179719591
-1.400000000000001 -0.658093720358774
-1.450000000000001 -0.7245317493534874
-1.500000000000001 -0.7838123631650306
-1.5500000000000012 -0.8345602564382095
-1.6000000000000012 -0.8762384655325692
-1.6500000000000012 -0.909100911961283
-1.7000000000000013 -0.9339778296750906
-1.7500000000000013 -0.9520468737332654
-1.8000000000000014 -0.9646413447257912
-1.8500000000000014 -0.9730786571506898
-1.9000000000000015 -0.9785201961942266
-1.9500000000000015 -0.9819105266241761
-2.0000000000000013 -0.9839611869771419
-2.050000000000001 -0.985163361091602
-2.100000000000001 -0.9858453860185885
-2.150000000000001 -0.9862332461589374
-2.2000000000000006 -0.9864711627710485
-2.2500000000000004 -0.9866351145405196
-2.3000000000000003 -0.9867706936148206
-2.35 -0.9869168081078215
-2.4 -0.9871027735513581
-2.4499999999999997 -0.9873418939377978
-2.4999999999999996 -0.9876314825860498
-2.5499999999999994 -0.9879566552898936
-2.599999999999999 -0.988302852779023
-2.649999999999999 -0.9886616904167264
-2.699999999999999 -0.9890266909160521
-2.7499999999999987 -0.9893926658266541
-2.7999999999999985 -0.989755924601305
-2.8499999999999983 -0.9901135396677905
-2.899999999999998 -0.9904630216438701
-2.949999999999998 -0.9908023859752935
-2.999999999999998 -0.9911301713607809
-2.949999999999998 -0.9912666141808657
-2.899999999999998 -0.9912727842199047
-2.8499999999999983 -0.9911866751951537
-2.7999999999999985 -0.9910324000122074
-2.7499999999999987 -0.9908255882235024
-2.699999999999999 -0.9905763670732293
-2.649999999999999 -0.990291234799071
-2.599999999999999 -0.9899742577462225
-2.5499999999999994 -0.9896278365643159
-2.4999999999999996 -0.9892531577113549
-2.4499999999999997 -0.9888505161060391
-2.4 -0.9884195603370324
-2.35 -0.9879594131693454
-2.3000000000000003 -0.9874687423808512
-2.2500000000000004 -0.9869458367556939
-2.2000000000000006 -0.9863886184706132
-2.150000000000001 -0.9857946912680065
-2.100000000000001 -0.9851613051183598
-2.050000000000001 -0.9844853636173717
-2.0000000000000013 -0.9837633866758957
-1.9500000000000013 -0.9829914884256553
-1.9000000000000012 -0.9821653424693745
-1.8500000000000012 -0.9812801244573522
-1.8000000000000012 -0.9803304699725017
-1.750000000000001 -0.9793103988234985
-1.700000000000001 -0.9782132478362188
-1.650000000000001 -0.9770315879899221
-1.600000000000001 -0.975757121551386
-1.550000000000001 -0.9743805724632049
-1.5000000000000009 -0.9728915611384807
-1.4500000000000008 -0.9712784657977703
-1.4000000000000008 -0.9695282496543709
-1.3500000000000008 -0.9676262702037337
-1.3000000000000007 -0.9655560845697331
-1.2500000000000007 -0.9632992092934647
-1.2000000000000006 -0.9608348673768116
-1.1500000000000006 -0.9581396841719826
-1.1000000000000005 -0.955187373921557
-1.0500000000000005 -0.9519483716624315
-1.0000000000000004 -0.948389506973619
-0.9500000000000004 -0.944473574569413
-0.9000000000000004 -0.9401589476462824
-0.8500000000000003 -0.9353991931108622
-0.8000000000000003 -0.9301427255478205
-0.7500000000000002 -0.9243324712709252
-0.7000000000000002 -0.9179056709738779
-0.6500000000000001 -0.9107938195502491
-0.6000000000000001 -0.902922737231052
-0.55 -0.894212954126765
-0.5 -0.8845802825638549
-0.45 -0.8739368292807033
-0.4 -0.8621922979411455
-0.35000000000000003 -0.8492557601408789
-0.30000000000000004 -0.8350377279827579
-0.25000000000000006 -0.8194525493597519
-0.20000000000000007 -0.8024210136622193
-0.15000000000000008 -0.7838728171504631
-0.10000000000000007 -0.7637490248168566
-0.05000000000000007 -0.7420040821807139
-6.938893903907228e-17 -0.718607546347286
0.04999999999999993 -0.6935445669175687
0.09999999999999994 -0.6668156310933889
0.14999999999999994 -0.6384344705584588
0.19999999999999996 -0.6084249725481052
0.24999999999999994 -0.5768174325517014
0.29999999999999993 -0.5436446014595001
0.3499999999999999 -0.5089374405328831
0.3999999999999999 -0.4727205257749897
0.4499999999999999 -0.43500812853778253
0.4999999999999999 -0.39579998384700504
0.5499999999999999 -0.3550769402468573
0.6 -0.3127974294398361
0.65 -0.2688959601416721
0.7000000000000001 -0.22328367012910355
0.7500000000000001 -0.1758479454180209
0.8000000000000002 -0.1264493322159276
0.8500000000000002 -0.07491717891204157
0.9000000000000002 -0.02104823789936454
0.9500000000000003 0.03538709164090277
1.0000000000000002 0.09462811763242973
1.0500000000000003 0.15689531418492014
1.1000000000000003 0.22234988364607278
1.1500000000000004 0.2910201163275817
1.2000000000000004 0.36267624663666886
1.2500000000000004 0.43667094277795443
1.3000000000000005 0.5117974249575828
1.3500000000000005 0.5862748283389729
1.4000000000000006 0.657909923749925
1.4500000000000006 0.7244034886568453
1.5000000000000007 0.7837350135210138
1.5500000000000007 0.8345245409364254
1.6000000000000008 0.8762362657761121
1.6500000000000008 0.9091290387671701
1.7000000000000008 0.934031282155451
1.7500000000000009 0.952117170879279
1.800000000000001 0.9647243142013413
1.850000000000001 0.9731726666492965
1.900000000000001 0.9786175610674833
1.950000000000001 0.9819975752722958
2.000000000000001 0.9840286009436283
2.0500000000000007 0.9852111210239444
2.1000000000000005 0.9858782651151456
2.1500000000000004 0.9862561902168496
2.2 0.9864886240620601
2.25 0.9866506811293838
2.3 0.9867850426433178
2.3499999999999996 0.9869289129709288
2.3999999999999995 0.9871124283897523
2.4499999999999993 0.9873484936280397
2.499999999999999 0.9876338419051327
2.549999999999999 0.987955312320116
2.5999999999999988 0.9882998798516831
2.6499999999999986 0.9886589300390956
2.6999999999999984 0.989024849838727
2.7499999999999982 0.9893916072043896
2.799999999999998 0.9897553439172467
2.849999999999998 0.9901132196836847
2.8999999999999977 0.9904628442107217
2.9499999999999975 0.990802289573907
2.9999999999999973 0.9911301285753046