0 -0.0012051723580629658
0.05 0.009965185670667854
0.1 0.030008565377236042
0.15000000000000002 0.056143429261942934
0.2 0.08575398101700704
0.25 0.11700831934371618
0.3 0.14898170276306713
0.35 0.181500567226211
0.39999999999999997 0.21470522856596116
0.44999999999999996 0.2487017303477819
0.49999999999999994 0.2836765370393899
0.5499999999999999 0.3199836314864909
0.6 0.35810700716522104
0.65 0.39869130419067483
0.7000000000000001 0.44259807196686163
0.7500000000000001 0.49074731316270787
0.8000000000000002 0.5435704140942169
0.8500000000000002 0.6012873917231846
0.9000000000000002 0.6629870726043983
0.9500000000000003 0.7254075397663806
1.0000000000000002 0.7837352628135572
1.0500000000000003 0.8337505112720445
1.1000000000000003 0.8730973907191631
1.1500000000000004 0.9019096978666414
1.2000000000000004 0.921676351371054
1.2500000000000004 0.9346578660379973
1.3000000000000005 0.943484843645925
1.3500000000000005 0.9497874291516349
1.4000000000000006 0.9545974655455445
1.4500000000000006 0.9582728448102327
1.5000000000000007 0.9611770004562623
1.5500000000000007 0.9636656165613332
1.6000000000000008 0.965941504705666
1.6500000000000008 0.9680218692002532
1.7000000000000008 0.9699468737348611
1.7500000000000009 0.9717508054301472
1.800000000000001 0.973453435967505
1.850000000000001 0.9750401446236334
1.900000000000001 0.9765116899406068
1.950000000000001 0.9778753482117009
2.000000000000001 0.9791363668113754
2.0500000000000007 0.9803005584041175
2.1000000000000005 0.981374498650367
2.1500000000000004 0.9823651002261781
2.2 0.9832793319943508
2.25 0.984123890487257
2.3 0.9849051257236253
2.3499999999999996 0.9856288760909163
2.3999999999999995 0.9863005424395499
2.4499999999999993 0.9869249527194142
2.499999999999999 0.987506449544702
2.549999999999999 0.9880489412296724
2.5999999999999988 0.9885559182973537
2.6499999999999986 0.9890304793201486
2.6999999999999984 0.9894754029021571
2.7499999999999982 0.9898931658314942
2.799999999999998 0.9902860020866239
2.849999999999998 0.9906558948022681
2.8999999999999977 0.9910046425771922
2.9499999999999975 0.9913338632032253
2.9999999999999973 0.9916450272740297
2.9499999999999975 0.991621258758501
2.8999999999999977 0.9914464158395384
2.849999999999998 0.9911954965632374
2.799999999999998 0.9908999712770696
2.7499999999999982 0.9905732256164821
2.6999999999999984 0.9902206789973765
2.6499999999999986 0.989844098362092
2.5999999999999988 0.9894434530624778
2.549999999999999 0.9890177508190625
2.499999999999999 0.9885654808491516
2.4499999999999993 0.9880846994863404
2.3999999999999995 0.9875731723122461
2.3499999999999996 0.9870283471476613
2.3 0.9864473641042076
2.25 0.9858270083341332
2.2 0.9851637336235006
2.1500000000000004 0.9844535603833422
2.1000000000000005 0.9836920414125784
2.0500000000000007 0.9828742389082686
2.000000000000001 0.9819945844389886
1.9500000000000008 0.9810468147481115
1.9000000000000008 0.9800238964544505
1.8500000000000008 0.9789178836963566
1.8000000000000007 0.9777197728332353
1.7500000000000007 0.9764193878260109
1.7000000000000006 0.9750051543881587
1.6500000000000006 0.973463873178237
1.6000000000000005 0.971780515149868
1.5500000000000005 0.9699378498944036
1.5000000000000004 0.9679161363946686
1.4500000000000004 0.9656927223349975
1.4000000000000004 0.9632415359710128
1.3500000000000003 0.9605325874713326
1.3000000000000003 0.9575313247608966
1.2500000000000002 0.9541979805833809
1.2000000000000002 0.9504868209993943
1.1500000000000001 0.9463453749789822
1.1 0.9417136667493742
1.05 0.9365235195233726
1.0 0.9306980060173164
0.95 0.924151540434908
0.8999999999999999 0.9167901178423103
0.8499999999999999 0.9085122076994552
0.7999999999999998 0.8992104912219283
0.7499999999999998 0.8887742235368425
0.6999999999999997 0.8770928667284691
0.6499999999999997 0.8640611446157246
0.5999999999999996 0.8495863146302505
0.5499999999999996 0.8335967712219747
0.4999999999999996 0.8160485320789876
0.4499999999999996 0.796926552910884
0.39999999999999963 0.7762428984649693
0.34999999999999964 0.7540389335135007
0.29999999999999966 0.7303928988078127
0.24999999999999967 0.7054169071709216
0.19999999999999968 0.6792284451611115
0.1499999999999997 0.6519128089497657
0.09999999999999969 0.6235066033325651
0.049999999999999684 0.5940143293854333
-3.191891195797325e-16 0.5634294247650432
-0.05000000000000032 0.531724530621402
-0.10000000000000032 0.49883097094461426
-0.15000000000000033 0.4646450033707922
-0.20000000000000034 0.4290274120893901
-0.25000000000000033 0.3917941531688997
-0.3000000000000003 0.3527208028862363
-0.3500000000000003 0.3115429605484698
-0.4000000000000003 0.2679469968915288
-0.4500000000000003 0.22154892167143453
-0.5000000000000003 0.17186172625575796
-0.5500000000000004 0.1182447834392694
-0.6000000000000004 0.05982117686489977
-0.6500000000000005 -0.0046692789326959055
-0.7000000000000005 -0.07704541607359794
-0.7500000000000006 -0.1597231531129838
-0.8000000000000006 -0.25541381595396695
-0.8500000000000006 -0.3652952531637322
-0.9000000000000007 -0.4854060633189145
-0.9500000000000007 -0.6057409158119845
-1.0000000000000007 -0.7141698234282495
-1.0500000000000007 -0.8009651235837375
-1.1000000000000008 -0.8633049439365917
-1.1500000000000008 -0.9050071520538415
-1.2000000000000008 -0.9311649558053544
-1.2500000000000009 -0.9466743247836147
-1.300000000000001 -0.9554075807792475
-1.350000000000001 -0.9602642186032202
-1.400000000000001 -0.9632272977887968
-1.450000000000001 -0.9652865371769155
-1.500000000000001 -0.9667555677815856
-1.5500000000000012 -0.96799471521864
-1.6000000000000012 -0.9691555572573616
-1.6500000000000012 -0.9703355467367064
-1.7000000000000013 -0.9715875142432323
-1.7500000000000013 -0.9729031646403963
-1.8000000000000014 -0.9742352370061612
-1.8500000000000014 -0.9755674436626666
-1.9000000000000015 -0.9768623442883007
-1.9500000000000015 -0.9781077020486982
-2.0000000000000013 -0.9792891053550732
-2.050000000000001 -0.9803998037120674
-2.100000000000001 -0.9814382776751808
-2.150000000000001 -0.9824056912927254
-2.2000000000000006 -0.983304920519327
-2.2500000000000004 -0.9841398831345581
-2.3000000000000003 -0.9849150492899609
-2.35 -0.9856350128760719
-2.4 -0.9863043237203665
-2.4499999999999997 -0.9869272849279475
-2.4999999999999996 -0.9875079037899144
-2.5499999999999994 -0.9880498675852983
-2.599999999999999 -0.9885565208578162
-2.649999999999999 -0.9890308853593844
-2.699999999999999 -0.9894756938790807
-2.7499999999999987 -0.989893389460306
-2.7999999999999985 -0.9902861807980213
-2.8499999999999983 -0.9906560484905831
-2.899999999999998 -0.9910047802455104
-2.949999999999998 -0.9913339896839973
-2.999999999999998 -0.9916451395298412
-2.949999999999998 -0.9916213469825934
-2.899999999999998 -0.9914464837886507
-2.8499999999999983 -0.991195560392005
-2.7999999999999985 -0.99090003082121
-2.7499999999999987 -0.990573285128373
-2.699999999999999 -0.9902207485231636
-2.649999999999999 -0.9898441779496485
-2.599999999999999 -0.9894435411364227
-2.5499999999999994 -0.9890178508582729
-2.4999999999999996 -0.9885655962350604
-2.4499999999999997 -0.98808482732289
-2.4 -0.9875733182990613
-2.35 -0.9870285119594834
-2.3000000000000003 -0.986447549658584
-2.2500000000000004 -0.9858272156057497
-2.2000000000000006 -0.985163966507987
-2.150000000000001 -0.9844538244226018
-2.100000000000001 -0.9836923396950688
-2.050000000000001 -0.9828745729118238
-2.0000000000000013 -0.9819949491693322
-1.9500000000000013 -0.9810472159795435
-1.9000000000000012 -0.9800243351089116
-1.8500000000000012 -0.9789183562137622
-1.8000000000000012 -0.977720280922146
-1.750000000000001 -0.9764199399311656
-1.700000000000001 -0.9750057605930009
-1.650000000000001 -0.9734645429039219
-1.600000000000001 -0.971781248475843
-1.550000000000001 -0.9699386614764626
-1.5000000000000009 -0.967917024824989
-1.4500000000000008 -0.9656936990830394
-1.4000000000000008 -0.9632426079917618
-1.3500000000000008 -0.9605337637829852
-1.3000000000000007 -0.957532626627757
-1.2500000000000007 -0.9541994029937358
-1.2000000000000006 -0.950488346200282
-1.1500000000000006 -0.946346994079867
-1.1000000000000005 -0.9417153786635069
-1.0500000000000005 -0.9365253875021733
-1.0000000000000004 -0.9307002192035946
-0.9500000000000004 -0.924154310028688
-0.9000000000000004 -0.9167936869840805
-0.8500000000000003 -0.9085168923505054
-0.8000000000000003 -0.8992167771478821
-0.7500000000000002 -0.888782839741839
-0.7000000000000002 -0.8771048575724312
-0.6500000000000001 -0.8640779942591125
-0.6000000000000001 -0.8496103335968126
-0.55 -0.8336317950836163
-0.5 -0.816101459304265
-0.45 -0.7970086139498188
-0.4 -0.7763689340902621
-0.35000000000000003 -0.7542225405910807
-0.30000000000000004 -0.7306387575952815
-0.25000000000000006 -0.7057166966910257
-0.20000000000000007 -0.6795694004799213
-0.15000000000000008 -0.6522906968415415
-0.10000000000000007 -0.6239209183095478
-0.05000000000000007 -0.5944510748652511
-6.938893903907228e-17 -0.5638558254936209
0.04999999999999993 -0.5321061459279979
0.09999999999999994 -0.4991543458336713
0.14999999999999994 -0.46491458513520745
0.19999999999999996 -0.4292505197758871
0.24999999999999994 -0.3919774284962508
0.29999999999999993 -0.35287061448144647
0.3499999999999999 -0.3116652507108228
0.3999999999999999 -0.2680469244537835
0.4499999999999999 -0.22163083943231202
0.4999999999999999 -0.17192913958092698
0.5499999999999999 -0.11830067208548123
0.6 -0.0598684172149661
0.65 0.004627750011336639
0.7000000000000001 0.07700674629219191
0.7500000000000001 0.1596852320871582
0.8000000000000002 0.25537482565713404
0.8500000000000002 0.3652172306673394
0.9000000000000002 0.48522904369752984
0.9500000000000003 0.6055607987273086
1.0000000000000002 0.7141205384641031
1.0500000000000003 0.8010075635008055
1.1000000000000003 0.863465650660343
1.1500000000000004 0.9052699232261445
1.2000000000000004 0.9313959073449696
1.2500000000000004 0.9467751863583814
1.3000000000000005 0.9554761151974939
1.3500000000000005 0.9603313571606661
1.4000000000000006 0.9632786922436415
1.4500000000000006 0.9653132930017649
1.5000000000000007 0.9667720369133053
1.5500000000000007 0.9680052501013306
1.6000000000000008 0.9691649896798983
1.6500000000000008 0.9703439420260326
1.7000000000000008 0.9715941817138402
1.7500000000000009 0.9729040715736067
1.800000000000001 0.9742308446940661
1.850000000000001 0.9755512345845267
1.900000000000001 0.9768591895726875
1.950000000000001 0.978109531323655
2.000000000000001 0.9792906873838761
2.0500000000000007 0.9804006981802414
2.1000000000000005 0.9814387098491586
2.1500000000000004 0.9824058815012733
2.2 0.983304991818053
2.25 0.984139897815312
2.3 0.9849150393106401
2.3499999999999996 0.9856349937632336
2.3999999999999995 0.9863042989213143
2.4499999999999993 0.9869272593131073
2.499999999999999 0.9875078839534377
2.549999999999999 0.988049855947358
2.5999999999999988 0.988556510477123
2.6499999999999986 0.9890308801153505
2.6999999999999984 0.9894756879182857
2.7499999999999982 0.9898933852885036
2.799999999999998 0.9902861760909138
2.849999999999998 0.9906560439252927
2.8999999999999977 0.9910047787105978
2.9499999999999975 0.991333987601167
2.9999999999999973 0.9916451374558014