10 0 8 4.677138374703802 2.2711724140895493 1.8627520263571558 2.328213567363167
0 0 6 6.276876175391268 1.4931236831814818 1.0186947869623526 0.9973581017260146
6 14 14 0.20701381616324238 2.326503889103361 3.3007725142273756 0.5291367058888965
10 0 6 1.0732920886019632 1.6816980628208682 2.9231203704590127 0.6854808407624643
0 12 0 0.06008852666262136 1.2391568989549495 2.3110875277440996 0.8191988586521346
10 2 10 5.003718800117912 0.5665691203128151 5.998069042716835 1.0960579813712976
4 12 6 3.031147545043113 2.0644902654294337 5.34180438012939 2.4096818209470974
14 6 14 5.566692505692109 1.3314057205549517 4.5939257624068635 1.7392797905638337
10 0 14 1.221950805073976 0.7580601267188123 0.21136270941723778 2.079807551739401
14 12 0 6.020919088884004 1.1075635450066041 1.9905574746590002 2.411555042489586
6 12 2 1.59845795867423 1.0627827273441672 2.293766249624832 2.8158903800294057
4 12 10 0.199488845011798 1.5212848732145838 4.730497184597104 0.9264415937512916
14 10 6 5.5560054564767904 1.1830010281151009 0.02284267752487412 0.8508058765507229
0 4 12 5.556681420253636 2.6135251409929556 2.2461070025010264 2.6807706403812164
6 12 8 3.6805833415371136 0.8214869036800312 1.8770273221743097 0.2529931707008328
2 0 0 5.6142815834363375 1.0589572409888472 0.02647821973594321 3.00895987020574
6 8 8 4.6469475328284515 1.9786771491076216 2.644024103890699 0.9013669328781628
12 2 14 5.941912208473815 0.4063598249599885 4.965883268899713 2.2466733541640678
14 2 12 1.4184359450787818 1.2694182938260188 0.32586087075713416 2.234094244955233
14 12 2 5.981286408625602 1.6909987905913804 3.5470711666087733 2.147567773356662
8 0 14 5.1754068628614 3.0893844846437357 1.6319896620328058 2.581824419562443
8 12 4 6.252606444519559 1.6113637995314058 3.8477067396421987 0.15985427867081728
8 10 14 1.3756158634817692 1.8678514267742499 5.563668475366755 2.551688996059741
4 8 6 1.2911994967024387 2.2736380548727535 3.4964956022249787 3.015515906923976
8 8 2 1.5138255431419583 0.4923350313985526 2.764641266153459 2.1133754707629757
6 10 12 3.1780812766640447 0.3173498611105594 5.587274457140155 2.448425406647382
6 10 4 1.732557446815151 1.7474936281789435 4.297418394841795 2.5683013916094306
6 12 14 5.9582634522423765 0.23877319244599188 0.1861604475467165 2.177155080958356
4 12 8 2.560865889179499 2.301749710353863 5.720725847134934 0.9319772746411291
10 8 6 4.4888564870928835 2.8639452872908207 3.152891813520909 0.8671294193056694
10 4 4 1.9998577929205323 1.3110711851372836 1.9966118696650832 0.6737502093499886
4 4 12 4.893117450700995 0.6208288455444289 5.810668180067337 3.12837798295155
6 12 6 0.6636042972888486 0.7522963856758802 5.261504320168773 1.9951116787320533
14 2 10 5.839348505252837 0.6463250623175338 0.9447245063546731 2.427619657892569
10 12 10 0.040656610744178714 2.5222218321618604 5.5685239493094905 2.113164479441811
10 6 6 1.0605121166664109 2.5684647225466617 2.369629831672904 0.5003284275870148
0 14 10 1.8102022454994957 2.4234914230788345 2.6841395334308893 2.1940741242338095
10 4 14 2.791486660664351 2.8768287042794145 0.3613554398114463 2.5772169490246677
0 4 14 0.19144063889225874 1.1971735696120236 4.090609033065992 2.553359352048864
8 14 2 3.236569357028553 2.576099189921031 2.281117771898324 2.9489197220716594
4 8 14 4.343407283832408 2.4154477500746236 4.889843369428198 2.9278192007396835
4 8 10 6.273289663259664 1.609264386973684 3.6003884501349837 1.574503048906143
6 12 4 6.0318924823361275 1.8328102123343637 0.9590867448331208 1.345180654460321
14 12 14 3.8478309313555545 0.5289275025361421 0.5532238306073602 2.232918101722586
14 6 10 3.3358797632426613 2.5366321476361446 1.073121450612356 1.3515196325136398
10 0 10 2.588722859157382 2.967634468378235 3.6897830174420574 2.955363333960085
8 14 12 2.045187924908279 2.1691428544485656 4.573985368381288 0.09308298874560285
10 12 4 1.3322330021834412 2.6628147074370387 0.7011666451345875 2.2717160636795573
4 4 14 0.43460327433894663 1.6565928561568577 4.105919341763493 2.323133872393542
0 2 14 4.15231986685153 2.24390508381372 2.7031814922144366 1.0136700451480172
6 14 8 1.613178153738787 0.7633516951300497 2.509186420154149 2.520857306384416
12 10 6 3.4124566631777093 2.3559072960747898 1.7734002504667885 0.2000633784481933
10 14 6 4.95484635499711 1.595044927871419 0.40065922155190026 2.7400806763551473
4 4 10 5.790535457533675 2.8619206705310294 0.47607198418764113 2.5972201138929805
12 0 0 1.1586845255651195 0.50896829696693 0.7566245579808075 1.163274223559206
2 8 6 4.469100934095233 2.256770136388492 3.000892915495715 0.5257224807266636
14 8 10 1.9269582997953134 2.222529847684546 1.5843708894139945 1.2484630050160985
4 4 4 3.089909846983248 0.4069307477628813 5.100879018023042 1.154367159658232
8 4 8 0.7081656124769654 2.6127007621203133 1.911695489867436 1.2446592209944258
14 2 0 0.18156814709863986 0.811002857106153 5.905996807355224 1.800405570314427
12 4 2 1.984167185364896 2.121571134366914 1.5392025879212863 0.0677523293304842
10 2 12 5.853293862357458 0.7124982643374302 2.510512818138379 1.1486577600076602
0 10 0 5.121824141417015 1.5259743315354986 5.928477591624752 2.9163653497363518
12 8 2 3.5466673768731085 1.1266856727186874 3.1059659009931053 2.8717537120994994
4 0 2 2.25921465354093 0.9565292969163315 3.589365610057712 2.4730582059692923
14 4 12 5.40822268382834 0.5158162069668037 1.69581175926332 0.13579757715640636
0 0 14 3.7498949521678027 2.792980809902982 3.0843491654641975 0.7837111043883794
10 14 12 4.739053350900481 1.869560543313131 2.405133843075444 0.6082419168533163
6 8 14 4.042294097115569 0.06416191697248531 4.5254799467838245 2.4751489066083927
8 14 8 1.576064324739241 2.3519329777246845 3.9783519026120513 1.3251229190665235
0 6 2 0.06399035392503154 1.7954393046848292 2.1102367838885234 1.1857105909118595
8 6 12 1.562929179918031 2.6264878121851933 1.4543095622790514 1.5872436727704924
2 14 0 1.3763928135711154 2.2210194772015197 0.025384798106275166 2.3719617272908398
12 14 4 3.6456474548029183 1.6281058941913853 4.548404894036725 2.7739507806504835
4 6 14 5.889645510843358 3.0443868948261112 1.513043151239227 3.13825939227764
4 14 10 5.135696908536811 2.200362473781711 0.8103913439985285 1.8043014747707056
10 0 4 3.773221513725861 1.029182985101364 1.7106025812865868 3.107311824527469
14 0 4 0.33686254753944167 0.08710640244212833 4.556272283197752 2.6560839038507265
2 2 0 4.950691534399115 2.377831691683914 4.569560099951239 1.1019978047110324
0 2 8 2.036793364924882 2.0528297212838926 3.6377436775226837 2.394761647721307
10 10 12 3.812020369623886 2.148175629430506 5.240258530549868 0.04945986475932192
10 14 0 1.4935851510771072 1.4522119939207114 2.0563169282065714 1.7579592284604493
2 8 8 2.7951881929759153 1.621484970803033 5.895124199304805 3.129322200293812
12 12 14 2.2247575251843 2.370249722219338 5.353440363763287 1.0976752665624008
4 10 0 3.6615101327497284 0.7290587873416772 2.1906532566833112 2.2438649224577545
14 12 6 5.737023358407677 0.6526560057565195 4.39323301853315 3.140124056441502
6 0 10 6.252032020534531 2.7142770746484577 0.9836646105031215 1.1918144536807973
4 0 4 0.9727106548016012 0.9490238711419033 3.6134405862099355 2.683960137423128
14 10 8 5.822243999430537 0.4034600593328687 0.2790142989890844 1.6312905190378733
6 2 8 4.8375851595395325 1.8744182510689134 1.3113269882178882 2.0164994990432383
4 2 6 1.2206763573847843 2.7022930107846417 2.7326270888512805 0.46688253277510006
12 4 14 0.3511855150366296 1.8907861567814852 4.25498990443698 0.2716517618562153
12 10 14 1.9199075217267123 0.234231639153215 1.2368401371694124 2.289337069787655
8 10 12 2.3410315048778236 1.587508270568769 4.126038669620299 2.5079339094701334
6 0 12 3.861167889803514 2.4489412106810438 1.5559756412984125 1.55837300201156
0 6 12 1.187032137260355 1.0100534067976057 0.661571008858357 2.615633017323653
10 6 8 6.110925767874793 1.9389663007922928 4.135165463235387 2.949927656006431
4 6 6 0.8490038100565066 1.1278369865624422 4.729076151389178 0.18453870008638779
6 0 0 0.3408561827993417 2.4789939972346744 1.4339710407119695 0.9288011480085656
0 12 6 0.6143239242643633 2.0752354634157952 6.121659331625142 0.1476580634801199
6 8 12 3.808697627890821 2.5415805321590943 4.810519669199116 0.6556401553107881
2 2 14 0.8850092849944259 2.265582650171475 5.842317083231886 1.5783848994456462
6 0 6 2.1771314650790043 1.066064536458228 1.2934688254487237 2.000258820069059
14 14 12 3.578726477734026 0.1461313806571857 5.81676129482615 0.9410535770558467
8 12 6 2.7106617266242212 0.7929883729840164 2.373982037958518 1.5181426390292023
0 10 8 2.752739890720026 0.5258304304000608 2.6096035184164545 1.1256857531991962
8 2 10 3.4768053773191543 2.0950335811663794 0.592677373663647 0.1562880442451799
12 12 10 5.128015544028832 0.6791760084343105 2.3904997495422986 2.65911307130131
8 8 0 4.7936728576325915 1.6724312440025573 4.932841868324121 0.33313266707831857
2 0 10 1.8030378125680513 2.079915775366327 3.231401319042368 2.179837691930606
12 4 8 5.803273147982063 0.07503805243087225 5.589724880550052 0.4701417964753719
8 0 12 0.5693669187488555 2.9573227059329352 4.29621376479675 2.225205407529277
12 6 12 4.20627712538445 3.0568555682177805 2.4911935876657063 1.4801640692648907
4 10 12 6.222311787813305 0.24145887548605094 4.825258774289023 0.8652516468159756
4 14 12 2.0965532562050417 3.0185104407606635 4.915462363216732 1.3226175529723434
10 10 8 0.2583467203192967 1.7436795305290353 2.994722470843704 2.51767558855392
2 10 4 3.4670473979810215 1.6361165972138485 3.973897108494943 1.9080815798022916
14 2 6 2.4883628783716563 0.16646555743645086 3.781915364572468 1.767455837513229
12 6 2 3.7961009283749716 3.114240769364454 4.166378538809552 0.30987278901137383
14 4 6 3.3122931325474503 2.746373299947807 2.0459647321083976 2.8068510912611377
4 14 6 4.536388311917282 1.3517497776512197 1.3932538316327667 0.682188118759053
4 6 10 3.0486182986003962 1.950044119879893 3.884191159995792 0.269033293130219
0 10 14 2.523777545949543 1.8967035624979947 3.5939758173940173 1.6254104711023298
12 12 12 3.0348369897261365 0.8355487153510807 5.0904387291034325 1.0788771791076923
10 6 10 5.773352737142638 1.082902120867768 5.210970507588267 2.6942662847133163
12 12 2 3.8414621817906176 1.7588445431359587 4.918605180159148 1.348886391773429
8 8 14 3.7361254040732628 3.1291470434429582 4.900244417538724 2.619699823041902
8 0 0 5.746038091545468 2.4606708481062958 1.4293387419617691 1.6889596426046019
2 6 8 1.6306361599854762 0.1262323889711986 0.741577062240702 2.3962027157655528
10 8 8 0.7973559283447101 1.522294912058108 0.6122258713282976 1.1417801314521934
12 8 6 5.989774425615337 1.6248721640724184 6.199248859518736 1.0309871733820317
8 14 10 3.2276019145732393 1.5279887942671546 5.3729660838584525 0.7407604393217784
10 6 12 4.42263116651568 0.19931252824804324 0.02574595327728467 0.8410858589108298
0 4 0 3.3886713044433203 2.3044354386369617 0.38652485694197247 1.1515602564255607
10 2 2 0.9360223261203253 0.4783846193888887 5.2778185011246475 1.7646751763666437
12 10 12 2.6128345903754226 2.948788646242095 3.3461378405172706 0.556880700018769
0 6 10 1.453388794059889 0.8885203398984846 3.5483851703135803 1.8062755263717034
10 12 8 2.734131619855815 1.5037258780966976 1.4452187738970412 0.5095709128831452
2 4 4 1.6231640181646971 1.1168689976708692 1.7689076890268787 2.797331842758714
2 4 12 6.043088812414268 0.47007138699684675 1.336105880009872 1.7865739331798198
4 14 0 6.224461073540723 0.4928569125510407 2.617245100371411 1.6288916052513362
12 6 14 0.5625378989398948 3.106094463518988 5.321464948255061 3.0325341583630148
0 10 12 1.6166735314339113 2.014603563349469 2.8823220136800307 0.5849101995388286
6 8 6 3.8485444502167776 0.5515075062170324 4.005638123577793 2.2106274374822066
12 4 10 3.2622364798751176 3.0491072548817177 1.2816122966433094 0.021980038443586185
0 14 6 6.033986379023521 2.4253938821886063 5.982540602607193 1.4993274448271625
2 0 8 1.3165806071003154 1.715070615274717 1.5727475465169187 0.90869994168976
0 2 12 5.972578818117166 3.0496491601218145 3.1726594467139777 1.6878305255671309
6 6 4 0.0328048704352066 0.3215122663311657 3.653767957640972 0.3157223011507071
8 0 10 2.4622861358998085 2.9643976212535996 4.1491606558917855 0.9248263578652482
14 12 10 3.5845273723180475 3.0368094898556612 5.857357650355621 0.8704721240716479
0 10 10 3.4315362474557514 0.31685740291322095 1.4645153999993792 0.132686969153769
6 2 0 0.5904557999362937 3.0481908240942817 5.4515324425119385 0.6475450288063654
2 8 0 5.257123833872763 0.5810406822475364 1.7685839748648622 1.8614583592343936
0 2 2 0.5643534581062435 1.4680624769391684 2.2746381073280166 2.6923118437074933
14 0 12 5.944123005183405 1.0241765546564134 0.945857714636889 0.5185970103209208
8 8 12 5.686765174718788 2.3426433713268353 4.557660272417294 0.32985813511784784
14 8 8 5.6098289717156264 2.015271414589023 6.178489621034693 0.9239582234386899
14 8 4 3.7622492996790666 2.762074694852555 2.492096082868261 0.27902858048739393
8 4 4 2.3181398379294254 2.5487983253540274 3.7495812133627564 1.611553304783977
2 0 6 2.340585926431561 1.7308556412968756 0.1524934490769681 1.452027802292097
0 6 8 6.21672970574916 2.5045775108981823 4.452209557642281 2.93977910146597
10 8 12 5.078514567953865 1.6713347969544667 4.606084123456721 1.7592133080928896
4 10 4 4.345936176792942 0.9644116385249737 5.987325339403454 1.4743453196073977
14 10 0 3.2228228202980094 1.5704969553295864 0.1176734479443123 0.4579923523610849
10 14 2 3.7564627043756578 0.2725862719987347 5.667991887443463 2.7462824524336065
2 14 10 0.9131525557320357 1.9435520857139945 3.0059037508414437 3.053992526735178
8 8 8 3.3993756986143056 0.8178114841899784 4.569349534897571 2.8090385487418814
4 0 0 3.422390971429952 0.7199521983773729 2.2964754713843716 2.962233184413281
2 12 10 1.8865411468855062 1.3004153307098663 4.830435950086944 2.9675364458163833
8 12 2 4.403548891805407 1.1736274932936082 0.6568596474393749 1.1510408139454886
14 8 0 2.511491613270908 2.3681335756948108 5.089778644004862 2.9253989213289224
10 2 14 1.5225326048956984 0.5834524020819386 0.5322861162896123 0.043810337377134044
6 6 12 4.049253938711508 2.8920411919664857 0.4657898633317224 2.1145398323019426
12 14 6 5.117280290114055 2.5479651446028937 2.91000535628237 2.503666822174674
12 14 10 5.352809327137638 1.6190618434415214 1.020629217101274 1.406946776571126
14 4 0 5.235307133601943 2.406133558861938 0.45905132114741015 1.9104730037929267
10 12 6 6.190016521077569 2.08986764131613 0.8915049839362819 0.7972881498141534
12 0 8 0.6763434279097614 0.9835615278244749 2.018948133353725 2.8404927186839477
2 10 2 5.1873676982712436 0.8140391788482596 0.5622634644521585 0.09235947076282039
14 0 2 4.8267583473112134 0.0389856074772292 0.9113203241806188 2.9127316994295014
2 2 12 3.465114892566329 0.6519383808500475 5.760613922839655 1.2270445155337302
10 2 8 3.078301497652596 0.48575915572140804 3.9300977032867253 0.8424628960516315
14 6 0 3.5193999513600676 1.6140116206684132 2.527103613296426 0.622629169383463
14 10 2 0.8602419847644912 0.908989918958517 5.390827010671612 0.40063093953457346
0 14 12 5.97145899598288 0.9284375036691234 4.615050330378181 1.5464587669984802
2 8 4 3.0590286665033464 2.2431485558347295 0.007825491152725276 3.066941903438546
10 12 12 5.908438311333448 0.3460430213014233 3.6762347013541388 2.8443312416385758
14 10 4 3.5808120121354245 0.5974832295272268 5.668026631252809 2.4404889716826723
12 2 4 2.145286536707223 1.629323071684488 1.8003658288721671 2.4606054508748114
14 0 0 0.48189186472392337 1.2341945141358661 0.11330085945845139 2.8950529534750533
2 0 2 2.144085192968216 0.1631920194773661 2.3028295029249777 1.1500939427990238
14 4 14 3.6914511584329346 0.9890596760549378 0.8420143708104074 1.4975712829920702
2 6 4 2.905892550851412 1.818735898113759 1.6659688196791174 1.61257252599573
4 4 6 2.6715968626121667 1.954359210522996 5.637599135280958 0.4996064877695304
12 12 6 2.2748923662145866 1.3227707793876595 0.4532833912062199 2.41162163423778
6 10 10 2.7559141550273885 1.543436016486061 0.18755230422903954 2.409909439320299
0 8 6 6.261977906099855 2.5149028429241933 5.675634048625268 1.0139290696915735
2 14 12 1.8767891592909343 2.747509277223455 1.8272476772584383 1.337101854163359
2 12 14 1.5001321966902128 2.677251028979242 5.104912386272248 0.8402737575749061
8 8 6 1.9748570525484497 0.08355686696931613 5.760382656878721 2.0539898113480426
0 8 12 0.9790368151598672 0.21501306248979785 3.906176201447838 0.2686232652406151
12 2 2 5.849932092406441 1.4046593017317157 5.909181252822822 2.591627895807258
12 10 2 2.9499459439523394 1.779382489952439 1.1965143805972938 0.5341684161866922
6 2 6 5.851115344121826 1.745799466538182 3.797506560826476 2.2323733308657654
4 12 4 3.9009408396590946 1.32628226090605 3.229637912047602 1.1611657223461491
10 4 8 6.203747378880358 0.07015349881484935 1.3179835171458274 2.127998673208738
6 6 0 2.470157015764919 0.2099363335866784 4.921069762107199 1.4081712764755043
4 0 8 3.4626666059558775 0.46349695810510744 4.4498043833841345 1.2504596765997797
2 12 2 2.4913560237583505 0.7071823458326879 0.23755502409169083 0.7302255435533216
12 2 10 3.5389571300132636 1.4302162853584475 2.4753178489221965 1.4873623202110093
4 10 8 1.5835775991978684 1.6152717164968338 2.205510550962999 1.405413461183463
4 8 2 1.2555038514175427 1.7056858233760483 4.42469003071694 0.0942098845360124
2 14 2 2.073147093084809 0.9831713839685966 0.7532581239673377 1.2084732424531237
14 6 8 3.6819941210744513 1.2505041067484104 1.8015496333392456 0.499341312152939
6 8 2 2.1193620842810055 0.21584461241072742 4.738914459188162 2.732888998811994
6 4 0 5.054031343493569 2.767644006839652 0.6984566461650505 1.709968559210962
8 2 0 5.415649912845486 2.2622525258302777 0.26006061860400453 2.5760064747960967
12 14 8 5.9234880380343435 2.5672473924719252 0.42432656281688774 0.7845162302033544
2 12 12 2.9584775907474037 1.1283728358937535 5.780459668191303 0.8594805728758553
8 14 14 0.40413555020258657 0.7890900569659753 5.262857644605209 0.640385064272937
6 6 14 2.1767312016076246 2.7062611988717884 1.9773736397710298 0.16557458339851433
6 14 10 1.317464262484682 0.3152158984738176 4.555110171247784 0.8874993499448242
14 8 2 0.6459069708378997 0.415654779386996 1.397213432068235 3.0675738623786692
4 12 2 5.272786159957569 1.9809454030936748 0.7124797751897806 0.38068304569782435
4 2 0 1.7467458214550227 1.9259079275815185 5.6351371764919955 2.814505293859786
4 14 14 0.3761720034518259 0.42581619093042933 2.7675829811238732 0.5880845341691971
8 10 10 2.1690179880833336 1.695798960108945 3.271284968168083 1.3301415079815
4 0 14 4.704575212212001 1.689126920332112 3.2516772288513764 0.49367909477897076
6 8 4 0.4127389615497173 2.6976166342448606 3.342740504410706 1.3682635598586512
8 14 4 0.39388447222168416 2.8626284846588788 3.5573321882789184 2.933888151627151
0 4 8 5.7060399870615335 2.0792051875360413 4.810155821683251 0.5742319035345324
6 14 2 4.6447778406970635 2.4388630461429233 2.6443983158348208 2.6740625879477427
8 12 8 2.0011392138493407 2.7696462962817607 2.877720430723293 0.1170255874933544
0 10 2 3.135264504998993 2.9252073821852593 1.2231835133622035 1.1533624536359808
2 10 6 4.630580463121123 2.9546076415930873 4.688462368461778 0.022135460587251094
10 14 8 5.723356587851705 0.43253527001644176 2.3559187629878977 2.7515538580275174
2 4 8 4.397683521441047 0.3249315356065202 2.498398368266664 0.24722088391482366
2 8 10 3.3777590227009893 2.9086072556515594 2.252849072562568 2.8965682872967076
6 6 6 3.0351114995717543 0.11093699173542478 4.480889159084003 2.7445862976752005
4 0 10 6.25182194705355 1.1318056299246462 3.837438798188237 1.7685067455521284
6 2 14 5.866326214357587 1.3907115451357377 1.1444747106994637 0.9394949116304618
2 2 10 5.527687346172733 2.565539831829092 2.9053095284037225 0.5193418552950316
6 4 2 1.381858729374734 1.585576371514736 6.0600661322908405 1.8419649645889022
4 4 0 1.582825098754292 1.6038036014335908 4.14084785362363 1.5688995109264359
0 0 10 4.083168626532137 2.8028967333336543 3.15842531650216 2.315942332062525
0 12 14 1.8042538014209095 2.6735151425929855 3.9365213259676146 1.0421463949175211
6 4 14 3.7010419560558523 1.9210585108643081 4.844106145123306 0.7592093319259484
2 2 4 0.1460513701623041 0.43659971768828926 2.5670251382303353 0.8777968473086321
2 0 14 2.8348714360345575 0.8271098273929198 6.249827973938042 0.5858938933608
10 14 10 4.79868120822663 0.524322976885795 6.095069524034687 0.9285335045040913
10 8 0 4.927653465635474 0.49921630613420664 1.610208559620886 2.451752308099205
6 10 8 6.152101406993335 2.2487090802732532 3.357669318338701 2.505592758839247
6 8 0 3.6711757836594803 1.2847621987562765 2.56642524137237 2.3912447872918303
4 12 14 6.006056859349978 0.8492030855742342 2.5980849978828466 2.9157306083545604
10 10 4 1.2614118706834778 2.4826200074272102 0.0736973155169776 1.64440926101141
4 8 12 5.61624671813001 0.7258833142338373 2.536720285713941 1.297654744837124
12 4 4 3.874293025743558 2.618732611592882 5.955307984436469 1.4217054898316754
8 12 0 5.7932713267125155 2.7112186747950795 3.9019722981521023 2.18350556697761
4 6 2 1.3963068365980498 0.10389831136021344 0.6771294195349293 2.8769703082244638
8 10 6 6.16970265487801 0.8627433304061856 4.2497955597838475 1.113090879702285
0 12 4 4.216019767496124 3.0480256498881015 1.399546208425155 0.021378718390654184
8 6 0 4.117047579337158 3.0099409258390506 5.928476822710888 2.23879185915766
6 14 6 3.303697020118345 0.6570094407692366 5.958799616534906 2.1407294477134213
6 10 6 0.3120760149975474 2.692007865522259 0.06012483993884719 1.4980676594379243
0 10 4 2.6098408253789613 2.4251515854307253 4.340295363860944 1.411848403437848
8 10 0 0.4947892522370922 1.0665901224027214 1.8447222451450345 3.0282227450589168
8 0 6 3.390481166770997 1.5121242656543403 1.665660099272999 1.9727703942487447
2 12 0 3.860789709233308 2.1322208715221125 5.255911136307368 2.4879672855347206
14 8 14 0.46614806501295497 0.5989209847863997 0.6725627222908965 1.819192834099232
14 14 4 5.046606615945064 3.0411600730101185 5.794503657040657 2.318726697415388
12 14 14 5.285475292816301 0.8647862991651825 3.2332469855752 0.23407178278162055
6 10 0 3.4921261594867237 0.5347603361053264 0.7993625606369572 0.08737460435786495
4 12 12 6.098921180760839 2.1450059294264894 3.439661037592847 0.3310060356686758
10 4 0 1.1482888011713142 1.7940369439790984 4.496135518088469 2.8022775604863708
10 2 4 4.223485120834809 0.08434579678954844 4.281268132791539 2.231572618701266
12 0 12 1.0495363664918198 2.2041452050897523 2.1123923931528044 0.7930240696863441
10 0 0 3.8957318460009738 0.5376670844972196 0.6180196458143211 1.9908227090154809
14 10 14 1.359402128331873 0.10047513803649813 3.397183314491335 0.6659585414718905
0 4 4 0.08955529582595703 2.9236057200285837 1.4229860064988962 0.19393812915879272
14 4 2 4.244792536348665 0.6953389032738682 3.855363713289904 3.091439233673366
8 2 4 3.3059812538290494 0.22220466877327566 5.281962958498311 2.976112483796173
8 4 6 4.727559018449874 0.8778189768725385 4.805898927323618 2.7166949618409033
8 10 4 1.5324135643565742 1.990906490558491 1.6465506426626078 2.2076869513002864
0 6 14 1.6632331560089717 1.3772733687934475 3.964571151620929 0.24444002447382168
10 10 10 3.444763187730409 0.17118290258808588 5.862718794878052 2.6447406345178246
2 10 8 1.5482731805442016 1.0262743802459036 1.8753238859112686 1.2177687712654492
12 0 2 5.124349000080081 2.5233194518105386 1.1115483647215119 2.9181499573483456
14 14 14 2.2512189679961345 0.05402654377327057 4.406434470782495 0.3258969376214138
6 4 12 1.4621959962767674 0.8891418161915576 1.809159044861827 1.2368371262270081
6 6 2 3.530863899555569 3.030192942184038 1.117307763033106 3.013692859703365
2 14 4 2.7176391449301986 1.4382362233100632 0.5949301067792399 2.789139533435215
4 2 2 5.988241547552242 0.29708667540072126 3.1296565606208757 0.5800752080087701
6 2 10 1.0058644432529784 2.311641250286258 3.0774916292524406 2.05607928313664
12 0 10 5.237685288701867 0.7006763484156534 3.405136015957982 0.9665328105058913
14 12 12 6.190357746594073 0.28073975002002727 1.5360446216483101 0.20657802062286615
12 2 6 2.5201142890757837 2.465849398113778 3.0104834373092046 1.749922411380073
2 6 0 2.0525486335913894 0.052993956677592144 1.5079433333257584 2.1802416674358605
4 8 8 3.343281845770698 0.5551689586648326 3.036885417979039 0.9186584813000357
2 2 2 3.6488527495022303 2.2527378753956797 1.2986834904610483 0.28980136228293063
2 6 14 3.728187897517024 2.4974283755061744 3.2174000557664835 2.169159625787879
10 8 14 2.8563948403137283 0.24394378953194076 2.0383084279519967 2.137818560911056
2 4 2 5.715828625135258 2.624574174422881 6.054510572511511 0.5118415584258442
0 8 10 3.374597007637721 0.8696366187235712 0.4906496254130281 0.4044650574004133
10 8 2 2.8947048568913982 1.4593653607296666 3.466803091531936 0.033780976996729
2 4 0 4.192451453731416 0.9300361943105473 6.23582126134071 0.6118144097538097
8 6 2 4.283465744096094 2.6040860041373985 5.252649766433156 0.21110472190689333
6 12 10 0.20404468527388547 0.7802633799633749 0.7300969434676512 1.7047192097796056
4 2 14 2.6784031328857503 2.7099553509934506 1.210121774002608 2.3750206359777253
0 4 10 3.6530742065895323 2.143024930211102 2.602564738501736 2.584959824221318
14 14 10 4.470387307610823 0.9235120833531243 5.526181145393675 1.5353017927172723
4 0 6 2.96343492550702 0.4241933020667108 3.5968333939319748 0.6572078746519325
2 10 10 1.1798593916365088 0.36167222826074585 4.851130225917166 1.4299932026139308
6 0 2 6.0433465866521106 2.7787047622420173 5.5903887297347525 1.7566114339372538
6 12 0 5.324186284513045 2.763465200613671 0.9404217094098803 0.3860802391888408
12 2 12 5.308389971337841 1.6577302978245743 2.7712496025285054 2.97657722412038
8 12 12 2.8297698975730197 2.5202391179605415 0.3718797897684224 0.6631998340260226
6 10 2 2.7377605154397626 1.3088776890573586 2.5886596159168858 1.7038060955843777
6 2 2 4.3823918036720695 2.0427714876746115 0.01816691356083479 1.892907108197914
6 6 8 5.202293697444402 0.3273548665581139 1.4224871133214512 1.8008131682065631
12 8 4 0.87040920551764 2.5329593586133416 4.489619016234587 0.9150443701860743
8 4 0 4.910589762631228 2.8194611818986655 1.8102944541052393 0.8801527972856429
12 8 10 1.5237670848368567 1.3692499625989538 0.09461244755055037 3.037669352219218
12 2 8 3.3181782640229294 0.88088336055258 3.399966254303629 0.14350878980376286
10 6 4 2.8282685490126074 2.4114705240426955 2.343449690920629 1.4357317446226645
4 4 2 2.3056282038250657 1.9065660056680873 6.201997143338523 2.685339012875103
10 14 4 3.5147320829466544 0.8115899023398697 5.081066787674362 0.7479270994004041
8 2 8 3.5058973678931253 2.479960700465512 1.318113198925885 2.498315506214929
0 2 0 3.2858976843053886 0.3622551280452087 1.3352058195927676 1.6808310511516904
2 6 6 1.2873308540223283 1.0479088007587967 4.2794660661054955 1.9056445601131533
14 6 6 3.408548167550744 1.9523320039889531 5.475094291576109 3.0796786856251055
12 14 12 4.10580189382255 0.15172152927477678 0.18652243104548394 0.41878081119231425
8 6 8 6.273434771182595 0.4604852304986309 6.052110904893125 2.6142152136597625
12 12 8 2.4646675823126936 0.7598875363970029 4.617414524088372 1.3163080946846781
4 4 8 4.62499694638514 1.9786020828599569 3.81775372988256 0.2598572842569917
4 8 4 3.0005237624220116 0.5312886907287682 5.524049494733387 1.5280806174613328
14 2 8 2.951396879471126 1.3997337196332227 5.913859672747912 1.7891435355765588
6 14 12 0.5165641488726036 1.2701835012473737 1.5190447644377387 1.9482930368976878
8 12 10 3.926822908551468 1.2777942534494735 2.3257960740824846 2.867098858629927
2 14 8 5.096566345886443 1.1994390440889708 6.239950303023215 2.8660678360205605
12 12 0 0.8074368505450312 2.6820860132215403 4.190520729678366 2.778938035938435
4 8 0 3.937786188180736 1.7497806830584581 3.0678785269153437 1.5978033727816707
14 2 4 4.385005416752902 2.8711287037582354 3.533337864460769 1.6061379935074551
12 10 4 1.047958890963287 2.955760952138217 0.49568828074211724 1.3783004001657209
4 14 8 0.13247870786746066 0.3561889302316426 3.460237483502586 1.1909145454614523
8 6 4 1.8513424609401927 0.851051249662743 5.1821494808738855 0.521148495224565
8 2 6 1.03775005713715 0.3066430584161819 1.4586714492830903 2.4455651114910886
14 10 12 5.947131822783913 1.7721328352394787 2.136514360156852 2.1091723912319313
10 12 2 2.4273530349361794 0.9249627643537128 4.6853894137497 2.091101428931035
8 0 2 4.704667675015705 0.5501473683818083 2.5653740648436423 1.7932530557617987
12 8 14 6.013963876436169 2.816072403916289 4.51398920439139 1.5451758915059948
12 2 0 0.9889223723838682 1.3552448369281007 5.652901289963689 1.0907287235376364
12 14 0 5.451016984455048 0.7453909103735583 2.2651917157827155 2.5939680583803435
8 14 0 1.7554873948503946 2.4607791966955244 6.267541277070325 2.0807581795913217
10 10 0 4.698732161778804 0.6914291127501143 4.527835363792726 1.5512828116937627
2 0 12 2.79284392636965 0.430173985293264 2.3314394710883386 2.82762864052151
6 10 14 4.798898381811433 0.7155475340873031 4.27402665590822 1.6157663530054054
10 10 6 4.875825063353636 1.6150236177427417 0.6865185308154292 0.5535337936029923
8 4 10 2.0788544438338667 2.5400964634410714 2.989594251616395 2.1853190125458
8 6 6 4.792703219911435 2.009567458391206 3.4847047258443045 1.3484453355935937
2 12 6 2.0732388418992196 2.641895203251817 0.8060799215384838 2.6532818370648132
0 14 0 1.3703067985072466 2.641779433789003 5.899975519139115 2.0315293019292304
2 6 2 2.9934386697936417 2.1676671910825585 5.299785617274628 1.9493588389823713
0 8 4 2.791834244946624 2.9889923525410977 4.01091672482987 1.8175971093110699
10 12 0 5.1373685368196815 1.772026957666507 1.703104382475546 0.2892707037366606
0 8 14 5.050363231280921 2.879284987343123 5.952389823514053 0.3453904041357286
0 8 2 4.394424232879055 2.173403030438532 2.859185991313222 0.3555299427505014
0 0 0 3.953250378834147 1.2789328527585586 4.404998541190814 0.3350119673026926
2 4 14 4.198380300670205 2.8472420053070437 0.6347583707452218 2.5450691588027152
10 2 6 1.460096705222077 0.25567718905365755 1.6022489829539395 1.3372302593131002
6 12 12 3.604952681475104 2.511651311228234 0.865658105931369 0.382481850456119
14 8 6 3.197786222003781 2.5707689982764723 5.750319765223729 1.2451923220328296
4 10 14 0.046347060530760646 0.5685045483930976 1.9435847782450475 0.3281285356863696
14 14 2 1.3048909549649834 0.15739129671543495 6.140838937264904 2.7686291995243772
12 10 8 6.220597657252361 0.7147038025372051 1.0403087543782257 2.7033195093832036
14 0 10 2.852581439400941 1.2180118254458896 4.577017625985991 2.709764502510115
4 14 2 5.898816539463184 2.1136243487480426 4.4782191539205645 2.564763228534333
8 10 2 2.845574295371357 2.066563064636156 0.11351491955080631 0.5607542726498522
14 12 4 6.264169066843336 0.5069392232554523 4.639457266100259 1.4425979644060514
14 10 10 3.8965403374744363 3.019057048043074 0.805584002708462 2.2602641056594575
0 10 6 3.7426465139664145 2.6728226494791376 3.3835158887408374 2.4569197590223046
10 14 14 4.412092154836915 1.6488910319637224 3.8648577641969366 1.6596668468677633
8 4 12 4.314261713650729 2.6822230732433585 5.709246764915845 0.07114969947461672
10 12 14 4.924321013312527 2.9577514561753513 2.8459102281871353 1.5962840162058372
8 14 6 4.441108752127996 0.9901020364818661 3.022563689077584 0.6136840061017451
8 10 8 2.2550876056873044 1.6633230012503806 2.875238339916592 0.9486115091296281
14 12 8 2.0925626603151803 2.593461844310204 2.0979959589327355 3.121899363548868
14 4 8 4.948750442658716 2.912322452000963 5.007515846244807 1.7264674284384651
12 14 2 5.153715603369883 1.270924675292915 2.365102570534358 2.3751013671393078
8 0 8 5.1237010854664105 0.4480673517675175 4.8039631125445394 2.729826184378345
12 4 6 2.0656658080917523 1.4014813563940363 4.146749371200198 0.11323473938301393
2 12 8 4.921936518722824 0.5166134963993999 5.418461361612793 2.6050018395280325
6 2 4 0.41392247129239046 0.4698566842029788 4.2507089996209 1.8012071875429188
10 10 14 1.5382605118668042 2.679848618199221 5.3964857579487155 2.622089462451151
2 14 6 0.5430058846674038 1.725815215127263 2.7030239761711647 1.0684100297216228
10 0 12 4.100011058200198 0.4164290900555724 2.4473493784767144 0.08895464418087387
4 2 12 4.336947982328421 1.4721864930098436 4.469020738771199 0.11293619163302619
4 6 0 0.5835624805832923 2.1262432797576114 3.411677535386757 0.6594380880548506
0 12 2 3.260142777340384 0.38352591540964065 0.19877400796482242 1.131916027475566
4 10 2 1.971729110537319 1.6099487014627132 0.05544790820056479 2.747112473904643
12 0 14 4.790291411783434 1.9324120665790592 1.8526224846993378 0.6172577060136258
4 0 12 2.200090887032471 1.903968698654874 2.2885400739605046 3.123089711498971
2 2 6 0.7299709114715427 2.657036813307464 4.120912135056773 2.6468713008976663
2 4 6 0.9021009292516254 0.36354173291383124 1.6908630772194186 2.5071138469484255
12 0 6 2.984751977291906 0.7592114091616038 4.329295880262161 2.3832217450300845
2 6 12 1.2724561648022226 2.68786546640721 1.2061300073035406 0.8081923008402012
4 2 8 2.1935292407274534 2.27240802534848 4.543746620534997 1.1775199644820582
14 4 4 3.8322474212532205 1.107494387641348 2.7844441304704017 0.5236406332787117
6 14 0 4.857696244508884 2.7229180384584053 0.6192717416129435 3.042808194957117
12 8 12 2.7521808528115677 1.1946334112411647 0.13034593977096906 0.5074431072644677
12 12 4 5.1321125672982975 2.369403199966068 5.027901339122532 0.47062549984789626
12 6 4 6.034062342919456 0.19670739769882797 1.7378162294687853 1.5917514401023436
0 6 0 4.511644251552119 2.134149642266016 5.632359277994051 0.2087742375384133
8 12 14 4.638271391284448 1.3918259028222624 2.5572138127101347 2.754854416677527
10 8 4 0.7751820259474691 0.17766573388801887 0.243391485569581 1.407302570288528
0 4 2 5.348337554163754 1.1426619254297297 0.31631011495148753 2.1738211705854202
0 12 8 0.4888592341812135 2.2928177128607925 5.288028446814843 0.24255360401755938
2 10 0 1.6646849513083875 0.01297691439245523 3.1576493863127575 1.4041634363031923
6 4 4 3.331556359235041 0.026396701329642655 2.251736274773337 1.3749830963495426
8 4 2 4.5023448892675635 1.359923645910622 3.535806253073791 2.7204903500558726
0 8 0 3.997384570728366 0.9278768154433743 2.0171577566062533 1.2163294726260419
10 4 2 1.6214079486107686 1.4373737095116303 1.0153483009496171 1.9028313293270436
4 14 4 2.8970542269203663 2.118866829675382 1.265683663969001 2.583216190254112
14 4 10 1.2299535729409903 0.739346636884907 5.485414948463182 1.7310277324286425
2 14 14 4.569779347054405 2.7431593505527423 1.6376698345922243 0.27011331942497
8 8 4 4.437243166427788 1.8570464519518475 0.10701346394002557 2.2789213652434186
10 6 14 0.02181393514951358 2.4867767875558755 0.3128984381429317 2.763911190855229
12 6 0 1.8796385660430925 2.7684321290291805 4.878029994768727 2.2718572739517877
12 6 10 5.911008818903348 0.5802547440501684 3.2242888340811837 1.8362244563592618
6 4 6 0.8423485534887009 0.9700199799073028 3.3416810154033336 1.3481128634590789
0 0 12 2.6800092016455896 0.4616368937309448 3.293034811622386 2.2546395270617934
12 8 0 4.174277712031084 2.342624997008655 2.097662919740651 2.645277863215204
8 6 14 4.557548023420431 2.2828881146252185 2.7840239833770335 1.0719775806116827
8 2 14 0.512295067774742 1.3914890072497395 2.437653958080495 2.526224453043939
4 12 0 2.759329027751499 1.0394164473482328 1.2474291130781423 1.8066933431617478
2 10 12 2.3368066634831473 0.19951110702124325 1.12814990077631 0.7453549929384431
14 6 2 5.103439970918658 1.6052444176971263 5.774272826196388 0.0382325272559839
10 4 10 1.279771203589156 1.262316359220171 5.947104561847854 2.0744768216893026
14 0 6 6.024826537595001 1.4017586946289489 3.169058221275658 1.1976357836700766
0 12 12 1.9184893504856595 1.7826304235592831 4.454815920411912 1.5412650279793625
10 0 2 0.4018170220729327 0.8094558380618727 0.7677909527471646 3.0262148641926694
10 2 0 2.651435028788622 0.4207169808373754 1.3006044340596785 1.9581994843996569
14 0 14 5.896841200804359 2.58083911311933 3.99252403065932 1.389677510378437
6 0 4 5.966220322444625 2.9150841993475076 3.030256437912047 0.6362679016633441
4 10 6 1.4483877454060154 2.1504435509531548 1.7258001597043104 0.6647070238226106
12 8 8 4.524122322239131 1.5358500935418884 4.855826520651397 0.1660227420667624
14 14 6 5.688512982265689 0.234967635247999 2.113035221645333 0.23655688736167527
8 8 10 3.1909211739987504 2.703270544810245 1.6897267528676687 2.9953809845966273
6 6 10 4.471443760498242 0.610303871754195 1.0722980042168528 2.5724993246169046
6 14 4 0.21778548867752845 1.1960912502268914 5.348452354461011 2.6552318618003055
0 14 14 0.6556833450235411 1.8278594380115774 3.1700205758517996 1.7543453869022128
12 6 6 0.5976139168947641 1.1642608405996056 0.6179094062030072 0.8947753007598572
10 6 0 3.2921532902370862 2.6599362794835995 5.786892739625462 0.8703028458510421
14 8 12 5.314077864557484 2.9886908632814273 1.9423065200674132 2.9116156632492176
6 4 10 4.305019990839189 0.4510051356901175 6.25919215633319 1.6873523376109805
6 0 14 2.120784040683884 0.5457026867236959 3.074119290650741 0.7171984455236227
12 0 4 3.9996311825294986 0.190388096819771 2.0788005602375472 0.33947255424113837
8 4 14 6.162901591326161 2.136906319091717 3.703450427732229 2.246368054447638
10 6 2 3.5880203171105274 2.5721354970227854 5.524830657915071 0.9362427334142734
6 0 8 4.204934750322818 0.6218709633472682 3.316100174282403 0.11050966320516861
6 4 8 3.169256997705181 0.9384489187765269 5.811836157893488 0.6636046516004932
4 6 8 1.0019657049637467 0.9906897194441707 1.223040618073907 0.7476770867341743
8 6 10 3.356586521518696 2.2386385591147158 2.92657266021623 1.4738854335636782
0 14 4 5.85844014842915 1.0758597401175465 2.5270829929770815 2.3073893307938325
14 6 12 5.9768966578388945 1.3591768351746265 2.4470488582205596 2.6133096956008774
14 2 14 5.502202053654862 1.053988568856472 2.377880344648603 0.5810026838812115
2 0 4 0.07587074449985712 3.0602971127995686 3.238495284662777 1.5793102134685655
0 14 2 4.300386232404391 1.2414730641242524 5.3729954896794005 2.973427066934184
0 0 2 2.312022604885165 1.5273699431535581 5.111293552093976 0.3054624017093957
0 4 6 0.9376459650179748 2.184498283443563 4.022088262503542 0.7859584035112868
12 10 0 0.6846650021530518 1.8455422164031563 6.1634919491282885 0.1318767089053136
12 4 12 2.646817425643989 2.2890053742163774 5.499415710702582 0.030112067201024866
12 6 8 5.313614266650294 2.487444257780066 2.961463050125413 2.6801943925458294
2 4 10 1.8541692387051323 2.5746149860745553 4.45875919558729 2.432220346652681
6 8 10 1.044726509495444 1.1370247224486743 1.7640934041985514 2.118655732630692
4 2 10 4.6606962130441065 0.8162344254689862 2.538186570088991 2.6615211096672504
10 8 10 2.0029247584300904 2.519445822953538 2.3424063754099693 1.815840846888579
4 6 12 3.0510805993171073 0.012611467445910216 0.8795889297571238 1.1737796495199901
0 12 10 3.7194725961056334 2.116853112641609 3.432686845234284 0.8307752554516948
12 10 10 1.5565696374946913 3.075030039796667 4.347176880133769 1.1019428275314809
14 14 0 1.3025644331146133 0.16154516662202342 0.3596656718171696 2.5786683931274674
14 2 2 4.457156040656589 1.375905222262434 5.131783790003752 1.1385644998815982
0 14 8 5.710478308382763 1.2985374736708035 5.580779180769109 1.7175234920203553
12 4 0 0.05698831584769579 0.9895881672390783 3.6865840874054325 2.5756160182979957
2 8 12 1.771418655619794 0.11413190585212843 2.485433765900995 2.7588335423520345
10 10 2 5.373332072473284 0.7061260145505197 3.715069711798368 1.943189314667912
4 10 10 2.217746385546211 0.3699299880326317 4.333207089241454 0.9210070942842773
0 8 8 1.9397503178281361 1.5794772381062572 1.562677783702879 0.47067447983305133
6 2 12 2.371132465130757 0.4991888307314482 4.545955701287197 1.8587886767679327
2 2 8 3.5605644244961505 1.9081434407011835 4.3621712578178835 2.9409469285588434
2 12 4 6.124431993571761 0.48615903188526916 1.305058289695443 1.7920869694517603
14 6 4 0.6944716783455258 1.4507324640201842 5.458436218697671 2.3574092794497705
14 0 8 2.2781103593278207 1.9702287643478826 2.783947570484436 3.000399872681906
0 2 10 2.3842261399638915 2.97230453705627 2.494847000340874 0.6184020598947402
0 2 4 0.699096298645742 1.0221327893246281 3.7756362240412917 0.8482028467288039
8 2 12 4.9857018240130815 2.494032023236683 3.0166974973778213 2.8069843059724064
2 6 10 4.662923357878587 0.48574372958550005 5.7789925593750935 1.4354907163680855
14 14 8 5.445037581707132 0.5797931497072489 2.473707952452629 2.0488435252775767
0 2 6 5.703693695256629 0.7259655128529107 2.642708822131202 0.18746955679345031
0 6 6 0.9375816861578035 0.6372538171605323 0.7174783855303036 2.3897600777485466
10 4 6 5.382274964990093 0.07768939714947445 1.3224913994038616 0.08442562662390919
8 2 2 1.7075933818807203 0.7291430491160235 0.41726551855164673 2.067550502439262
0 6 4 4.6444123714067125 2.690947541432552 1.0861832318830298 0.032264894113480186
4 6 4 0.41383903517156095 0.6120525369835337 0.999997043958076 1.5187984640200973
0 0 8 0.11959714379831533 2.7685632163486673 3.136076178057972 2.2223109855312875
4 2 4 4.18195970427308 1.0663243540983256 5.425832694636329 0.6041701349831243
8 0 4 5.502276110399335 0.05358225029150989 5.754539336068027 1.3851977496341035
2 8 2 5.81650410933245 2.230958231627492 3.209526685286087 1.2311887665490873
0 0 4 1.0561936309414002 2.2625730316138304 4.862354549742512 0.27972485099500005
2 8 14 5.886133929841868 2.540402857106435 4.428998184585387 1.7126227942824976
10 4 12 0.8052504415848102 0.122329138018665 1.7340078564062649 0.7720070298302197
2 10 14 1.9550531131564495 2.6169838281163518 5.108605814810436 0.6244272764607481