0 -0.007765707745685165
0.05 8.292550371085811e-05
0.1 0.017659068437788968
0.15000000000000002 0.04239001201928739
0.2 0.0715938588121491
0.25 0.10318436343991462
0.3 0.13592042257488693
0.35 0.16924622637020417
0.39999999999999997 0.20305953379972605
0.44999999999999996 0.2375101594758552
0.49999999999999994 0.27286142118589884
0.5499999999999999 0.309444520350626
0.6 0.3477216585558019
0.65 0.38829666181197664
0.7000000000000001 0.43198804429619136
0.7500000000000001 0.47999679060146977
0.8000000000000002 0.5341361866885754
0.8500000000000002 0.59676689518399
0.9000000000000002 0.6687439203672644
0.9500000000000003 0.7455000099380601
1.0000000000000002 0.8155529054792343
1.0500000000000003 0.8686034980135009
1.1000000000000003 0.9032728710060948
1.1500000000000004 0.923797558906031
1.2000000000000004 0.9360349086226251
1.2500000000000004 0.9436949089052505
1.3000000000000005 0.9488112415081277
1.3500000000000005 0.9526633316899213
1.4000000000000006 0.9559024033059295
1.4500000000000006 0.9588282924642603
1.5000000000000007 0.9614942436467216
1.5500000000000007 0.9639244862903539
1.6000000000000008 0.9662133399423669
1.6500000000000008 0.9683641029709664
1.7000000000000008 0.9703620583019276
1.7500000000000009 0.9722058261303416
1.800000000000001 0.9739058577089376
1.850000000000001 0.9754763697850553
1.900000000000001 0.976926336538378
1.950000000000001 0.9782628346961553
2.000000000000001 0.9794935187273728
2.0500000000000007 0.9806264413883006
2.1000000000000005 0.9816697864032072
2.1500000000000004 0.9826314893430951
2.2 0.983519045004091
2.25 0.9843394376796083
2.3 0.9850989713372943
2.3499999999999996 0.9858035324508526
2.3999999999999995 0.9864582630592238
2.4499999999999993 0.9870677688595337
2.499999999999999 0.9876360998431635
2.549999999999999 0.988167087599441
2.5999999999999988 0.9886639582447436
2.6499999999999986 0.9891295499582329
2.6999999999999984 0.9895664666098795
2.7499999999999982 0.9899772406363543
2.799999999999998 0.9903638740419316
2.849999999999998 0.9907282638611916
2.8999999999999977 0.9910720381938327
2.9499999999999975 0.9913967103903585
2.9999999999999973 0.9917038559783928
2.9499999999999975 0.9916789660757118
2.8999999999999977 0.9915039154266608
2.849999999999998 0.9912530913631772
2.799999999999998 0.9909585411395461
2.7499999999999982 0.9906335129358702
2.6999999999999984 0.9902835350421794
2.6499999999999986 0.9899103026580319
2.5999999999999988 0.9895137063125211
2.549999999999999 0.9890925722350681
2.499999999999999 0.9886454759618893
2.4499999999999993 0.9881705670086376
2.3999999999999995 0.9876656886550349
2.3499999999999996 0.9871283059279716
2.3 0.986555554279694
2.25 0.9859444757550205
2.2 0.9852916515516494
2.1500000000000004 0.984593297556436
2.1000000000000005 0.983845034120035
2.0500000000000007 0.9830422723352649
2.000000000000001 0.982179737264702
1.9500000000000008 0.9812514476296595
1.9000000000000008 0.9802507426009954
1.8500000000000008 0.9791701342914061
1.8000000000000007 0.9780012080158672
1.7500000000000007 0.9767344035749773
1.7000000000000006 0.9753590070789075
1.6500000000000006 0.9738625322875588
1.6000000000000005 0.9722311569759917
1.5500000000000005 0.9704488785185061
1.5000000000000004 0.9684975509617173
1.4500000000000004 0.9663562863694579
1.4000000000000004 0.9640010025975059
1.3500000000000003 0.961404333275048
1.3000000000000003 0.9585344170344181
1.2500000000000002 0.955354663508427
1.2000000000000002 0.9518227982844709
1.1500000000000001 0.9478899580238437
1.1 0.9434997182667787
1.05 0.9385870114159552
1.0 0.9330770097409183
0.95 0.9268839666129046
0.8999999999999999 0.9199103364561743
0.8499999999999999 0.9120462875519612
0.7999999999999998 0.9031701741043657
0.7499999999999998 0.8931506163693551
0.6999999999999997 0.8818507217106705
0.6499999999999997 0.8691365091501844
0.5999999999999996 0.8548879225803426
0.5499999999999996 0.8390107403715888
0.4999999999999996 0.821447323119854
0.4499999999999996 0.802184796458011
0.39999999999999963 0.7812585864564228
0.34999999999999964 0.7587475205773847
0.29999999999999966 0.7347617564391971
0.24999999999999967 0.7094319798718589
0.19999999999999968 0.682892793575311
0.1499999999999997 0.6552538647443974
0.09999999999999969 0.6265788883264245
0.049999999999999684 0.5968901826506291
-3.191891195797325e-16 0.5661775777359406
-0.05000000000000032 0.5343941779317992
-0.10000000000000032 0.5014574405998845
-0.15000000000000033 0.467250184109891
-0.20000000000000034 0.43162166579340827
-0.25000000000000033 0.39438967753582066
-0.3000000000000003 0.35534662655771976
-0.3500000000000003 0.31424757319612623
-0.4000000000000003 0.27081021175398573
-0.4500000000000003 0.224688169223538
-0.5000000000000003 0.1754494258464108
-0.5500000000000004 0.12253480138367896
-0.6000000000000004 0.06519617944638224
-0.6500000000000005 0.002397089054632972
-0.7000000000000005 -0.06736269368315977
-0.7500000000000006 -0.14637347279968202
-0.8000000000000006 -0.23824061313071254
-0.8500000000000006 -0.34809866181880167
-0.9000000000000007 -0.47792287567409725
-0.9500000000000007 -0.619450843248278
-1.0000000000000007 -0.7489714993735245
-1.0500000000000007 -0.8443016608497731
-1.1000000000000008 -0.9022954073316308
-1.1500000000000008 -0.9333134637792317
-1.2000000000000008 -0.9492220617265715
-1.2500000000000009 -0.9570449960615836
-1.300000000000001 -0.9609810894535246
-1.350000000000001 -0.9630741564496792
-1.400000000000001 -0.9643055651308712
-1.450000000000001 -0.9653404583364611
-1.500000000000001 -0.9664673503031317
-1.5500000000000012 -0.9676147128284326
-1.6000000000000012 -0.9688752648849168
-1.6500000000000012 -0.970227309843706
-1.7000000000000013 -0.9716368548119645
-1.7500000000000013 -0.9730649727040752
-1.8000000000000014 -0.9744789011088412
-1.8500000000000014 -0.975859671986068
-1.9000000000000015 -0.9771799476232603
-1.9500000000000015 -0.9784281280333903
-2.0000000000000013 -0.9795987488295973
-2.050000000000001 -0.9806922611596652
-2.100000000000001 -0.9817106513731815
-2.150000000000001 -0.9826565530545398
-2.2000000000000006 -0.9835345556833974
-2.2500000000000004 -0.9843488240412687
-2.3000000000000003 -0.9851045833557331
-2.35 -0.9858068513634242
-2.4 -0.986460202055159
-2.4499999999999997 -0.987068886332954
-2.4999999999999996 -0.9876367402512136
-2.5499999999999994 -0.9881674487149439
-2.599999999999999 -0.9886641554573626
-2.649999999999999 -0.98912965420594
-2.699999999999999 -0.9895665228883976
-2.7499999999999987 -0.9899772688474704
-2.7999999999999985 -0.99036388613569
-2.8499999999999983 -0.9907282651313178
-2.899999999999998 -0.9910720351085667
-2.949999999999998 -0.9913967070429409
-2.999999999999998 -0.9917038519414846
-2.949999999999998 -0.9916789640390593
-2.899999999999998 -0.9915039147782659
-2.8499999999999983 -0.9912530910795447
-2.7999999999999985 -0.9909585416153879
-2.7499999999999987 -0.9906335147864199
-2.699999999999999 -0.9902835363531848
-2.649999999999999 -0.9899103040656432
-2.599999999999999 -0.989513708127182
-2.5499999999999994 -0.9890925748706741
-2.4999999999999996 -0.9886454767132047
-2.4499999999999997 -0.9881705683763047
-2.4 -0.9876656908822196
-2.35 -0.9871283089966278
-2.3000000000000003 -0.9865555567856538
-2.2500000000000004 -0.985944479507396
-2.2000000000000006 -0.9852916547679029
-2.150000000000001 -0.9845933008637058
-2.100000000000001 -0.9838450365515694
-2.050000000000001 -0.9830422767167016
-2.0000000000000013 -0.9821797399903465
-1.9500000000000013 -0.9812514508000165
-1.9000000000000012 -0.9802507470583476
-1.8500000000000012 -0.9791701379332722
-1.8000000000000012 -0.9780012124168994
-1.750000000000001 -0.9767344114797805
-1.700000000000001 -0.9753590145215076
-1.650000000000001 -0.9738625390066165
-1.600000000000001 -0.9722311613809295
-1.550000000000001 -0.970448888242726
-1.5000000000000009 -0.9684975617439305
-1.4500000000000008 -0.9663562958268014
-1.4000000000000008 -0.9640010135123768
-1.3500000000000008 -0.9614043425620231
-1.3000000000000007 -0.9585344270117658
-1.2500000000000007 -0.9553546729067326
-1.2000000000000006 -0.9518228107178002
-1.1500000000000006 -0.9478899736473957
-1.1000000000000005 -0.9434997348457329
-1.0500000000000005 -0.9385870337417809
-1.0000000000000004 -0.9330770347382326
-0.9500000000000004 -0.92688399832359
-0.9000000000000004 -0.9199103802729878
-0.8500000000000003 -0.91204634578409
-0.8000000000000003 -0.9031702509180374
-0.7500000000000002 -0.8931507099409165
-0.7000000000000002 -0.8818508419069463
-0.6500000000000001 -0.8691366576460279
-0.6000000000000001 -0.8548881056543518
-0.55 -0.8390109624924775
-0.5 -0.8214475773893961
-0.45 -0.8021850771756175
-0.4 -0.7812588826179666
-0.35000000000000003 -0.7587478157991957
-0.30000000000000004 -0.7347620388744915
-0.25000000000000006 -0.7094322409506942
-0.20000000000000007 -0.68289303051128
-0.15000000000000008 -0.6552540834366073
-0.10000000000000007 -0.626579091514119
-0.05000000000000007 -0.5968903799485105
-6.938893903907228e-17 -0.56617777985945
0.04999999999999993 -0.5343943868935628
0.09999999999999994 -0.5014576464028293
0.14999999999999994 -0.4672503798289127
0.19999999999999996 -0.4316218506032966
0.24999999999999994 -0.39438985793606535
0.29999999999999993 -0.3553468030535974
0.3499999999999999 -0.3142477529620736
0.3999999999999999 -0.2708104007765158
0.4499999999999999 -0.22468837310064801
0.4999999999999999 -0.1754496397388612
0.5499999999999999 -0.12253503395587441
0.6 -0.06519643275048884
0.65 -0.0023973697249769907
0.7000000000000001 0.06736238411650866
0.7500000000000001 0.14637312569546848
0.8000000000000002 0.2382402231734823
0.8500000000000002 0.3480982146095847
0.9000000000000002 0.47792235259438415
0.9500000000000003 0.6194502182118738
1.0000000000000002 0.7489707117536291
1.0500000000000003 0.8443005820188804
1.1000000000000003 0.9022937640091353
1.1500000000000004 0.9333106174777057
1.2000000000000004 0.9492176723642138
1.2500000000000004 0.9570393255878971
1.3000000000000005 0.96097424837903
1.3500000000000005 0.9630683743862287
1.4000000000000006 0.9643016553131123
1.4500000000000006 0.9653383116306536
1.5000000000000007 0.9664675092823499
1.5500000000000007 0.9676180098526493
1.6000000000000008 0.9688876491269757
1.6500000000000008 0.9702466332365438
1.7000000000000008 0.9716576922867122
1.7500000000000009 0.9730850579915313
1.800000000000001 0.9744992399762434
1.850000000000001 0.9758700888389075
1.900000000000001 0.9771835460134612
1.950000000000001 0.9784289241371418
2.000000000000001 0.9795989038587891
2.0500000000000007 0.9806922899363207
2.1000000000000005 0.9817106564888829
2.1500000000000004 0.9826565543317624
2.2 0.9835345559750575
2.25 0.9843488242419383
2.3 0.9851045835200201
2.3499999999999996 0.98580685141547
2.3999999999999995 0.986460202159961
2.4499999999999993 0.9870688863610446
2.499999999999999 0.987636740248741
2.549999999999999 0.988167448642989
2.5999999999999988 0.9886641553685915
2.6499999999999986 0.9891296541466589
2.6999999999999984 0.9895665219046218
2.7499999999999982 0.9899772683864853
2.799999999999998 0.9903638859616752
2.849999999999998 0.9907282651064288
2.8999999999999977 0.9910720350708606
2.9499999999999975 0.9913967070022309
2.9999999999999973 0.9917038519957861