0 0.0480791416408615
0.05 0.0571914221670404
0.1 0.07507020438776571
0.15000000000000002 0.09844436322082714
0.2 0.12463073075334173
0.25 0.1523433969255723
0.3 0.1811769242123943
0.35 0.21106662165691184
0.39999999999999997 0.24204300601840753
0.44999999999999996 0.2742119587520605
0.49999999999999994 0.30774727123649837
0.5499999999999999 0.34283729283196906
0.6 0.37973714462997366
0.65 0.41891514991202916
0.7000000000000001 0.461133087297873
0.7500000000000001 0.5075896046324737
0.8000000000000002 0.560030231440608
0.8500000000000002 0.6202819290496447
0.9000000000000002 0.6889079922592873
0.9500000000000003 0.7611912484850223
1.0000000000000002 0.8261461396793746
1.0500000000000003 0.874329478458736
1.1000000000000003 0.905260169297708
1.1500000000000004 0.9236223907017175
1.2000000000000004 0.9347034583896979
1.2500000000000004 0.9420780256804957
1.3000000000000005 0.9473097925322217
1.3500000000000005 0.9514273683187796
1.4000000000000006 0.9549956225837846
1.4500000000000006 0.9582958662371684
1.5000000000000007 0.9610866162594679
1.5500000000000007 0.9635313552830421
1.6000000000000008 0.9657891252278119
1.6500000000000008 0.9678890490503114
1.7000000000000008 0.9698650879387799
1.7500000000000009 0.9717114910150965
1.800000000000001 0.973427606940744
1.850000000000001 0.97502372095344
1.900000000000001 0.9764961678011755
1.950000000000001 0.9778540470592009
2.000000000000001 0.9791105190743961
2.0500000000000007 0.9802643031626744
2.1000000000000005 0.9813255464118854
2.1500000000000004 0.9823038233888277
2.2 0.983206935193299
2.25 0.9840419704879659
2.3 0.9848152232212805
2.3499999999999996 0.9855326301298399
2.3999999999999995 0.9861994406461316
2.4499999999999993 0.9868202427242335
2.499999999999999 0.987399160055452
2.549999999999999 0.9879400710125826
2.5999999999999988 0.9884462531566686
2.6499999999999986 0.9889206503846876
2.6999999999999984 0.9893658160711508
2.7499999999999982 0.9897843642695163
2.799999999999998 0.9901783675468706
2.849999999999998 0.9905496840875289
2.8999999999999977 0.9908999885372228
2.9499999999999975 0.9912308911521653
2.9999999999999973 0.9915439379070152
2.9499999999999975 0.9915149647654958
2.8999999999999977 0.9913330904055275
2.849999999999998 0.9910747897935877
2.799999999999998 0.9907725657245028
2.7499999999999982 0.990439688424669
2.6999999999999984 0.990081567535955
2.6499999999999986 0.9896998045469486
2.5999999999999988 0.989294194971061
2.549999999999999 0.9888635193768531
2.499999999999999 0.9884063011421184
2.4499999999999993 0.9879206323051821
2.3999999999999995 0.9874042433880986
2.3499999999999996 0.9868545258814081
2.3 0.9862686008770665
2.25 0.9856434381488094
2.2 0.9849754646741554
2.1500000000000004 0.9842607148451862
2.1000000000000005 0.9834948868677552
2.0500000000000007 0.9826731783078081
2.000000000000001 0.9817901287978729
1.9500000000000008 0.9808395870432786
1.9000000000000008 0.9798147053101588
1.8500000000000008 0.9787078820003706
1.8000000000000007 0.9775103957237345
1.7500000000000007 0.9762124027714155
1.7000000000000006 0.9748028536049018
1.6500000000000006 0.973268955807752
1.6000000000000005 0.9715965433052962
1.5500000000000005 0.9697691753725238
1.5000000000000004 0.9677682151085469
1.4500000000000004 0.9655721846181803
1.4000000000000004 0.9631566324078322
1.3500000000000003 0.9604934281339391
1.3000000000000003 0.9575503350618256
1.2500000000000002 0.9542901614618343
1.2000000000000002 0.9506702646434232
1.1500000000000001 0.9466417518813098
1.1 0.9421483358819108
1.05 0.9371258552855692
1.0 0.9315010048701949
0.95 0.9251908030452839
0.8999999999999999 0.9181018366518575
0.8499999999999999 0.910130231691491
0.7999999999999998 0.9011617118910968
0.7499999999999998 0.8910730602501828
0.6999999999999997 0.8797340397829565
0.6499999999999997 0.8670113365095147
0.5999999999999996 0.8527753890404062
0.5499999999999996 0.836916687206496
0.4999999999999996 0.8193664210239098
0.4499999999999996 0.8001134155511231
0.39999999999999963 0.7792102543749249
0.34999999999999964 0.7567682647537087
0.29999999999999966 0.7329305897993169
0.24999999999999967 0.7078462091648926
0.19999999999999968 0.6816585444434574
0.1499999999999997 0.6544724414713974
0.09999999999999969 0.6263334896379371
0.049999999999999684 0.5972368157192238
-3.191891195797325e-16 0.5671269866682922
-0.05000000000000032 0.5359036571714395
-0.10000000000000032 0.5034374682326713
-0.15000000000000033 0.46958141200518055
-0.20000000000000034 0.43417569406878825
-0.25000000000000033 0.39704213682640105
-0.3000000000000003 0.35798165830151957
-0.3500000000000003 0.3167550508176341
-0.4000000000000003 0.27307995214145886
-0.4500000000000003 0.22660249994112466
-0.5000000000000003 0.17687485363674124
-0.5500000000000004 0.12331045472037806
-0.6000000000000004 0.06511570003942324
-0.6500000000000005 0.001177450847925258
-0.7000000000000005 -0.07014121455579134
-0.7500000000000006 -0.15140102949415904
-0.8000000000000006 -0.2466635325186774
-0.8500000000000006 -0.3605066975358315
-0.9000000000000007 -0.49377201171711377
-0.9500000000000007 -0.6360379312598875
-1.0000000000000007 -0.7643472000094934
-1.0500000000000007 -0.8566203466844325
-1.1000000000000008 -0.910430202766269
-1.1500000000000008 -0.9375787767396266
-1.2000000000000008 -0.9500338078272814
-1.2500000000000009 -0.9557080292071339
-1.300000000000001 -0.9586813314003345
-1.350000000000001 -0.9608537326864289
-1.400000000000001 -0.9625963387852473
-1.450000000000001 -0.9642459842071337
-1.500000000000001 -0.9655941231866711
-1.5500000000000012 -0.9668863100791357
-1.6000000000000012 -0.9682358071311044
-1.6500000000000012 -0.9696009732697999
-1.7000000000000013 -0.9710426697391421
-1.7500000000000013 -0.9725182785288875
-1.8000000000000014 -0.9739701738469649
-1.8500000000000014 -0.9753748736247294
-1.9000000000000015 -0.9767243115446769
-1.9500000000000015 -0.978002844453907
-2.0000000000000013 -0.9792054242009932
-2.050000000000001 -0.9803242344753526
-2.100000000000001 -0.9813628695970887
-2.150000000000001 -0.9823268281769809
-2.2000000000000006 -0.983220961234346
-2.2500000000000004 -0.9840504294806324
-2.3000000000000003 -0.9848202835037259
-2.35 -0.9855356287854687
-2.4 -0.9862011902956511
-2.4499999999999997 -0.9868212525836048
-2.4999999999999996 -0.9873997404183446
-2.5499999999999994 -0.9879403994354414
-2.599999999999999 -0.9884464329886234
-2.649999999999999 -0.9889207432200896
-2.699999999999999 -0.9893658655488559
-2.7499999999999987 -0.9897843848038921
-2.7999999999999985 -0.9901783763169669
-2.8499999999999983 -0.9905496865980024
-2.899999999999998 -0.9908999877456417
-2.949999999999998 -0.9912308889824941
-2.999999999999998 -0.9915439345577707
-2.949999999999998 -0.9915149607713701
-2.899999999999998 -0.9913330880362157
-2.8499999999999983 -0.9910747886093139
-2.7999999999999985 -0.9907725658346784
-2.7499999999999987 -0.9904396902352818
-2.699999999999999 -0.990081568958174
-2.649999999999999 -0.9896998050170461
-2.599999999999999 -0.9892941977092219
-2.5499999999999994 -0.9888635200275059
-2.4999999999999996 -0.9884063004147698
-2.4499999999999997 -0.9879206321096917
-2.4 -0.9874042453883667
-2.35 -0.9868545272921978
-2.3000000000000003 -0.9862686013021065
-2.2500000000000004 -0.9856434412236301
-2.2000000000000006 -0.984975467984054
-2.150000000000001 -0.9842607165368437
-2.100000000000001 -0.9834948893100393
-2.050000000000001 -0.9826731799829499
-2.0000000000000013 -0.981790130570762
-1.9500000000000013 -0.9808395891741807
-1.9000000000000012 -0.9798147095163308
-1.8500000000000012 -0.9787078856284828
-1.8000000000000012 -0.9775104020450816
-1.750000000000001 -0.9762124090150616
-1.700000000000001 -0.9748028589427856
-1.650000000000001 -0.9732689611973491
-1.600000000000001 -0.9715965475393781
-1.550000000000001 -0.969769180787151
-1.5000000000000009 -0.9677682212739279
-1.4500000000000008 -0.965572191196235
-1.4000000000000008 -0.9631566398187813
-1.3500000000000008 -0.960493443145908
-1.3000000000000007 -0.9575503488733644
-1.2500000000000007 -0.9542901759208882
-1.2000000000000006 -0.9506702791093932
-1.1500000000000006 -0.9466417653596209
-1.1000000000000005 -0.9421483585411423
-1.0500000000000005 -0.9371258782518647
-1.0000000000000004 -0.9315010289200099
-0.9500000000000004 -0.9251908331077316
-0.9000000000000004 -0.9181018681196884
-0.8500000000000003 -0.9101302637939358
-0.8000000000000003 -0.9011617424531253
-0.7500000000000002 -0.8910730896776219
-0.7000000000000002 -0.879734066258697
-0.6500000000000001 -0.867011360017506
-0.6000000000000001 -0.8527754130152309
-0.55 -0.8369167111274626
-0.5 -0.8193664487893995
-0.45 -0.8001134512061321
-0.4 -0.7792103052278978
-0.35000000000000003 -0.7567683309777072
-0.30000000000000004 -0.7329306609555404
-0.25000000000000006 -0.7078462724166825
-0.20000000000000007 -0.6816585781111053
-0.15000000000000008 -0.6544724325066631
-0.10000000000000007 -0.6263334634382123
-0.05000000000000007 -0.597236796804212
-6.938893903907228e-17 -0.5671269933073297
0.04999999999999993 -0.5359036890592795
0.09999999999999994 -0.5034375236364943
0.14999999999999994 -0.4695814893277646
0.19999999999999996 -0.43417578810264396
0.24999999999999994 -0.39704224581082814
0.29999999999999993 -0.35798178241401424
0.3499999999999999 -0.31675518809062037
0.3999999999999999 -0.2730801028194039
0.4499999999999999 -0.2266026670735193
0.4999999999999999 -0.17687503595098963
0.5499999999999999 -0.12331065783954717
0.6 -0.06511592724152776
0.65 -0.001177702603808687
0.7000000000000001 0.07014093009899879
0.7500000000000001 0.15140070566267888
0.8000000000000002 0.24666316215884476
0.8500000000000002 0.36050626603234487
0.9000000000000002 0.49377150279405946
0.9500000000000003 0.6360373114632952
1.0000000000000002 0.764346398294856
1.0500000000000003 0.8566192196720126
1.1000000000000003 0.9104284651456334
1.1500000000000004 0.9375760930339813
1.2000000000000004 0.9500297388333921
1.2500000000000004 0.9557029499970532
1.3000000000000005 0.958673714761115
1.3500000000000005 0.9608462367599504
1.4000000000000006 0.9625901333920084
1.4500000000000006 0.9642422405015314
1.5000000000000007 0.9655932331131365
1.5500000000000007 0.9668870453487947
1.6000000000000008 0.9682370863212116
1.6500000000000008 0.9696043468508954
1.7000000000000008 0.9710476619629658
1.7500000000000009 0.9725230720354617
1.800000000000001 0.9739727415014184
1.850000000000001 0.9753798565114438
1.900000000000001 0.9767265707677354
1.950000000000001 0.9780062084791109
2.000000000000001 0.979207384914161
2.0500000000000007 0.9803246892303922
2.1000000000000005 0.9813629587694152
2.1500000000000004 0.9823268453980739
2.2 0.9832209649081688
2.25 0.9840504305906845
2.3 0.9848202840252358
2.3499999999999996 0.9855356290639722
2.3999999999999995 0.9862011905427499
2.4499999999999993 0.9868212527304007
2.499999999999999 0.9873997404904501
2.549999999999999 0.9879403993544371
2.5999999999999988 0.9884464329368824
2.6499999999999986 0.9889207431644638
2.6999999999999984 0.9893658654968217
2.7499999999999982 0.9897843847515765
2.799999999999998 0.9901783762640586
2.849999999999998 0.9905496865448121
2.8999999999999977 0.9908999876928418
2.9499999999999975 0.9912308889305921
2.9999999999999973 0.9915439345067677