0 0.009661401043867552
0.05 0.019918893038346156
0.1 0.03873840450612802
0.15000000000000002 0.06351189746198842
0.2 0.09200264329532569
0.25 0.12243594198228697
0.3 0.15385647060909813
0.35 0.18596700889870652
0.39999999999999997 0.21867286930984162
0.44999999999999996 0.2521033382740884
0.49999999999999994 0.2865493901233501
0.5499999999999999 0.3223552653353655
0.6 0.3599077311406364
0.65 0.3997053144173505
0.7000000000000001 0.44248315619297895
0.7500000000000001 0.4893648140205817
0.8000000000000002 0.5420824485953393
0.8500000000000002 0.6030156898702603
0.9000000000000002 0.6733018937631146
0.9500000000000003 0.7483699168793613
1.0000000000000002 0.816116106778328
1.0500000000000003 0.8672895364137907
1.1000000000000003 0.9012858725795241
1.1500000000000004 0.9220266491750508
1.2000000000000004 0.9345597976905554
1.2500000000000004 0.9424143263648816
1.3000000000000005 0.9476710127847832
1.3500000000000005 0.9516446379078489
1.4000000000000006 0.954926612049087
1.4500000000000006 0.9578754812673564
1.5000000000000007 0.9606400859583735
1.5500000000000007 0.9632474985650855
1.6000000000000008 0.965631185731597
1.6500000000000008 0.9678238343780238
1.7000000000000008 0.9698537894935638
1.7500000000000009 0.9717307046555581
1.800000000000001 0.9734695352349565
1.850000000000001 0.9750790406575511
1.900000000000001 0.9765603827093002
1.950000000000001 0.9779223245074782
2.000000000000001 0.9791758748622871
2.0500000000000007 0.9803317480530165
2.1000000000000005 0.9813941290320524
2.1500000000000004 0.9823722181540477
2.2 0.983274481993602
2.25 0.9841082796381866
2.3 0.9848800489450562
2.3499999999999996 0.9855958084259996
2.3999999999999995 0.9862608597956886
2.4499999999999993 0.9868798480814845
2.499999999999999 0.9874569672504462
2.549999999999999 0.9879960867017237
2.5999999999999988 0.9885004977384836
2.6499999999999986 0.9889731383531458
2.6999999999999984 0.9894166246239285
2.7499999999999982 0.9898335219951666
2.799999999999998 0.99022589950549
2.849999999999998 0.9905956281309224
2.8999999999999977 0.9909444057503984
2.9499999999999975 0.991273823294018
2.9999999999999973 0.9915854435378708
2.9499999999999975 0.9915595674333361
2.8999999999999977 0.9913815171679344
2.849999999999998 0.9911267140616599
2.799999999999998 0.9908276868822831
2.7499999999999982 0.9904977158058113
2.6999999999999984 0.9901424262907914
2.6499999999999986 0.9897635419847343
2.5999999999999988 0.9893609341615917
2.549999999999999 0.9889334045252555
2.499999999999999 0.9884794758708911
2.4499999999999993 0.9879972660313027
2.3999999999999995 0.9874845585760897
2.3499999999999996 0.9869387709964025
2.3 0.9863570169998478
2.25 0.9857362695935442
2.2 0.9850730482313922
2.1500000000000004 0.9843634808604386
2.1000000000000005 0.9836031319002169
2.0500000000000007 0.9827872756693965
2.000000000000001 0.981910541601061
1.9500000000000008 0.9809668526696165
1.9000000000000008 0.9799494246015147
1.8500000000000008 0.9788506639644982
1.8000000000000007 0.9776619027671452
1.7500000000000007 0.9763734712695519
1.7000000000000006 0.9749744256242068
1.6500000000000006 0.9734521655453192
1.6000000000000005 0.9717925857628866
1.5500000000000005 0.9699794669143706
1.5000000000000004 0.967994386738226
1.4500000000000004 0.9658162357663427
1.4000000000000004 0.9634208099141958
1.3500000000000003 0.9607804976985646
1.3000000000000003 0.9578634160458575
1.2500000000000002 0.954632998971066
1.2000000000000002 0.9510472845900004
1.1500000000000001 0.9470581379860726
1.1 0.9426103106094069
1.05 0.9376406843572277
1.0 0.9320773641387056
0.95 0.9258390744307626
0.8999999999999999 0.9188349001464235
0.8499999999999999 0.9109640911023233
0.7999999999999998 0.9021170331441473
0.7499999999999998 0.8921775475676557
0.6999999999999997 0.881026799803237
0.6499999999999997 0.8685498472023615
0.5999999999999996 0.8546442525122983
0.5499999999999996 0.8392307315681438
0.4999999999999996 0.822262665542064
0.4499999999999996 0.803731069633142
0.39999999999999963 0.7836641480983756
0.34999999999999964 0.7621220679390596
0.29999999999999966 0.7391915177033769
0.24999999999999967 0.7149757184238567
0.19999999999999968 0.6895676146180848
0.1499999999999997 0.6630304889990615
0.09999999999999969 0.635406368658591
0.049999999999999684 0.6067191512859781
-3.191891195797325e-16 0.576960280638933
-0.05000000000000032 0.5460802236982791
-0.10000000000000032 0.5139872607586375
-0.15000000000000033 0.48055128218044274
-0.20000000000000034 0.44561561375659803
-0.25000000000000033 0.40899916919576745
-0.3000000000000003 0.37049854071685334
-0.3500000000000003 0.3298718442609531
-0.4000000000000003 0.2868363918795923
-0.4500000000000003 0.24104152869117149
-0.5000000000000003 0.19204628543539767
-0.5500000000000004 0.13927689695541087
-0.6000000000000004 0.08196116786620052
-0.6500000000000005 0.01902404431375268
-0.7000000000000005 -0.05110184812513468
-0.7500000000000006 -0.13084338014916375
-0.8000000000000006 -0.22406430265954508
-0.8500000000000006 -0.3355047717227275
-0.9000000000000007 -0.46748994601407245
-0.9500000000000007 -0.6107641154535555
-1.0000000000000007 -0.7409895708036874
-1.0500000000000007 -0.8375964185938531
-1.1000000000000008 -0.897867191716052
-1.1500000000000008 -0.9309187838427441
-1.2000000000000008 -0.9477306162357466
-1.2500000000000009 -0.9559511699195735
-1.300000000000001 -0.9598760844415389
-1.350000000000001 -0.9619035708684139
-1.400000000000001 -0.9631681212364358
-1.450000000000001 -0.9643071421869742
-1.500000000000001 -0.9655516905357748
-1.5500000000000012 -0.9668722659535609
-1.6000000000000012 -0.9682360573014414
-1.6500000000000012 -0.9696747870586162
-1.7000000000000013 -0.9711422268051266
-1.7500000000000013 -0.9726049204345145
-1.8000000000000014 -0.9740475517670256
-1.8500000000000014 -0.9754567254728552
-1.9000000000000015 -0.9768107523108677
-1.9500000000000015 -0.9780849236602429
-2.0000000000000013 -0.9792805391922943
-2.050000000000001 -0.9803961843396047
-2.100000000000001 -0.9814334872878726
-2.150000000000001 -0.9823969998548291
-2.2000000000000006 -0.9832898661876212
-2.2500000000000004 -0.9841176086777558
-2.3000000000000003 -0.9848856401132167
-2.35 -0.9855991188879182
-2.4 -0.9862627957441762
-2.4499999999999997 -0.9868809659762982
-2.4999999999999996 -0.9874576053701694
-2.5499999999999994 -0.9879964430058129
-2.599999999999999 -0.988500692497129
-2.649999999999999 -0.9889732445700935
-2.699999999999999 -0.9894166809450899
-2.7499999999999987 -0.9898335494660435
-2.7999999999999985 -0.990225912515569
-2.8499999999999983 -0.9905956314429457
-2.899999999999998 -0.9909444062645335
-2.949999999999998 -0.9912738200454398
-2.999999999999998 -0.9915854385654518
-2.949999999999998 -0.9915595648153659
-2.899999999999998 -0.9913815174060252
-2.8499999999999983 -0.9911267138443636
-2.7999999999999985 -0.9908276870530324
-2.7499999999999987 -0.9904977170260382
-2.699999999999999 -0.9901424260662022
-2.649999999999999 -0.989763542681539
-2.599999999999999 -0.9893609344327403
-2.5499999999999994 -0.9889334048775422
-2.4999999999999996 -0.9884794781659038
-2.4499999999999997 -0.9879972691514
-2.4 -0.9874845602403969
-2.35 -0.9869387724394063
-2.3000000000000003 -0.98635701896563
-2.2500000000000004 -0.9857362716658042
-2.2000000000000006 -0.985073049850291
-2.150000000000001 -0.9843634835423485
-2.100000000000001 -0.98360313366066
-2.050000000000001 -0.9827872776991708
-2.0000000000000013 -0.9819105448685987
-1.9500000000000013 -0.9809668574100634
-1.9000000000000012 -0.9799494297028329
-1.8500000000000012 -0.9788506694611685
-1.8000000000000012 -0.9776619078048152
-1.750000000000001 -0.9763734757037928
-1.700000000000001 -0.9749744291730328
-1.650000000000001 -0.9734521704404532
-1.600000000000001 -0.971792592386862
-1.550000000000001 -0.9699794763173137
-1.5000000000000009 -0.9679943965496984
-1.4500000000000008 -0.9658162435477128
-1.4000000000000008 -0.9634208201139589
-1.3500000000000008 -0.9607805069911324
-1.3000000000000007 -0.9578634273770816
-1.2500000000000007 -0.9546330128329633
-1.2000000000000006 -0.9510472992611396
-1.1500000000000006 -0.9470581533813307
-1.1000000000000005 -0.9426103284919914
-1.0500000000000005 -0.9376407051404466
-1.0000000000000004 -0.9320773861278676
-0.9500000000000004 -0.9258391010143703
-0.9000000000000004 -0.9188349345075946
-0.8500000000000003 -0.9109641262041123
-0.8000000000000003 -0.9021170709882491
-0.7500000000000002 -0.892177590595469
-0.7000000000000002 -0.8810268492158148
-0.6500000000000001 -0.8685499038437272
-0.6000000000000001 -0.8546443143818376
-0.55 -0.839230803049211
-0.5 -0.8222627520103826
-0.45 -0.8037311684098292
-0.4 -0.7836642605290798
-0.35000000000000003 -0.7621221944280702
-0.30000000000000004 -0.7391916499871657
-0.25000000000000006 -0.71497584784629
-0.20000000000000007 -0.6895677397526845
-0.15000000000000008 -0.6630306059532424
-0.10000000000000007 -0.6354064793675234
-0.05000000000000007 -0.6067192586864577
-6.938893903907228e-17 -0.576960387047554
0.04999999999999993 -0.5460803331723905
0.09999999999999994 -0.5139873761867783
0.14999999999999994 -0.48055140456641454
0.19999999999999996 -0.44561574636247137
0.24999999999999994 -0.4089993103385139
0.29999999999999993 -0.3704986949458675
0.3499999999999999 -0.32987200924620325
0.3999999999999999 -0.2868365687294676
0.4499999999999999 -0.2410417217059104
0.4999999999999999 -0.19204645736875056
0.5499999999999999 -0.13927636371423038
0.6 -0.08194521862519871
0.65 -0.01888148515341424
0.7000000000000001 0.051487440813880826
0.7500000000000001 0.1314412046936045
0.8000000000000002 0.22480839462230381
0.8500000000000002 0.3363475861336416
0.9000000000000002 0.46840235229473354
0.9500000000000003 0.6117284766359373
1.0000000000000002 0.7419943605501573
1.0500000000000003 0.8386334793789024
1.1000000000000003 0.8989305148771178
1.1500000000000004 0.9319160887719226
1.2000000000000004 0.9483891619678747
1.2500000000000004 0.9563337366813403
1.3000000000000005 0.9601003275996789
1.3500000000000005 0.9620385428937325
1.4000000000000006 0.9632510629449399
1.4500000000000006 0.9643587546583181
1.5000000000000007 0.965584267745572
1.5500000000000007 0.9668932818316563
1.6000000000000008 0.9682523400179016
1.6500000000000008 0.9696865108069084
1.7000000000000008 0.9711518745352312
1.7500000000000009 0.9726131446271952
1.800000000000001 0.9740566233681986
1.850000000000001 0.9754649788768458
1.900000000000001 0.9768138459976442
1.950000000000001 0.9780859753895406
2.000000000000001 0.9792811428414833
2.0500000000000007 0.9803963630491339
2.1000000000000005 0.9814336052205399
2.1500000000000004 0.9823970854302917
2.2 0.9832898848816772
2.25 0.9841176116497219
2.3 0.9848856403588584
2.3499999999999996 0.9855991186921294
2.3999999999999995 0.9862627955756366
2.4499999999999993 0.9868809658576302
2.499999999999999 0.9874576052601561
2.549999999999999 0.9879964429154509
2.5999999999999988 0.9885006924589281
2.6499999999999986 0.9889732445320356
2.6999999999999984 0.9894166808738319
2.7499999999999982 0.9898335493569059
2.799999999999998 0.990225912500243
2.849999999999998 0.9905956314049505
2.8999999999999977 0.9909444056385345
2.9499999999999975 0.9912738197102807
2.9999999999999973 0.9915854383622603