0 -0.006155599637556891
0.05 0.0019621130133654443
0.1 0.019691775242928262
0.15000000000000002 0.04462894808149994
0.2 0.07418129593806606
0.25 0.10613412859454352
0.3 0.13906149679007182
0.35 0.17234692911429417
0.39999999999999997 0.20599350763324314
0.44999999999999996 0.2403006080887205
0.49999999999999994 0.2756071700074147
0.5499999999999999 0.3121662574307888
0.6 0.35030660740091124
0.65 0.39061968108354095
0.7000000000000001 0.4338280232823698
0.7500000000000001 0.4810475672233806
0.8000000000000002 0.5341452313181396
0.8500000000000002 0.5955803890516909
0.9000000000000002 0.6660631734334326
0.9500000000000003 0.7417833306136739
1.0000000000000002 0.8122860764690689
1.0500000000000003 0.8664722216403997
1.1000000000000003 0.9016015584308369
1.1500000000000004 0.92246017521716
1.2000000000000004 0.9348068365796234
1.2500000000000004 0.9426091096742869
1.3000000000000005 0.9480570709888604
1.3500000000000005 0.9523128238258798
1.4000000000000006 0.9558036446963887
1.4500000000000006 0.9588533627665861
1.5000000000000007 0.9615314491705536
1.5500000000000007 0.9639074949873028
1.6000000000000008 0.966113909138369
1.6500000000000008 0.9682019501186909
1.7000000000000008 0.970163768146273
1.7500000000000009 0.9720064982664982
1.800000000000001 0.9737216164691094
1.850000000000001 0.9753082393700852
1.900000000000001 0.976772806448132
1.950000000000001 0.9781235188281799
2.000000000000001 0.9793678684702819
2.0500000000000007 0.9805135427013985
2.1000000000000005 0.9815685273872379
2.1500000000000004 0.9825406889991717
2.2 0.983437579362212
2.25 0.9842662795761146
2.3 0.9850331566627993
2.3499999999999996 0.9857441938525051
2.3999999999999995 0.9864046793937858
2.4499999999999993 0.9870192605859783
2.499999999999999 0.9875921149282033
2.549999999999999 0.988127106743759
2.5999999999999988 0.9886275545786094
2.6499999999999986 0.9890963638094796
2.6999999999999984 0.989536161290042
2.7499999999999982 0.9899495116165907
2.799999999999998 0.9903384807588632
2.849999999999998 0.9907049285902777
2.8999999999999977 0.9910505765979964
2.9499999999999975 0.9913769834294617
2.9999999999999973 0.9916857156277258
2.9499999999999975 0.9916608819545479
2.8999999999999977 0.9914852319864124
2.849999999999998 0.9912333276120452
2.799999999999998 0.990937449919121
2.7499999999999982 0.9906108316250944
2.6999999999999984 0.9902590343356739
2.6499999999999986 0.9898837688226616
2.5999999999999988 0.9894849407449527
2.549999999999999 0.9890613422985769
2.499999999999999 0.9886115333641857
2.4499999999999993 0.9881336294618334
2.3999999999999995 0.9876254259799485
2.3499999999999996 0.9870843651527987
2.3 0.9865075342346685
2.25 0.9858919286207902
2.2 0.9852340783160322
2.1500000000000004 0.9845301201643966
2.1000000000000005 0.9837756339653114
2.0500000000000007 0.9829658844662053
2.000000000000001 0.9820955407153954
1.9500000000000008 0.9811584361385506
1.9000000000000008 0.9801478164269473
1.8500000000000008 0.9790561117035308
1.8000000000000007 0.9778745875382189
1.7500000000000007 0.9765935592858082
1.7000000000000006 0.9752019783090558
1.6500000000000006 0.9736870954782718
1.6000000000000005 0.9720347476918086
1.5500000000000005 0.9702284997254582
1.5000000000000004 0.9682496831775651
1.4500000000000004 0.9660768207643002
1.4000000000000004 0.963685323935504
1.3500000000000003 0.9610468585839328
1.3000000000000003 0.9581287836209592
1.2500000000000002 0.9548935336224648
1.2000000000000002 0.9512977990273089
1.1500000000000001 0.9472917242753791
1.1 0.9428179953903562
1.05 0.9378109026836847
1.0 0.932195622916309
0.95 0.9258875743100046
0.8999999999999999 0.9187920222984078
0.8499999999999999 0.9108043605669977
0.7999999999999998 0.901811103387375
0.7499999999999998 0.8916921171841135
0.6999999999999997 0.8803236408298077
0.6499999999999997 0.8675830182954807
0.5999999999999996 0.8533547986623533
0.5499999999999996 0.8375393692112608
0.4999999999999996 0.8200638954297903
0.4499999999999996 0.8008967180222419
0.39999999999999963 0.7800586879797065
0.34999999999999964 0.7576232455153482
0.29999999999999966 0.7337055035697163
0.24999999999999967 0.7084513182135086
0.19999999999999968 0.6820200574354434
0.1499999999999997 0.6545517191970344
0.09999999999999969 0.6261257896977523
0.049999999999999684 0.596740344673835
-3.191891195797325e-16 0.5663354832788914
-0.05000000000000032 0.5348305438311217
-0.10000000000000032 0.5021288137157663
-0.15000000000000033 0.4681051751392276
-0.20000000000000034 0.4326079625283797
-0.25000000000000033 0.3954607685708979
-0.3000000000000003 0.3564643041561937
-0.3500000000000003 0.315381777403542
-0.4000000000000003 0.271937086519925
-0.4500000000000003 0.22578826413712952
-0.5000000000000003 0.17650618172538352
-0.5500000000000004 0.12353373882160314
-0.6000000000000004 0.06612282012269918
-0.6500000000000005 0.003235090296785772
-0.7000000000000005 -0.06663738306309469
-0.7500000000000006 -0.14581070684900324
-0.8000000000000006 -0.23799023074160217
-0.8500000000000006 -0.3480061621966443
-0.9000000000000007 -0.4779861513082006
-0.9500000000000007 -0.6192420599968612
-1.0000000000000007 -0.748905513149754
-1.0500000000000007 -0.8451693237205995
-1.1000000000000008 -0.903608333530461
-1.1500000000000008 -0.9345414499899241
-1.2000000000000008 -0.9501754048570641
-1.2500000000000009 -0.9577521097700992
-1.300000000000001 -0.9613905662682785
-1.350000000000001 -0.9632814157986695
-1.400000000000001 -0.9643719249193662
-1.450000000000001 -0.9652886353669632
-1.500000000000001 -0.9663258897773318
-1.5500000000000012 -0.9674538610947269
-1.6000000000000012 -0.9687074304344855
-1.6500000000000012 -0.9700628786510276
-1.7000000000000013 -0.9714804227905449
-1.7500000000000013 -0.972906937894784
-1.8000000000000014 -0.9743216501875094
-1.8500000000000014 -0.9757034535307582
-1.9000000000000015 -0.9770336129067299
-1.9500000000000015 -0.978293588515978
-2.0000000000000013 -0.9794768373149405
-2.050000000000001 -0.9805823388992494
-2.100000000000001 -0.9816114206179692
-2.150000000000001 -0.9825671891109621
-2.2000000000000006 -0.9834537890150689
-2.2500000000000004 -0.9842760833613027
-2.3000000000000003 -0.9850390387124979
-2.35 -0.9857476806040055
-2.4 -0.9864067239554468
-2.4499999999999997 -0.9870204434519912
-2.4999999999999996 -0.9875927907479822
-2.5499999999999994 -0.9881274883291544
-2.599999999999999 -0.9886277661910255
-2.649999999999999 -0.9890964789318456
-2.699999999999999 -0.9895362222911451
-2.7499999999999987 -0.9899495407006575
-2.7999999999999985 -0.9903384943662309
-2.8499999999999983 -0.9907049322975051
-2.899999999999998 -0.9910505754978658
-2.949999999999998 -0.9913769802442561
-2.999999999999998 -0.9916857117625182
-2.949999999999998 -0.991660882212711
-2.899999999999998 -0.9914852337700384
-2.8499999999999983 -0.9912333288493944
-2.7999999999999985 -0.9909374518631506
-2.7499999999999987 -0.9906108333158117
-2.699999999999999 -0.9902590369426381
-2.649999999999999 -0.9898837702841492
-2.599999999999999 -0.9894849417856973
-2.5499999999999994 -0.9890613433561838
-2.4999999999999996 -0.9886115352866849
-2.4499999999999997 -0.9881336314957389
-2.4 -0.9876254272291894
-2.35 -0.9870843665677049
-2.3000000000000003 -0.9865075371953947
-2.2500000000000004 -0.9858919300639115
-2.2000000000000006 -0.9852340810981557
-2.150000000000001 -0.9845301223720114
-2.100000000000001 -0.9837756374351243
-2.050000000000001 -0.982965888737434
-2.0000000000000013 -0.9820955447896057
-1.9500000000000013 -0.9811584414392903
-1.9000000000000012 -0.9801478213582421
-1.8500000000000012 -0.9790561157506773
-1.8000000000000012 -0.9778745923709412
-1.750000000000001 -0.9765935643861823
-1.700000000000001 -0.9752019839484032
-1.650000000000001 -0.9736871001206308
-1.600000000000001 -0.9720347529330765
-1.550000000000001 -0.9702285068128423
-1.5000000000000009 -0.9682496905241321
-1.4500000000000008 -0.9660768271332191
-1.4000000000000008 -0.9636853289997391
-1.3500000000000008 -0.9610468645751722
-1.3000000000000007 -0.9581287909333331
-1.2500000000000007 -0.9548935446887795
-1.2000000000000006 -0.9512978112875682
-1.1500000000000006 -0.9472917382954853
-1.1000000000000005 -0.9428180064665058
-1.0500000000000005 -0.9378109157089829
-1.0000000000000004 -0.9321956360913017
-0.9500000000000004 -0.9258875914002814
-0.9000000000000004 -0.9187920449706566
-0.8500000000000003 -0.9108043858344663
-0.8000000000000003 -0.9018111335181485
-0.7500000000000002 -0.8916921533372371
-0.7000000000000002 -0.8803236785037952
-0.6500000000000001 -0.8675830580144702
-0.6000000000000001 -0.8533548411422868
-0.55 -0.837539411590467
-0.5 -0.820063937545231
-0.45 -0.8008967612599552
-0.4 -0.7800587345760415
-0.35000000000000003 -0.7576232975882972
-0.30000000000000004 -0.7337055572807235
-0.25000000000000006 -0.7084513793567183
-0.20000000000000007 -0.682020127750731
-0.15000000000000008 -0.654551795190444
-0.10000000000000007 -0.6261258732629464
-0.05000000000000007 -0.5967404370383953
-6.938893903907228e-17 -0.5663355816150271
0.04999999999999993 -0.5348306500760405
0.09999999999999994 -0.5021289225166655
0.14999999999999994 -0.46810528932236467
0.19999999999999996 -0.4326080797895593
0.24999999999999994 -0.3954608948473311
0.29999999999999993 -0.3564644399043155
0.3499999999999999 -0.31538192404061033
0.3999999999999999 -0.27193724324913593
0.4499999999999999 -0.22578843666171303
0.4999999999999999 -0.17650636795805597
0.5499999999999999 -0.12353394203815214
0.6 -0.06612304515133034
0.65 -0.003235338788696698
0.7000000000000001 0.06663710722688142
0.7500000000000001 0.1458103971865192
0.8000000000000002 0.23798987986954848
0.8500000000000002 0.34800576185074633
0.9000000000000002 0.4779856827832324
0.9500000000000003 0.6192414886408797
1.0000000000000002 0.7489047811989548
1.0500000000000003 0.8451683334993045
1.1000000000000003 0.9036068416530515
1.1500000000000004 0.9345388701244107
1.2000000000000004 0.9501714218536088
1.2500000000000004 0.9577465756868535
1.3000000000000005 0.9613848200720632
1.3500000000000005 0.9632762518310026
1.4000000000000006 0.9643685536774872
1.4500000000000006 0.9652870171098028
1.5000000000000007 0.9663262814692608
1.5500000000000007 0.9674570407161935
1.6000000000000008 0.9687164892567666
1.6500000000000008 0.97008093355069
1.7000000000000008 0.971493920712149
1.7500000000000009 0.9729115986563244
1.800000000000001 0.9743248160948378
1.850000000000001 0.9757066715726852
1.900000000000001 0.9770358037315983
1.950000000000001 0.9782941518528547
2.000000000000001 0.9794769521325721
2.0500000000000007 0.9805823607477161
2.1000000000000005 0.9816114246478829
2.1500000000000004 0.9825671899139928
2.2 0.9834537891727027
2.25 0.9842760833745617
2.3 0.9850390387218321
2.3499999999999996 0.9857476805648089
2.3999999999999995 0.9864067238728098
2.4499999999999993 0.9870204429641956
2.499999999999999 0.9875927904978021
2.549999999999999 0.9881274881411564
2.5999999999999988 0.9886277660405413
2.6499999999999986 0.9890964788294743
2.6999999999999984 0.9895362219623836
2.7499999999999982 0.989949540532266
2.799999999999998 0.9903384942343574
2.849999999999998 0.9907049322798084
2.8999999999999977 0.991050575459285
2.9499999999999975 0.9913769801849568
2.9999999999999973 0.9916857117071942