0 -0.0003932754734070075
0.05 0.010982898708940859
0.1 0.03147973584275324
0.15000000000000002 0.05819103288369781
0.2 0.08844626149257066
0.25 0.1202391067128412
0.3 0.1524820948194106
0.35 0.18492601858037208
0.39999999999999997 0.21773939972154197
0.44999999999999996 0.2512092427400744
0.49999999999999994 0.285662274464304
0.5499999999999999 0.32146346988746893
0.6 0.3590419202602538
0.65 0.39893727030380677
0.7000000000000001 0.44188431103732917
0.7500000000000001 0.48897277638496284
0.8000000000000002 0.541915735834984
0.8500000000000002 0.6031503698918825
0.9000000000000002 0.6738261364589682
0.9500000000000003 0.7495547666736582
1.0000000000000002 0.8188395143822803
1.0500000000000003 0.8703449431328729
1.1000000000000003 0.9030401669064624
1.1500000000000004 0.9225720687992929
1.2000000000000004 0.9344197849869421
1.2500000000000004 0.9419843641631745
1.3000000000000005 0.9471732050330167
1.3500000000000005 0.9512630130405291
1.4000000000000006 0.9547580646335194
1.4500000000000006 0.9578362269665108
1.5000000000000007 0.9605700814494093
1.5500000000000007 0.9630407013115726
1.6000000000000008 0.9653634364956819
1.6500000000000008 0.9675565253982926
1.7000000000000008 0.9695796150790095
1.7500000000000009 0.9714406245828553
1.800000000000001 0.9731665988236975
1.850000000000001 0.9747663932883366
1.900000000000001 0.9762488249755485
1.950000000000001 0.9776147461127619
2.000000000000001 0.9788725559454523
2.0500000000000007 0.9800314612807244
2.1000000000000005 0.9810998258640343
2.1500000000000004 0.9820854944382981
2.2 0.982995926982817
2.25 0.983838087882364
2.3 0.9846183120427053
2.3499999999999996 0.9853424722119313
2.3999999999999995 0.986015774634623
2.4499999999999993 0.9866428076555751
2.499999999999999 0.9872277536445608
2.549999999999999 0.9877744934831597
2.5999999999999988 0.9882862730288917
2.6499999999999986 0.9887660014997981
2.6999999999999984 0.989216317538766
2.7499999999999982 0.989639772405293
2.799999999999998 0.9900384390730369
2.849999999999998 0.9904142245551132
2.8999999999999977 0.990768844711314
2.9499999999999975 0.9911038545716794
2.9999999999999973 0.9914208410693464
2.9499999999999975 0.9913951829133393
2.8999999999999977 0.9912145755287365
2.849999999999998 0.9909557317510909
2.799999999999998 0.9906518523587906
2.7499999999999982 0.9903165509379689
2.6999999999999984 0.9899555555211614
2.6499999999999986 0.9895706126366172
2.5999999999999988 0.9891616490967908
2.549999999999999 0.9887274963782677
2.499999999999999 0.9882667014920307
2.4499999999999993 0.9877773553846784
2.3999999999999995 0.987257231567553
2.3499999999999996 0.9867037422125229
2.3 0.986113984633523
2.25 0.9854849784766538
2.2 0.9848132291541932
2.1500000000000004 0.9840948627516038
2.1000000000000005 0.9833254643706999
2.0500000000000007 0.9825003374055454
2.000000000000001 0.9816141632747919
1.9500000000000008 0.9806608671063481
1.9000000000000008 0.979633663157638
1.8500000000000008 0.9785251273283093
1.8000000000000007 0.9773266788378454
1.7500000000000007 0.9760286688944395
1.7000000000000006 0.9746203466059024
1.6500000000000006 0.9730891944630866
1.6000000000000005 0.9714213523703453
1.5500000000000005 0.9696008148913039
1.5000000000000004 0.9676094872138499
1.4500000000000004 0.965426563355295
1.4000000000000004 0.9630282177019188
1.3500000000000003 0.9603871892117958
1.3000000000000003 0.957472208265476
1.2500000000000002 0.9542472257799709
1.2000000000000002 0.9506708925461874
1.1500000000000001 0.946695576834217
1.1 0.9422667049701215
1.05 0.9373217334926883
1.0 0.9317892016400957
0.95 0.9255882026610762
0.8999999999999999 0.9186278230295429
0.8499999999999999 0.9108074534875774
0.7999999999999998 0.9020177048481068
0.7499999999999998 0.8921428487064568
0.6999999999999997 0.8810650088404717
0.6499999999999997 0.8686701443335396
0.5999999999999996 0.8548557040822543
0.5499999999999996 0.8395393871374893
0.4999999999999996 0.8226670621292611
0.4499999999999996 0.8042190074112762
0.39999999999999963 0.784211804397128
0.34999999999999964 0.7626978629225497
0.29999999999999966 0.739757727865393
0.24999999999999967 0.7154836356094649
0.19999999999999968 0.6899668968242001
0.1499999999999997 0.6632954796802676
0.09999999999999969 0.6355408151239254
0.049999999999999684 0.6067332326764854
-3.191891195797325e-16 0.5768537766473226
-0.05000000000000032 0.5458449184758251
-0.10000000000000032 0.5136134737464301
-0.15000000000000033 0.4800285541241619
-0.20000000000000034 0.44493074913584196
-0.25000000000000033 0.4081358419341223
-0.3000000000000003 0.3694360837071915
-0.3500000000000003 0.328585157311887
-0.4000000000000003 0.28529653917936837
-0.4500000000000003 0.2392156287024745
-0.5000000000000003 0.18989745360903904
-0.5500000000000004 0.13676453122837914
-0.6000000000000004 0.0790427241215402
-0.6500000000000005 0.015657206446607848
-0.7000000000000005 -0.05494923566156017
-0.7500000000000006 -0.13516728983627943
-0.8000000000000006 -0.22875631437960212
-0.8500000000000006 -0.34045280150743296
-0.9000000000000007 -0.47261047975956977
-0.9500000000000007 -0.6162816875208099
-1.0000000000000007 -0.7479359795534245
-1.0500000000000007 -0.843861853402568
-1.1000000000000008 -0.9014073304139537
-1.1500000000000008 -0.9322633649878806
-1.2000000000000008 -0.9477102601467179
-1.2500000000000009 -0.955251004872709
-1.300000000000001 -0.9590351599858277
-1.350000000000001 -0.9612673661864889
-1.400000000000001 -0.9627174261661674
-1.450000000000001 -0.9639016809162951
-1.500000000000001 -0.9651056790479916
-1.5500000000000012 -0.9664033832215531
-1.6000000000000012 -0.9678153366206136
-1.6500000000000012 -0.9692728919659614
-1.7000000000000013 -0.9707498832658893
-1.7500000000000013 -0.9722275173579525
-1.8000000000000014 -0.9736791673796844
-1.8500000000000014 -0.9750978500632291
-1.9000000000000015 -0.9764610422787398
-1.9500000000000015 -0.9777491160374963
-2.0000000000000013 -0.9789541873873976
-2.050000000000001 -0.9800805153216299
-2.100000000000001 -0.9811339355834231
-2.150000000000001 -0.9821074833045199
-2.2000000000000006 -0.9830093981451905
-2.2500000000000004 -0.9838464570176565
-2.3000000000000003 -0.9846233865947075
-2.35 -0.9853454895882134
-2.4 -0.9860175429143586
-2.4499999999999997 -0.9866438211441139
-2.4999999999999996 -0.9872283359154985
-2.5499999999999994 -0.9877748209388646
-2.599999999999999 -0.9882864511258113
-2.649999999999999 -0.9887660956464185
-2.699999999999999 -0.9892163650857071
-2.7499999999999987 -0.9896397935833866
-2.7999999999999985 -0.990038446379461
-2.8499999999999983 -0.9904142242211256
-2.899999999999998 -0.9907688419413668
-2.949999999999998 -0.9911038514025123
-2.999999999999998 -0.9914208363860828
-2.949999999999998 -0.9913951803570251
-2.899999999999998 -0.9912145736676127
-2.8499999999999983 -0.9909557292770407
-2.7999999999999985 -0.9906518504220962
-2.7499999999999987 -0.9903165509904439
-2.699999999999999 -0.9899555563320007
-2.649999999999999 -0.9895706121691443
-2.599999999999999 -0.9891616490949662
-2.5499999999999994 -0.9887274962676393
-2.4999999999999996 -0.9882667001525399
-2.4499999999999997 -0.9877773546581573
-2.4 -0.987257231653552
-2.35 -0.9867037420163908
-2.3000000000000003 -0.9861139847754489
-2.2500000000000004 -0.9854849793716874
-2.2000000000000006 -0.9848132296956825
-2.150000000000001 -0.9840948644706243
-2.100000000000001 -0.9833254659562802
-2.050000000000001 -0.9825003395707371
-2.0000000000000013 -0.9816141643690837
-1.9500000000000013 -0.9806608698000143
-1.9000000000000012 -0.9796336648130746
-1.8500000000000012 -0.9785251288852685
-1.8000000000000012 -0.9773266817808378
-1.750000000000001 -0.9760286733110313
-1.700000000000001 -0.9746203513266252
-1.650000000000001 -0.9730891991084463
-1.600000000000001 -0.9714213572025778
-1.550000000000001 -0.9696008223028811
-1.5000000000000009 -0.9676094953348615
-1.4500000000000008 -0.9654265718188912
-1.4000000000000008 -0.9630282280265213
-1.3500000000000008 -0.9603871992897509
-1.3000000000000007 -0.9574722197008829
-1.2500000000000007 -0.9542472366086665
-1.2000000000000006 -0.9506709037911207
-1.1500000000000006 -0.9466955874305442
-1.1000000000000005 -0.9422667167894128
-1.0500000000000005 -0.9373217471124037
-1.0000000000000004 -0.9317892143175521
-0.9500000000000004 -0.9255882143833812
-0.9000000000000004 -0.9186278379625707
-0.8500000000000003 -0.91080746947104
-0.8000000000000003 -0.902017727098753
-0.7500000000000002 -0.8921428743772462
-0.7000000000000002 -0.8810650411300863
-0.6500000000000001 -0.8686701806981797
-0.6000000000000001 -0.8548557468505777
-0.55 -0.839539435336079
-0.5 -0.822667118841097
-0.45 -0.8042190681917432
-0.4 -0.7842118695750313
-0.35000000000000003 -0.7626979317414686
-0.30000000000000004 -0.7397577985737218
-0.25000000000000006 -0.715483704887215
-0.20000000000000007 -0.6899669674576443
-0.15000000000000008 -0.6632955570490461
-0.10000000000000007 -0.635540907817873
-0.05000000000000007 -0.6067333478466725
-6.938893903907228e-17 -0.5768539089442802
0.04999999999999993 -0.5458450618094088
0.09999999999999994 -0.513613621081708
0.14999999999999994 -0.4800287060710184
0.19999999999999996 -0.4449309022563091
0.24999999999999994 -0.4081360009233254
0.29999999999999993 -0.36943625247229755
0.3499999999999999 -0.3285853361762489
0.3999999999999999 -0.28529673215878054
0.4499999999999999 -0.23921583738790714
0.4999999999999999 -0.18989767959775353
0.5499999999999999 -0.13676477642918064
0.6 -0.07904299389753912
0.65 -0.015657501813790338
0.7000000000000001 0.05494890826546896
0.7500000000000001 0.1351669262668337
0.8000000000000002 0.2287559045696241
0.8500000000000002 0.3404523326338429
0.9000000000000002 0.4726099304204343
0.9500000000000003 0.6162810279975198
1.0000000000000002 0.747935135597073
1.0500000000000003 0.8438606796814451
1.1000000000000003 0.9014055463844546
1.1500000000000004 0.9322604752838884
1.2000000000000004 0.9477059546195495
1.2500000000000004 0.9552450783028296
1.3000000000000005 0.9590280178788759
1.3500000000000005 0.9612607925700423
1.4000000000000006 0.9627130481612609
1.4500000000000006 0.9638997995725914
1.5000000000000007 0.9651071155962812
1.5500000000000007 0.9664088979655988
1.6000000000000008 0.9678268864142467
1.6500000000000008 0.9692957346233035
1.7000000000000008 0.9707842582554785
1.7500000000000009 0.9722623234055737
1.800000000000001 0.9737139576184215
1.850000000000001 0.9751270300986251
1.900000000000001 0.9764816157703503
1.950000000000001 0.9777640890541757
2.000000000000001 0.9789671673038179
2.0500000000000007 0.9800901892532793
2.1000000000000005 0.9811365506437548
2.1500000000000004 0.9821080125442014
2.2 0.983009532456368
2.25 0.9838464929359684
2.3 0.9846233954806137
2.3499999999999996 0.9853454925204763
2.3999999999999995 0.9860175441934548
2.4499999999999993 0.9866438218208721
2.499999999999999 0.9872283362386881
2.549999999999999 0.9877748210982255
2.5999999999999988 0.988286451102379
2.6499999999999986 0.9887660955965765
2.6999999999999984 0.9892163650513406
2.7499999999999982 0.9896397934799033
2.799999999999998 0.9900384462801702
2.849999999999998 0.9904142241561414
2.8999999999999977 0.9907688418450261
2.9499999999999975 0.9911038514224624
2.9999999999999973 0.9914208363435428