0 0.05362991192958433
0.05 0.06315129866835296
0.1 0.0800083172099858
0.15000000000000002 0.10252186579420862
0.2 0.12862413937170217
0.25 0.15644648907076966
0.3 0.18526768118478998
0.35 0.2150706105799664
0.39999999999999997 0.24571419413615467
0.44999999999999996 0.27719499276683657
0.49999999999999994 0.3098020201090336
0.5499999999999999 0.3439242859882112
0.6 0.3799469323865577
0.65 0.41830598130923236
0.7000000000000001 0.4596947066927899
0.7500000000000001 0.5052434654624361
0.8000000000000002 0.5566862592473761
0.8500000000000002 0.6163468187139833
0.9000000000000002 0.6851423483426595
0.9500000000000003 0.7579654597287413
1.0000000000000002 0.8240017847584188
1.0500000000000003 0.8733505293895908
1.1000000000000003 0.9049129429489334
1.1500000000000004 0.9234593890246154
1.2000000000000004 0.9349500819713898
1.2500000000000004 0.9424100740812922
1.3000000000000005 0.9476095248699481
1.3500000000000005 0.9516735322892383
1.4000000000000006 0.9553738933804768
1.4500000000000006 0.9586099899864293
1.5000000000000007 0.9613518849491105
1.5500000000000007 0.9638950166483684
1.6000000000000008 0.966262022682633
1.6500000000000008 0.9684287132515954
1.7000000000000008 0.9704290713022433
1.7500000000000009 0.9722669530253725
1.800000000000001 0.973974141659428
1.850000000000001 0.9755514393786527
1.900000000000001 0.977002073762113
1.950000000000001 0.9783366978210932
2.000000000000001 0.9795642661827252
2.0500000000000007 0.980693402432204
2.1000000000000005 0.9817327045010638
2.1500000000000004 0.9826935008250588
2.2 0.9835788922099887
2.25 0.9843954432404198
2.3 0.985150843555245
2.3499999999999996 0.9858513703567913
2.3999999999999995 0.9865023264156556
2.4499999999999993 0.9871082603997846
2.499999999999999 0.9876732504953367
2.549999999999999 0.9882011522292026
2.5999999999999988 0.9886951181586752
2.6499999999999986 0.9891580409105241
2.6999999999999984 0.9895924619086488
2.7499999999999982 0.9900009140152467
2.799999999999998 0.9903854243227694
2.849999999999998 0.9907477920861647
2.8999999999999977 0.991089678672088
2.9499999999999975 0.9914126489745939
2.9999999999999973 0.9917181960588611
2.9499999999999975 0.9916893843152952
2.8999999999999977 0.9915113974694587
2.849999999999998 0.9912589695432616
2.799999999999998 0.9909638218114057
2.7499999999999982 0.9906387887940286
2.6999999999999984 0.9902891673995214
2.6499999999999986 0.9899165010943486
2.5999999999999988 0.9895205850510562
2.549999999999999 0.9891002149813923
2.499999999999999 0.9886539448184866
2.4499999999999993 0.9881798949292621
2.3999999999999995 0.9876758846689829
2.3499999999999996 0.9871393126415227
2.3 0.986567388201664
2.25 0.9859571072500529
2.2 0.9853049944683854
2.1500000000000004 0.9846072776006564
2.1000000000000005 0.9838595356484322
2.0500000000000007 0.9830571343487644
2.000000000000001 0.9821947544004449
1.9500000000000008 0.9812663276060288
1.9000000000000008 0.9802651252231798
1.8500000000000008 0.9791836844709478
1.8000000000000007 0.9780133726511754
1.7500000000000007 0.9767445401908965
1.7000000000000006 0.9753663222302564
1.6500000000000006 0.9738661219743363
1.6000000000000005 0.9722298506233561
1.5500000000000005 0.9704413881681669
1.5000000000000004 0.9684821683592156
1.4500000000000004 0.9663311619698295
1.4000000000000004 0.9639640831644937
1.3500000000000003 0.9613531307238182
1.3000000000000003 0.9584662447784902
1.2500000000000002 0.9552667177292667
1.2000000000000002 0.9517123230416037
1.1500000000000001 0.9477544223304445
1.1 0.9433374665390477
1.05 0.9383980620122188
1.0 0.9328639879087873
0.95 0.9266537985582133
0.8999999999999999 0.9196762175711733
0.8499999999999999 0.9118304829601177
0.7999999999999998 0.903006816341774
0.7499999999999998 0.8930881156449348
0.6999999999999997 0.8819532621881384
0.6499999999999997 0.8694822976937767
0.5999999999999996 0.8555646327417358
0.5499999999999996 0.8401095302673032
0.4999999999999996 0.8230559927145563
0.4499999999999996 0.8043787334918617
0.39999999999999963 0.7840881280951966
0.34999999999999964 0.7622306469333158
0.29999999999999966 0.7389047137605257
0.24999999999999967 0.7142612624590723
0.19999999999999968 0.6884616917580149
0.1499999999999997 0.6616333106390347
0.09999999999999969 0.6338416476253684
0.049999999999999684 0.6050790967048462
-3.191891195797325e-16 0.5752841065449747
-0.05000000000000032 0.5443762626285464
-0.10000000000000032 0.5122615272009148
-0.15000000000000033 0.47881642052580553
-0.20000000000000034 0.44388742073652765
-0.25000000000000033 0.4072919500212636
-0.3000000000000003 0.36882248620804353
-0.3500000000000003 0.32823175458064496
-0.4000000000000003 0.2852291993394886
-0.4500000000000003 0.23945388504007942
-0.5000000000000003 0.19044966691783607
-0.5500000000000004 0.13761954938712914
-0.6000000000000004 0.08015346504043565
-0.6500000000000005 0.016908948526188402
-0.7000000000000005 -0.053811013613155746
-0.7500000000000006 -0.1347181420564671
-0.8000000000000006 -0.23020505181303597
-0.8500000000000006 -0.3455835445265623
-0.9000000000000007 -0.48123223071241567
-0.9500000000000007 -0.6260091459298519
-1.0000000000000007 -0.756039395324411
-1.0500000000000007 -0.8492349855397974
-1.1000000000000008 -0.9047888114785536
-1.1500000000000008 -0.9339397588292053
-1.2000000000000008 -0.9488477243696336
-1.2500000000000009 -0.9563400180425449
-1.300000000000001 -0.9600531598928145
-1.350000000000001 -0.962158163443288
-1.400000000000001 -0.9637063066297016
-1.450000000000001 -0.9649268845536425
-1.500000000000001 -0.966040524267351
-1.5500000000000012 -0.9672991734829971
-1.6000000000000012 -0.9686940958651944
-1.6500000000000012 -0.9701326768073635
-1.7000000000000013 -0.9716021875633866
-1.7500000000000013 -0.9730711995919779
-1.8000000000000014 -0.9745181020343847
-1.8500000000000014 -0.9759046855998691
-1.9000000000000015 -0.9772303138940879
-1.9500000000000015 -0.9784891081935353
-2.0000000000000013 -0.9796653247987511
-2.050000000000001 -0.9807606378462224
-2.100000000000001 -0.9817771789458686
-2.150000000000001 -0.9827199053154833
-2.2000000000000006 -0.9835937996162609
-2.2500000000000004 -0.9844041485980776
-2.3000000000000003 -0.9851559928565675
-2.35 -0.9858544068421387
-2.4 -0.9865040973225855
-2.4499999999999997 -0.9871092829479751
-2.4999999999999996 -0.9876738369247501
-2.5499999999999994 -0.9882014828644913
-2.599999999999999 -0.9886953001503304
-2.649999999999999 -0.9891581370390946
-2.699999999999999 -0.9895925108942951
-2.7499999999999987 -0.9900009375343827
-2.7999999999999985 -0.99038543420794
-2.8499999999999983 -0.9907477948766005
-2.899999999999998 -0.9910896783245093
-2.949999999999998 -0.991412646501695
-2.999999999999998 -0.9917181918978084
-2.949999999999998 -0.991689385150327
-2.899999999999998 -0.9915113979716372
-2.8499999999999983 -0.9912589689680711
-2.7999999999999985 -0.9909638235855117
-2.7499999999999987 -0.9906387900729487
-2.699999999999999 -0.9902891680696372
-2.649999999999999 -0.9899165015618475
-2.599999999999999 -0.9895205856757106
-2.5499999999999994 -0.9891002152596434
-2.4999999999999996 -0.9886539444674586
-2.4499999999999997 -0.9881798932124072
-2.4 -0.987675885188199
-2.35 -0.9871393152605825
-2.3000000000000003 -0.986567390520774
-2.2500000000000004 -0.9859571091746159
-2.2000000000000006 -0.9853049952528155
-2.150000000000001 -0.9846072794454678
-2.100000000000001 -0.9838595375837793
-2.050000000000001 -0.9830571369843882
-2.0000000000000013 -0.9821947567930841
-1.9500000000000013 -0.9812663309413395
-1.9000000000000012 -0.9802651276347338
-1.8500000000000012 -0.9791836880516437
-1.8000000000000012 -0.9780133744781248
-1.750000000000001 -0.9767445432983417
-1.700000000000001 -0.975366328191915
-1.650000000000001 -0.9738661250167566
-1.600000000000001 -0.9722298550448376
-1.550000000000001 -0.9704413903069772
-1.5000000000000009 -0.9684821753229527
-1.4500000000000008 -0.966331167466979
-1.4000000000000008 -0.9639640906385056
-1.3500000000000008 -0.9613531319735376
-1.3000000000000007 -0.9584662470825319
-1.2500000000000007 -0.9552667259626642
-1.2000000000000006 -0.9517123300000716
-1.1500000000000006 -0.9477544422390973
-1.1000000000000005 -0.9433374902299996
-1.0500000000000005 -0.9383980949196947
-1.0000000000000004 -0.9328640285614067
-0.9500000000000004 -0.9266538445428719
-0.9000000000000004 -0.9196762800185011
-0.8500000000000003 -0.9118305597238235
-0.8000000000000003 -0.9030069216615108
-0.7500000000000002 -0.8930882418974436
-0.7000000000000002 -0.8819534079759975
-0.6500000000000001 -0.8694824665356174
-0.6000000000000001 -0.8555648145274901
-0.55 -0.8401097205984902
-0.5 -0.8230561893805811
-0.45 -0.8043789213457071
-0.4 -0.7840883052844833
-0.35000000000000003 -0.7622308080846928
-0.30000000000000004 -0.738904866755021
-0.25000000000000006 -0.714261403908172
-0.20000000000000007 -0.6884618247193182
-0.15000000000000008 -0.6616334328646132
-0.10000000000000007 -0.6338417562625743
-0.05000000000000007 -0.6050791930561694
-6.938893903907228e-17 -0.5752841976289016
0.04999999999999993 -0.5443763541436386
0.09999999999999994 -0.512261626427922
0.14999999999999994 -0.47881653013045117
0.19999999999999996 -0.4438875406157179
0.24999999999999994 -0.4072920806826517
0.29999999999999993 -0.36882262858940945
0.3499999999999999 -0.32823191175119293
0.3999999999999999 -0.2852293727158854
0.4499999999999999 -0.23945407710568106
0.4999999999999999 -0.19044987491114382
0.5499999999999999 -0.13761977786964144
0.6 -0.08015372103271852
0.65 -0.01690923323095853
0.7000000000000001 0.05381069931661734
0.7500000000000001 0.13471779020908628
0.8000000000000002 0.23020465571765003
0.8500000000000002 0.3455830926916705
0.9000000000000002 0.48123169968799695
0.9500000000000003 0.6260085078640122
1.0000000000000002 0.7560385771893824
1.0500000000000003 0.8492338663542508
1.1000000000000003 0.9047871515933276
1.1500000000000004 0.9339370312224227
1.2000000000000004 0.9488431054737697
1.2500000000000004 0.9563339438078833
1.3000000000000005 0.9600468592902388
1.3500000000000005 0.9621522353860668
1.4000000000000006 0.9637017926801607
1.4500000000000006 0.9649248152227922
1.5000000000000007 0.966040328609515
1.5500000000000007 0.9673018015110608
1.6000000000000008 0.9686994292750154
1.6500000000000008 0.9701471564685878
1.7000000000000008 0.9716127887414444
1.7500000000000009 0.9730901403641743
1.800000000000001 0.9745273979690098
1.850000000000001 0.975916457834853
1.900000000000001 0.9772399025160123
1.950000000000001 0.9784922797919825
2.000000000000001 0.979666031904126
2.0500000000000007 0.9807607706403584
2.1000000000000005 0.9817771928525508
2.1500000000000004 0.9827198998728707
2.2 0.9835937936314415
2.25 0.9844041446361714
2.3 0.9851559903752457
2.3499999999999996 0.9858544055269776
2.3999999999999995 0.9865040969395953
2.4499999999999993 0.9871092825516767
2.499999999999999 0.9876738366437734
2.549999999999999 0.9882014826681996
2.5999999999999988 0.9886953000092151
2.6499999999999986 0.9891581369316035
2.6999999999999984 0.9895925107521192
2.7499999999999982 0.9900009373790258
2.799999999999998 0.9903854341115924
2.849999999999998 0.9907477948039516
2.8999999999999977 0.9910896784975608
2.9499999999999975 0.9914126465321574
2.9999999999999973 0.9917181918754259