0 0.04807916091924158
0.05 0.05719145324998037
0.1 0.07507025704078747
0.15000000000000002 0.09844445127315304
0.2 0.12463086051883501
0.25 0.15234357775052654
0.3 0.18117715082551236
0.35 0.2110668613583052
0.39999999999999997 0.2420432319577282
0.44999999999999996 0.2742121639245445
0.49999999999999994 0.3077474602841353
0.5499999999999999 0.3428374931204936
0.6 0.379737385225628
0.65 0.4189154478325315
0.7000000000000001 0.4611334659416748
0.7500000000000001 0.5075900947744508
0.8000000000000002 0.5600308410326531
0.8500000000000002 0.6202825678556951
0.9000000000000002 0.6889085012590387
0.9500000000000003 0.7611915827471332
1.0000000000000002 0.8261463304005874
1.0500000000000003 0.8743296183984868
1.1000000000000003 0.9052603082848022
1.1500000000000004 0.9236224577354114
1.2000000000000004 0.9347034521049791
1.2500000000000004 0.9420779614438959
1.3000000000000005 0.9473096863656214
1.3500000000000005 0.9514272453361414
1.4000000000000006 0.9549955416092316
1.4500000000000006 0.9582958105799297
1.5000000000000007 0.9610865379210092
1.5500000000000007 0.9635313337502992
1.6000000000000008 0.9657891080365726
1.6500000000000008 0.9678890156959841
1.7000000000000008 0.9698650617084001
1.7500000000000009 0.9717114702749816
1.800000000000001 0.9734275831361743
1.850000000000001 0.9750236884975995
1.900000000000001 0.976496135142707
1.950000000000001 0.9778539896145803
2.000000000000001 0.9791104667260494
2.0500000000000007 0.9802642798402049
2.1000000000000005 0.9813255299960422
2.1500000000000004 0.982303808999716
2.2 0.983206921467394
2.25 0.9840419583011891
2.3 0.9848152111493262
2.3499999999999996 0.9855326184212662
2.3999999999999995 0.9861994295170409
2.4499999999999993 0.9868202321904559
2.499999999999999 0.9873991499248558
2.549999999999999 0.9879400613174416
2.5999999999999988 0.9884462438701733
2.6499999999999986 0.9889206415498862
2.6999999999999984 0.9893658076461086
2.7499999999999982 0.9897843562272578
2.799999999999998 0.990178359619486
2.849999999999998 0.9905496766524298
2.8999999999999977 0.9908999814779356
2.9499999999999975 0.9912308843928297
2.9999999999999973 0.991543931429215
2.9499999999999975 0.9915149592881706
2.8999999999999977 0.9913330842948788
2.849999999999998 0.9910747831959613
2.799999999999998 0.990772558378558
2.7499999999999982 0.9904396808601844
2.6999999999999984 0.9900815596971558
2.6499999999999986 0.9896997963743741
2.5999999999999988 0.9892941862680905
2.549999999999999 0.9888635103339561
2.499999999999999 0.988406291705321
2.4499999999999993 0.9879206224278396
2.3999999999999995 0.9874042330283698
2.3499999999999996 0.9868545149952339
2.3 0.9862685894202705
2.25 0.985643426077473
2.2 0.9849754519890559
2.1500000000000004 0.984260701413038
2.1000000000000005 0.9834948726482473
2.0500000000000007 0.9826731632456294
2.000000000000001 0.9817901128302642
1.9500000000000008 0.9808395699505099
1.9000000000000008 0.9798146872543078
1.8500000000000008 0.9787078629114755
1.8000000000000007 0.9775103754069647
1.7500000000000007 0.9762123811544314
1.7000000000000006 0.9748028303140417
1.6500000000000006 0.9732689309870746
1.6000000000000005 0.9715965170759655
1.5500000000000005 0.9697691476409851
1.5000000000000004 0.9677681858348813
1.4500000000000004 0.9655721538521592
1.4000000000000004 0.9631566000442633
1.3500000000000003 0.960493393307606
1.3000000000000003 0.957550299174392
1.2500000000000002 0.9542901249692549
1.2000000000000002 0.9506702282788233
1.1500000000000001 0.946641716867314
1.1 0.9421482993736705
1.05 0.9371258211256206
1.0 0.9315009771047721
0.95 0.9251907841854875
0.8999999999999999 0.9181018295482761
0.8499999999999999 0.9101302392742048
0.7999999999999998 0.9011617373472403
0.7499999999999998 0.8910731043388355
0.6999999999999997 0.8797340994959498
0.6499999999999997 0.8670114017003744
0.5999999999999996 0.8527754406176176
0.5499999999999996 0.8369166964053246
0.4999999999999996 0.8193663476851195
0.4499999999999996 0.8001132018334188
0.39999999999999963 0.7792098283635974
0.34999999999999964 0.7567675628921423
0.29999999999999966 0.7329295645062276
0.24999999999999967 0.7078447827574884
0.19999999999999968 0.681656591005671
0.1499999999999997 0.6544699803172861
0.09999999999999969 0.6263308862768947
0.049999999999999684 0.5972345180008799
-3.191891195797325e-16 0.5671252080663579
-0.05000000000000032 0.535902387684395
-0.10000000000000032 0.5034366093354499
-0.15000000000000033 0.4695808541573781
-0.20000000000000034 0.43417534748248066
-0.25000000000000033 0.39704193584727226
-0.3000000000000003 0.35798155680315513
-0.3500000000000003 0.3167550171509033
-0.4000000000000003 0.27307996487146197
-0.4500000000000003 0.22660254423425205
-0.5000000000000003 0.17687491915127315
-0.5500000000000004 0.12331053396408258
-0.6000000000000004 0.06511578751016066
-0.6500000000000005 0.0011775415349123447
-0.7000000000000005 -0.07014112554631574
-0.7500000000000006 -0.15140094012076588
-0.8000000000000006 -0.24666346891541316
-0.8500000000000006 -0.3605066223868133
-0.9000000000000007 -0.49377203337520226
-0.9500000000000007 -0.6360379931219333
-1.0000000000000007 -0.7643471918245879
-1.0500000000000007 -0.8566203172928935
-1.1000000000000008 -0.9104301587848446
-1.1500000000000008 -0.9375787148380957
-1.2000000000000008 -0.9500337476509513
-1.2500000000000009 -0.9557080003546311
-1.300000000000001 -0.9586813163873051
-1.350000000000001 -0.960853694650896
-1.400000000000001 -0.9625963234902917
-1.450000000000001 -0.964245956027646
-1.500000000000001 -0.9655940590609712
-1.5500000000000012 -0.96688625126393
-1.6000000000000012 -0.9682357728415875
-1.6500000000000012 -0.9696009548643318
-1.7000000000000013 -0.9710426532811559
-1.7500000000000013 -0.9725182516708963
-1.8000000000000014 -0.9739701525770821
-1.8500000000000014 -0.9753748772685079
-1.9000000000000015 -0.9767243011457823
-1.9500000000000015 -0.9780028116672013
-2.0000000000000013 -0.9792053967372012
-2.050000000000001 -0.9803242168609989
-2.100000000000001 -0.9813628541208023
-2.150000000000001 -0.9823268136032932
-2.2000000000000006 -0.9832209474043025
-2.2500000000000004 -0.9840504167594553
-2.3000000000000003 -0.9848202708600553
-2.35 -0.9855356168432987
-2.4 -0.9862011790364094
-2.4499999999999997 -0.9868212418697967
-2.4999999999999996 -0.9873997302172774
-2.5499999999999994 -0.987940389721024
-2.599999999999999 -0.9884464237346767
-2.649999999999999 -0.9889207354905384
-2.699999999999999 -0.9893658577381429
-2.7499999999999987 -0.9897843770999473
-2.7999999999999985 -0.9901783688169888
-2.8499999999999983 -0.9905496793491431
-2.899999999999998 -0.9908999807746617
-2.949999999999998 -0.9912308822658041
-2.999999999999998 -0.9915439281015043
-2.949999999999998 -0.9915149551970924
-2.899999999999998 -0.9913330818768277
-2.8499999999999983 -0.9910747819878212
-2.7999999999999985 -0.9907725588153792
-2.7499999999999987 -0.9904396827902779
-2.699999999999999 -0.9900815611650384
-2.649999999999999 -0.9896997968632736
-2.599999999999999 -0.9892941894246461
-2.5499999999999994 -0.9888635111635786
-2.4999999999999996 -0.9884062910564937
-2.4499999999999997 -0.987920622268456
-2.4 -0.9874042350466239
-2.35 -0.9868545164162437
-2.3000000000000003 -0.9862685898521191
-2.2500000000000004 -0.9856434291578934
-2.2000000000000006 -0.9849754552519617
-2.150000000000001 -0.9842607030865995
-2.100000000000001 -0.9834948750851166
-2.050000000000001 -0.9826731649208037
-2.0000000000000013 -0.9817901146058989
-1.9500000000000013 -0.9808395712867339
-1.9000000000000012 -0.9798146908540685
-1.8500000000000012 -0.9787078660229391
-1.8000000000000012 -0.977510381300935
-1.750000000000001 -0.9762123870993559
-1.700000000000001 -0.9748028354352297
-1.650000000000001 -0.9732689363416431
-1.600000000000001 -0.9715965212427009
-1.550000000000001 -0.9697691529842265
-1.5000000000000009 -0.9677681919342133
-1.4500000000000008 -0.9655721603321723
-1.4000000000000008 -0.9631566075124219
-1.3500000000000008 -0.9604934095653943
-1.3000000000000007 -0.9575503143090816
-1.2500000000000007 -0.9542901408247662
-1.2000000000000006 -0.9506702441460966
-1.1500000000000006 -0.9466417317020378
-1.1000000000000005 -0.9421483272347443
-1.0500000000000005 -0.9371258488838453
-1.0000000000000004 -0.931501005602003
-0.9500000000000004 -0.92519081822253
-0.9000000000000004 -0.9181018649185283
-0.8500000000000003 -0.9101302753698521
-0.8000000000000003 -0.9011617714912303
-0.7500000000000002 -0.8910731371528249
-0.7000000000000002 -0.8797341275755954
-0.6500000000000001 -0.8670114260436468
-0.6000000000000001 -0.8527754646623514
-0.55 -0.8369167189127007
-0.5 -0.8193663720207127
-0.45 -0.800113231088816
-0.4 -0.7792098701232586
-0.35000000000000003 -0.7567676173554408
-0.30000000000000004 -0.7329296222900916
-0.25000000000000006 -0.7078448326810054
-0.20000000000000007 -0.6816566125105017
-0.15000000000000008 -0.6544699617435642
-0.10000000000000007 -0.6263308532448074
-0.05000000000000007 -0.5972344945186515
-6.938893903907228e-17 -0.56712521149631
0.04999999999999993 -0.5359024186560027
0.09999999999999994 -0.5034366641160066
0.14999999999999994 -0.4695809311267208
0.19999999999999996 -0.4341754413442579
0.24999999999999994 -0.39704204478810184
0.29999999999999993 -0.3579816807683417
0.3499999999999999 -0.3167551543925383
0.3999999999999999 -0.27308011436984087
0.4499999999999999 -0.2266027104791016
0.4999999999999999 -0.17687510088804423
0.5499999999999999 -0.12331073684993187
0.6 -0.06511601468813068
0.65 -0.0011777935650682967
0.7000000000000001 0.07014084081698602
0.7500000000000001 0.15140061601587115
0.8000000000000002 0.2466630981918543
0.8500000000000002 0.36050619050238997
0.9000000000000002 0.493771533220503
0.9500000000000003 0.6360373818260954
1.0000000000000002 0.7643463976357574
1.0500000000000003 0.8566191956301564
1.1000000000000003 0.910428427311971
1.1500000000000004 0.937576029875546
1.2000000000000004 0.9500296742369314
1.2500000000000004 0.9557029055491304
1.3000000000000005 0.9586736804584552
1.3500000000000005 0.9608461869447518
1.4000000000000006 0.9625901151745511
1.4500000000000006 0.9642422124419093
1.5000000000000007 0.9655931639021968
1.5500000000000007 0.9668869852295858
1.6000000000000008 0.968237049808412
1.6500000000000008 0.9696043357484537
1.7000000000000008 0.9710476515957773
1.7500000000000009 0.9725230503284169
1.800000000000001 0.973972731034455
1.850000000000001 0.9753798548195403
1.900000000000001 0.9767265473787254
1.950000000000001 0.9780061517034566
2.000000000000001 0.9792073499500696
2.0500000000000007 0.9803246699346878
2.1000000000000005 0.9813629428829574
2.1500000000000004 0.9823268306928693
2.2 0.9832209509482887
2.25 0.9840504178107744
2.3 0.9848202713533953
2.3499999999999996 0.9855356171076356
2.3999999999999995 0.9862011792066765
2.4499999999999993 0.9868212419639826
2.499999999999999 0.987399730255334
2.549999999999999 0.9879403896184115
2.5999999999999988 0.9884464236693888
2.6499999999999986 0.9889207354265295
2.6999999999999984 0.9893658576809836
2.7499999999999982 0.9897843770445436
2.799999999999998 0.9901783687622463
2.849999999999998 0.9905496792948804
2.8999999999999977 0.9908999807185026
2.9499999999999975 0.9912308822122332
2.9999999999999973 0.9915439280496849