
0 0.2528801389370322
0.05 0.28783240685020955
0.1 0.3241372890379107
0.15000000000000002 0.362111413689941
0.2 0.40223902924229815
0.25 0.4452567644911578
0.3 0.49232400881732064
0.35 0.5452828568757205
0.39999999999999997 0.6066505506797052
0.44999999999999996 0.6778880762964579
0.49999999999999994 0.753341681194076
0.5499999999999999 0.8197751643834194
0.6 0.8696244083561491
0.65 0.9023853259340673
0.7000000000000001 0.9220388451530389
0.7500000000000001 0.9341750012598432
0.8000000000000002 0.9425673598879446
0.8500000000000002 0.9485489005679125
0.9000000000000002 0.9529452418616774
0.9500000000000003 0.9566446193657161
1.0000000000000002 0.9596227931844172
1.0500000000000003 0.962170037126716
1.1000000000000003 0.9644932792009464
1.1500000000000004 0.9666956465178274
1.2000000000000004 0.9687642190081167
1.2500000000000004 0.9707318907778142
1.3000000000000005 0.9725680600799862
1.3500000000000005 0.9742600184809791
1.4000000000000006 0.9758254798673324
1.4500000000000006 0.9772688547897734
1.5000000000000007 0.9785996109184127
1.5500000000000007 0.9798302671606077
1.6000000000000008 0.9809592664204134
1.6500000000000008 0.98199599130023
1.7000000000000008 0.9829501317490124
1.7500000000000009 0.9838297331209374
1.800000000000001 0.9846420302749368
1.850000000000001 0.9853934218347318
1.900000000000001 0.9860897799950772
1.950000000000001 0.9867363765723174
2.000000000000001 0.9873378364655497
2.0500000000000007 0.9878982337120144
2.1000000000000005 0.9884214864678494
2.1500000000000004 0.9889108207789307
2.2 0.9893690601372173
2.25 0.9897988168049076
2.3 0.9902026232036044
2.3499999999999996 0.9905825608686832
2.3999999999999995 0.9909404687472702
2.4499999999999993 0.9912778970471262
2.499999999999999 0.9915965102332074
2.549999999999999 0.9918978282363069
2.5999999999999988 0.9918702545196039
2.6499999999999986 0.9916956115179117
2.6999999999999984 0.9914473030362818
2.7499999999999982 0.9911565988634355
2.799999999999998 0.9908361793121238
2.849999999999998 0.9904913141049009
2.8999999999999977 0.9901234979041859
2.9499999999999975 0.9897325255644366
2.9999999999999973 0.9893171804556865
2.9499999999999975 0.9888760092135774
2.8999999999999977 0.988407108349979
2.849999999999998 0.9879082899968729
2.799999999999998 0.9873769218097346
2.7499999999999982 0.9868101811792029
2.6999999999999984 0.9862050497005002
2.6499999999999986 0.9855579690896983
2.5999999999999988 0.9848651386085313
2.549999999999999 0.984122128523414
2.499999999999999 0.9833241248058019
2.4499999999999993 0.9824657516192574
2.3999999999999995 0.9815408057924706
2.3499999999999996 0.9805424159918616
2.3 0.9794629602511756
2.25 0.9782935822371404
2.2 0.9770242916393233
2.1500000000000004 0.9756439608702254
2.1000000000000005 0.9741395707323832
2.0500000000000007 0.9724965977341954
2.000000000000001 0.9706980984690131
1.9500000000000008 0.9687249693367609
1.9000000000000008 0.9665550614709313
1.8500000000000008 0.9641629055137237
1.8000000000000007 0.9615191270354007
1.7500000000000007 0.9585898912358254
1.7000000000000006 0.9553359526099099
1.6500000000000006 0.9517120450750413
1.6000000000000005 0.9476655856969104
1.5500000000000005 0.9431360739909457
1.5000000000000004 0.9380535639841621
1.4500000000000004 0.9323378658311735
1.4000000000000004 0.9258972384395983
1.3500000000000003 0.9186278044820014
1.3000000000000003 0.9104133524444806
1.2500000000000002 0.901126651370407
1.2000000000000002 0.8906317805765428
1.1500000000000001 0.8787900825369892
1.1 0.8654712030283669
1.05 0.8505685249756727
1.0 0.8340148149351249
0.95 0.8157926634188124
0.8999999999999999 0.7959379092249742
0.8499999999999999 0.7745317348610394
0.7999999999999998 0.7516855937647943
0.7499999999999998 0.7275283543333004
0.6999999999999997 0.702177176421786
0.6499999999999997 0.6757013683374546
0.5999999999999996 0.6481222522986271
0.5499999999999996 0.6194425804263214
0.4999999999999996 0.5896720344297026
0.4499999999999996 0.558825749972546
0.39999999999999963 0.52689072078664
0.34999999999999964 0.4937986831734499
0.29999999999999966 0.4594283498511454
0.24999999999999967 0.42362432971331315
0.19999999999999968 0.3862048552382912
0.1499999999999997 0.34696692459895423
0.09999999999999969 0.305670365305287
0.049999999999999684 0.2620354714325641
-3.191891195797325e-16 0.21571598246622647
-0.05000000000000032 0.1662753945238774
-0.10000000000000032 0.11314441753231583
-0.15000000000000033 0.05555337498121842
-0.20000000000000034 -0.00757799686223696
-0.25000000000000033 -0.0778390352780447
-0.3000000000000003 -0.15770799425845666
-0.3500000000000003 -0.2512129302289091
-0.4000000000000003 -0.3642161642488538
-0.4500000000000003 -0.4985855562276955
-0.5000000000000003 -0.6397863222469196
-0.5500000000000004 -0.7633018761750662
-0.6000000000000004 -0.8528869179670502
-0.6500000000000005 -0.9072734126699791
-0.7000000000000005 -0.9355164913606688
-0.7500000000000006 -0.9494938183030076
-0.8000000000000006 -0.9573504836206143
-0.8500000000000006 -0.9615912163335741
-0.9000000000000007 -0.9637262086742485
-0.9500000000000007 -0.9652036559762956
-1.0000000000000007 -0.9661026325379499
-1.0500000000000007 -0.9669484370949989
-1.1000000000000008 -0.9679339305468233
-1.1500000000000008 -0.9691535111258411
-1.2000000000000008 -0.9704914463771126
-1.2500000000000009 -0.9719011711943798
-1.300000000000001 -0.9733439374645941
-1.350000000000001 -0.9747718007838297
-1.400000000000001 -0.9761580631392887
-1.450000000000001 -0.9774829824515834
-1.500000000000001 -0.9787410180798835
-1.5500000000000012 -0.9799179348015999
-1.6000000000000012 -0.981012293880575
-1.6500000000000012 -0.9820280064293618
-1.7000000000000013 -0.9829693581451255
-1.7500000000000013 -0.9838411457300513
-1.8000000000000014 -0.9846486815479444
-1.8500000000000014 -0.9853971949280721
-1.9000000000000015 -0.9860918472002567
-1.9500000000000015 -0.9867377138239838
-2.0000000000000013 -0.9873386286470494
-2.050000000000001 -0.9878986928060882
-2.100000000000001 -0.9884217464532238
-2.150000000000001 -0.988910966749953
-2.2000000000000006 -0.9893691412920912
-2.2500000000000004 -0.9897988636680289
-2.3000000000000003 -0.9902026496977988
-2.35 -0.9905825740441803
-2.4 -0.9909404746834901
-2.4499999999999997 -0.9912779007335922
-2.4999999999999996 -0.9915965121260005
-2.5499999999999994 -0.9918978268017662
-2.599999999999999 -0.9918702555967878
-2.649999999999999 -0.9916956129118306
-2.699999999999999 -0.9914473029024986
-2.7499999999999987 -0.9911565983004608
-2.7999999999999985 -0.9908361766360183
-2.8499999999999983 -0.9904913124517476
-2.899999999999998 -0.9901234971700612
-2.949999999999998 -0.9897325249722072
-2.999999999999998 -0.9893171785817317
-2.949999999999998 -0.988876007610636
-2.899999999999998 -0.9884071053850821
-2.8499999999999983 -0.9879082886996978
-2.7999999999999985 -0.9873769214044286
-2.7499999999999987 -0.9868101827142545
-2.699999999999999 -0.9862050499904658
-2.649999999999999 -0.9855579707922536
-2.599999999999999 -0.9848651386195542
-2.5499999999999994 -0.9841221291372898
-2.4999999999999996 -0.9833241255948225
-2.4499999999999997 -0.9824657516253058
-2.4 -0.9815408026204958
-2.35 -0.9805424144711474
-2.3000000000000003 -0.9794629590871953
-2.2500000000000004 -0.9782935817208397
-2.2000000000000006 -0.9770242906690129
-2.150000000000001 -0.9756439591426134
-2.100000000000001 -0.9741395717252885
-2.050000000000001 -0.972496598382625
-2.0000000000000013 -0.9706980983572656
-1.9500000000000013 -0.9687249720365304
-1.9000000000000012 -0.9665550636158284
-1.8500000000000012 -0.9641629043549179
-1.8000000000000012 -0.9615191288720245
-1.750000000000001 -0.9585898941996494
-1.700000000000001 -0.955335954922973
-1.650000000000001 -0.9517120468489915
-1.600000000000001 -0.9476655888516564
-1.550000000000001 -0.9431360778898478
-1.5000000000000009 -0.9380535700437392
-1.4500000000000008 -0.9323378698866033
-1.4000000000000008 -0.9258972420761802
-1.3500000000000008 -0.9186278021477459
-1.3000000000000007 -0.9104133485222836
-1.2500000000000007 -0.9011266467810638
-1.2000000000000006 -0.8906317718546768
-1.1500000000000006 -0.87879007360482
-1.1000000000000005 -0.8654711904529658
-1.0500000000000005 -0.8505685067444666
-1.0000000000000004 -0.834014792906528
-0.9500000000000004 -0.8157926351529192
-0.9000000000000004 -0.7959378742270629
-0.8500000000000003 -0.7745316951098319
-0.8000000000000003 -0.7516855583436141
-0.7500000000000002 -0.7275283188468388
-0.7000000000000002 -0.7021771358373071
-0.6500000000000001 -0.6757013374275864
-0.6000000000000001 -0.6481222071618136
-0.55 -0.6194425312608695
-0.5 -0.5896719889453684
-0.45 -0.5588257176094299
-0.4 -0.5268907029635176
-0.35000000000000003 -0.49379868311597536
-0.30000000000000004 -0.45942836814988774
-0.25000000000000006 -0.42362436696922035
-0.20000000000000007 -0.386204901023958
-0.15000000000000008 -0.3469669840281037
-0.10000000000000007 -0.3056704339748856
-0.05000000000000007 -0.2620355493446544
-6.938893903907228e-17 -0.21571606874358484
0.04999999999999993 -0.16627549411509088
0.09999999999999994 -0.11314453084526378
0.14999999999999994 -0.055553502730180115
0.19999999999999996 0.00757784912118949
0.24999999999999994 0.07783886486849458
0.29999999999999993 0.15770780113569016
0.3499999999999999 0.2512127049920902
0.3999999999999999 0.36421589980058466
0.4499999999999999 0.498585242411722
0.4999999999999999 0.6397859356479638
0.5499999999999999 0.763301374952196
0.6 0.8528862005328098
0.65 0.9072723608105556
0.7000000000000001 0.9355149244220508
0.7500000000000001 0.949490874859096
0.8000000000000002 0.9573466304083288
0.8500000000000002 0.9615866327737173
0.9000000000000002 0.9637212354688627
0.9500000000000003 0.9652000377365838
1.0000000000000002 0.9661008379782063
1.0500000000000003 0.966947959791336
1.1000000000000003 0.9679348740566872
1.1500000000000004 0.9691556900010175
1.2000000000000004 0.9704931732538741
1.2500000000000004 0.9719025572328033
1.3000000000000005 0.9733444601860342
1.3500000000000005 0.974772058377511
1.4000000000000006 0.9761585177378047
1.4500000000000006 0.9774852443279357
1.5000000000000007 0.9787430560111602
1.5500000000000007 0.9799184400394247
1.6000000000000008 0.9810123946239271
1.6500000000000008 0.9820280243338769
1.7000000000000008 0.9829693605572273
1.7500000000000009 0.9838411455042254
1.800000000000001 0.9846486811746612
1.850000000000001 0.9853971949690252
1.900000000000001 0.9860918497508059
1.950000000000001 0.9867377111711307
2.000000000000001 0.9873386280529018
2.0500000000000007 0.9878986924665178
2.1000000000000005 0.9884217462966526
2.1500000000000004 0.9889109666602209
2.2 0.9893691412320407
2.25 0.9897988637559988
2.3 0.9902026497140792
2.3499999999999996 0.9905825740072312
2.3999999999999995 0.9909404748351839
2.4499999999999993 0.9912779007769147