0 -0.012081979802246146
0.05 0.0023559634473728558
0.1 0.02689308301064875
0.15000000000000002 0.05758420441316164
0.2 0.09083977131296235
0.25 0.1248510484659598
0.3 0.15894835952088648
0.35 0.1929484227155099
0.39999999999999997 0.22702691287817267
0.44999999999999996 0.2615250449637663
0.49999999999999994 0.2968186951660105
0.5499999999999999 0.3333080202073129
0.6 0.3714216954707678
0.65 0.4116787516184126
0.7000000000000001 0.45483445432696507
0.7500000000000001 0.502071836157045
0.8000000000000002 0.555278596277693
0.8500000000000002 0.6164571832396234
0.9000000000000002 0.6862699864206111
0.9500000000000003 0.7605483510089072
1.0000000000000002 0.8270359543111698
1.0500000000000003 0.8756048609863359
1.1000000000000003 0.906795395962359
1.1500000000000004 0.9253389369778784
1.2000000000000004 0.9364741193727277
1.2500000000000004 0.9437061012523501
1.3000000000000005 0.9486816054706544
1.3500000000000005 0.9524657136893041
1.4000000000000006 0.95561411191171
1.4500000000000006 0.9584103268468843
1.5000000000000007 0.9610449992233322
1.5500000000000007 0.9635285609861375
1.6000000000000008 0.9658433511488883
1.6500000000000008 0.9680172219295949
1.7000000000000008 0.9700278204099546
1.7500000000000009 0.971908057490814
1.800000000000001 0.9736447394278066
1.850000000000001 0.9752423838131609
1.900000000000001 0.9767137331171153
1.950000000000001 0.9780680861226069
2.000000000000001 0.9793140829062857
2.0500000000000007 0.9804602898739174
2.1000000000000005 0.9815152215327431
2.1500000000000004 0.9824871250276328
2.2 0.9833837686478112
2.25 0.9842123175273277
2.3 0.9849792144833199
2.3499999999999996 0.9856904568698329
2.3999999999999995 0.9863513159626813
2.4499999999999993 0.9869664321623993
2.499999999999999 0.9875399033798073
2.549999999999999 0.9880756442187196
2.5999999999999988 0.9885769101390796
2.6499999999999986 0.9890466219012628
2.6999999999999984 0.9894873552188889
2.7499999999999982 0.9899016523538884
2.799999999999998 0.9902915736366883
2.849999999999998 0.9906590041900604
2.8999999999999977 0.9910056284436515
2.9499999999999975 0.9913330196147279
2.9999999999999973 0.9916427373001396
2.9499999999999975 0.9916166298614689
2.8999999999999977 0.9914392605922825
2.849999999999998 0.9911856383301998
2.799999999999998 0.9908881606942919
2.7499999999999982 0.9905600168916328
2.6999999999999984 0.990206700531862
2.6499999999999986 0.9898299093449748
2.5999999999999988 0.9894295296209308
2.549999999999999 0.9890043583475517
2.499999999999999 0.9885529671928428
2.4499999999999993 0.9880734368540159
2.3999999999999995 0.9875635272213357
2.3499999999999996 0.9870207231192457
2.3 0.986442123433449
2.25 0.9858247403232512
2.2 0.9851650867403794
2.1500000000000004 0.9844592942036857
2.1000000000000005 0.9837029499690475
2.0500000000000007 0.9828913993757997
2.000000000000001 0.9820192401098298
1.9500000000000008 0.9810804181529581
1.9000000000000008 0.980068163481962
1.8500000000000008 0.978974914676267
1.8000000000000007 0.9777920635600889
1.7500000000000007 0.9765098946361733
1.7000000000000006 0.9751174593892298
1.6500000000000006 0.9736021926425028
1.6000000000000005 0.9719499580544887
1.5500000000000005 0.9701444554119618
1.5000000000000004 0.9681672073610063
1.4500000000000004 0.9659969985513926
1.4000000000000004 0.9636093212482154
1.3500000000000003 0.9609762506707361
1.3000000000000003 0.9580655152282487
1.2500000000000002 0.9548398091368685
1.2000000000000002 0.9512561956047403
1.1500000000000001 0.9472651463723342
1.1 0.9428095581606554
1.05 0.9378237505156105
1.0 0.9322323548480635
0.95 0.925949667585207
0.8999999999999999 0.9188787545921748
0.8499999999999999 0.9109116372932842
0.7999999999999998 0.9019301806486505
0.7499999999999998 0.8918087420543306
0.6999999999999997 0.8804193327445753
0.6499999999999997 0.8676401490108884
0.5999999999999996 0.853366928189098
0.5499999999999996 0.8375244899566656
0.4999999999999996 0.8200740296112963
0.4499999999999996 0.8010153183513183
0.39999999999999963 0.7803851201121448
0.34999999999999964 0.758253241135153
0.29999999999999966 0.7347084556757688
0.24999999999999967 0.709826043441963
0.19999999999999968 0.6836402887883907
0.1499999999999997 0.6562195594225004
0.09999999999999969 0.6276742661173076
0.049999999999999684 0.598067505409579
-3.191891195797325e-16 0.5674051881374247
-0.05000000000000032 0.5356511046557098
-0.10000000000000032 0.5027321234005943
-0.15000000000000033 0.4685310314458135
-0.20000000000000034 0.4328917702063797
-0.25000000000000033 0.3956264950660002
-0.3000000000000003 0.3565232896994882
-0.3500000000000003 0.3153329863117229
-0.4000000000000003 0.2717680882922491
-0.4500000000000003 0.2254753723428201
-0.5000000000000003 0.17601285190459684
-0.5500000000000004 0.12280735092029392
-0.6000000000000004 0.06508787832715669
-0.6500000000000005 0.0017802689685800632
-0.7000000000000005 -0.06868491142653979
-0.7500000000000006 -0.14873942129850576
-0.8000000000000006 -0.2423148076103557
-0.8500000000000006 -0.354458045580134
-0.9000000000000007 -0.4870291951423765
-0.9500000000000007 -0.6300352580123261
-1.0000000000000007 -0.7588538918186911
-1.0500000000000007 -0.8522806321270362
-1.1000000000000008 -0.9084404079374337
-1.1500000000000008 -0.9374979340127808
-1.2000000000000008 -0.9516444067085245
-1.2500000000000009 -0.9583902988469001
-1.300000000000001 -0.96153595671338
-1.350000000000001 -0.9628875384990827
-1.400000000000001 -0.9637125893810665
-1.450000000000001 -0.9646896848652466
-1.500000000000001 -0.9658854565974868
-1.5500000000000012 -0.9671808789114833
-1.6000000000000012 -0.9684934332320656
-1.6500000000000012 -0.9698830272543297
-1.7000000000000013 -0.9713065692021988
-1.7500000000000013 -0.9727632761598652
-1.8000000000000014 -0.9742044064647611
-1.8500000000000014 -0.9756026054058988
-1.9000000000000015 -0.976945836790123
-1.9500000000000015 -0.9782122798719065
-2.0000000000000013 -0.97939978933699
-2.050000000000001 -0.980509894370048
-2.100000000000001 -0.9815448824127866
-2.150000000000001 -0.9825034968873643
-2.2000000000000006 -0.9833968757913208
-2.2500000000000004 -0.98422131330507
-2.3000000000000003 -0.984984805520949
-2.35 -0.9856938064222508
-2.4 -0.9863532856275922
-2.4499999999999997 -0.9869675678413634
-2.4999999999999996 -0.9875405525763946
-2.5499999999999994 -0.9880760076159911
-2.599999999999999 -0.9885771118176134
-2.649999999999999 -0.9890467301315037
-2.699999999999999 -0.9894874128195458
-2.7499999999999987 -0.9899016822648447
-2.7999999999999985 -0.9902915862287461
-2.8499999999999983 -0.9906590072078452
-2.899999999999998 -0.9910056280041372
-2.949999999999998 -0.9913330172488116
-2.999999999999998 -0.9916427346655968
-2.949999999999998 -0.9916166272253083
-2.899999999999998 -0.9914392593048243
-2.8499999999999983 -0.9911856374045612
-2.7999999999999985 -0.9908881600371433
-2.7499999999999987 -0.9905600158031368
-2.699999999999999 -0.9902066988340145
-2.649999999999999 -0.9898299091817054
-2.599999999999999 -0.9894295293709301
-2.5499999999999994 -0.9890043584656388
-2.4999999999999996 -0.9885529686832752
-2.4499999999999997 -0.9880734391505159
-2.4 -0.9875635291579452
-2.35 -0.987020722797228
-2.3000000000000003 -0.9864421244140092
-2.2500000000000004 -0.9858247424891505
-2.2000000000000006 -0.9851650869527429
-2.150000000000001 -0.9844592948776519
-2.100000000000001 -0.9837029510053054
-2.050000000000001 -0.9828913999354604
-2.0000000000000013 -0.982019242236563
-1.9500000000000013 -0.981080421237163
-1.9000000000000012 -0.9800681657189122
-1.8500000000000012 -0.9789749166597044
-1.8000000000000012 -0.9777920656512955
-1.750000000000001 -0.9765098995212297
-1.700000000000001 -0.9751174645954294
-1.650000000000001 -0.9736021971008898
-1.600000000000001 -0.9719499619328745
-1.550000000000001 -0.9701444621289282
-1.5000000000000009 -0.9681672133430285
-1.4500000000000008 -0.9659970074423819
-1.4000000000000008 -0.9636093311374058
-1.3500000000000008 -0.9609762582245899
-1.3000000000000007 -0.9580655240513369
-1.2500000000000007 -0.954839819783722
-1.2000000000000006 -0.9512562077429176
-1.1500000000000006 -0.9472651600482035
-1.1000000000000005 -0.9428095719254946
-1.0500000000000005 -0.9378237620516208
-1.0000000000000004 -0.9322323662656146
-0.9500000000000004 -0.9259496798373028
-0.9000000000000004 -0.9188787704185595
-0.8500000000000003 -0.910911654657256
-0.8000000000000003 -0.9019301999697352
-0.7500000000000002 -0.8918087625410078
-0.7000000000000002 -0.8804193570390006
-0.6500000000000001 -0.8676401711566726
-0.6000000000000001 -0.8533669485539357
-0.55 -0.8375245078988507
-0.5 -0.820074041161402
-0.45 -0.8010153228377881
-0.4 -0.7803851188849976
-0.35000000000000003 -0.7582532407696428
-0.30000000000000004 -0.7347084627638776
-0.25000000000000006 -0.7098260654395523
-0.20000000000000007 -0.6836403373718624
-0.15000000000000008 -0.6562196461678825
-0.10000000000000007 -0.6276744260377006
-0.05000000000000007 -0.5980677913796705
-6.938893903907228e-17 -0.5674056191691621
0.04999999999999993 -0.5356516261085544
0.09999999999999994 -0.50273263485843
0.14999999999999994 -0.4685314770101904
0.19999999999999996 -0.4328921411746901
0.24999999999999994 -0.3956268030917574
0.29999999999999993 -0.35652355743745484
0.3499999999999999 -0.3153332251660409
0.3999999999999999 -0.27176831279641783
0.4499999999999999 -0.2254755943051693
0.4999999999999999 -0.1760130770791796
0.5499999999999999 -0.12280758636555424
0.6 -0.06508812812072944
0.65 -0.0017805379758789603
0.7000000000000001 0.06868461564020313
0.7500000000000001 0.14873909583049125
0.8000000000000002 0.24231444369716668
0.8500000000000002 0.35445763337942127
0.9000000000000002 0.48702871725613145
0.9500000000000003 0.630034680997876
1.0000000000000002 0.758853154452189
1.0500000000000003 0.8522795943883321
1.1000000000000003 0.9084387796080816
1.1500000000000004 0.9374951236908761
1.2000000000000004 0.9516405696507604
1.2500000000000004 0.9583848222288077
1.3000000000000005 0.9615308387612423
1.3500000000000005 0.9628832362189036
1.4000000000000006 0.9637092230570199
1.4500000000000006 0.9646881457142032
1.5000000000000007 0.9658869318527906
1.5500000000000007 0.967186618193411
1.6000000000000008 0.9685106108313776
1.6500000000000008 0.9699085278712641
1.7000000000000008 0.971333856724386
1.7500000000000009 0.972784581432607
1.800000000000001 0.9742182056341093
1.850000000000001 0.9756165219368345
1.900000000000001 0.976962730797387
1.950000000000001 0.9782312831203268
2.000000000000001 0.9794190495126301
2.0500000000000007 0.9805272208284216
2.1000000000000005 0.9815570765240214
2.1500000000000004 0.9825129634302514
2.2 0.9833995383952867
2.25 0.984221831416993
2.3 0.9849849007261369
2.3499999999999996 0.9856938252929264
2.3999999999999995 0.9863532903841334
2.4499999999999993 0.9869675688490976
2.499999999999999 0.987540553037931
2.549999999999999 0.9880760079144096
2.5999999999999988 0.9885771119322719
2.6499999999999986 0.9890467301177176
2.6999999999999984 0.9894874128240311
2.7499999999999982 0.9899016821643667
2.799999999999998 0.9902915861121521
2.849999999999998 0.9906590071250685
2.8999999999999977 0.9910056285793768
2.9499999999999975 0.9913330174992444
2.9999999999999973 0.9916427347350365