0 0.02551226585887275
0.05 0.03625817257979838
0.1 0.055792146730357275
0.15000000000000002 0.08141914966389222
0.2 0.11041399543035628
0.25 0.140931821696869
0.3 0.1722064688477188
0.35 0.2040667133022553
0.39999999999999997 0.23650586155763711
0.44999999999999996 0.2696408401243159
0.49999999999999994 0.3037157274931541
0.5499999999999999 0.3390520425087019
0.6 0.37603891853729177
0.65 0.41518010335113625
0.7000000000000001 0.45716851634569583
0.7500000000000001 0.5030508559608455
0.8000000000000002 0.5545012553581817
0.8500000000000002 0.6137919252534474
0.9000000000000002 0.6820816819796568
0.9500000000000003 0.7550678636708857
1.0000000000000002 0.8220559687232267
1.0500000000000003 0.8725302561901964
1.1000000000000003 0.9051025503534231
1.1500000000000004 0.9243714670115853
1.2000000000000004 0.9358600533301472
1.2500000000000004 0.9432718981125751
1.3000000000000005 0.9484612654198884
1.3500000000000005 0.9524491059134136
1.4000000000000006 0.9557406479466165
1.4500000000000006 0.9586815836229875
1.5000000000000007 0.9614132735281629
1.5500000000000007 0.9639230470895194
1.6000000000000008 0.9662156604159559
1.6500000000000008 0.9683450579387084
1.7000000000000008 0.9703114071126944
1.7500000000000009 0.972145878605375
1.800000000000001 0.9738467904387469
1.850000000000001 0.9754281766897992
1.900000000000001 0.9768884351483049
1.950000000000001 0.9782329911444232
2.000000000000001 0.9794707308400695
2.0500000000000007 0.9806113772873617
2.1000000000000005 0.9816595487668479
2.1500000000000004 0.9826242169799086
2.2 0.9835139589385092
2.25 0.9843360328064253
2.3 0.9850968338425414
2.3499999999999996 0.9858023208957551
2.3999999999999995 0.9864576897332533
2.4499999999999993 0.9870675807734549
2.499999999999999 0.9876361133577436
2.549999999999999 0.9881671323645674
2.5999999999999988 0.9886639375716979
2.6499999999999986 0.9891293908113467
2.6999999999999984 0.9895661100266796
2.7499999999999982 0.9899766135565006
2.799999999999998 0.9903629674994919
2.849999999999998 0.9907270064047473
2.8999999999999977 0.9910704248427636
2.9499999999999975 0.9913947635083307
2.9999999999999973 0.9917015860114
2.9499999999999975 0.9916775507599337
2.8999999999999977 0.9915036921120253
2.849999999999998 0.9912539379082443
2.799999999999998 0.9909603939492482
2.7499999999999982 0.990636266591215
2.6999999999999984 0.9902871516146379
2.6499999999999986 0.9899147661809256
2.5999999999999988 0.9895190403586497
2.549999999999999 0.9890988138307487
2.499999999999999 0.9886526581758135
2.4499999999999993 0.988178708232005
2.3999999999999995 0.9876747824986603
2.3499999999999996 0.9871383879473422
2.3 0.9865666153145827
2.25 0.9859565404271982
2.2 0.9853047153344797
2.1500000000000004 0.9846073118566647
2.1000000000000005 0.9838599491095792
2.0500000000000007 0.9830579913110148
2.000000000000001 0.9821961609858818
1.9500000000000008 0.9812683866791035
1.9000000000000008 0.9802679172639865
1.8500000000000008 0.9791873132708458
1.8000000000000007 0.9780179679334865
1.7500000000000007 0.9767502235455732
1.7000000000000006 0.975373260757388
1.6500000000000006 0.9738743892294361
1.6000000000000005 0.97223961218539
1.5500000000000005 0.9704526536000634
1.5000000000000004 0.9684950952547032
1.4500000000000004 0.9663456393043982
1.4000000000000004 0.9639799030711467
1.3500000000000003 0.9613698845070291
1.3000000000000003 0.9584833039322348
1.2500000000000002 0.9552829359800227
1.2000000000000002 0.951725960530347
1.1500000000000001 0.9477630103809421
1.1 0.9433374303411463
1.05 0.938384227599816
1.0 0.9328293976850186
0.95 0.9265892546482316
0.8999999999999999 0.9195700483564913
0.8499999999999999 0.9116683495362983
0.7999999999999998 0.9027720971477247
0.7499999999999998 0.8927629595895066
0.6999999999999997 0.8815202751037317
0.6499999999999997 0.8689270839729303
0.5999999999999996 0.8548775058201717
0.5499999999999996 0.8392867507957696
0.4999999999999996 0.8221008624988222
0.4499999999999996 0.8033039474265175
0.39999999999999963 0.7829213019304916
0.34999999999999964 0.7610158480258485
0.29999999999999966 0.7376752460140791
0.24999999999999967 0.7129964677587789
0.19999999999999968 0.6870783297491467
0.1499999999999997 0.6600135548536606
0.09999999999999969 0.631876420203771
0.049999999999999684 0.6027055729910769
-3.191891195797325e-16 0.5724871565772556
-0.05000000000000032 0.5411635372318133
-0.10000000000000032 0.5086489440023971
-0.15000000000000033 0.4748210789165743
-0.20000000000000034 0.43951786550831407
-0.25000000000000033 0.40256206765871794
-0.3000000000000003 0.3637722670399942
-0.3500000000000003 0.32292378527592625
-0.4000000000000003 0.279738512314042
-0.4500000000000003 0.23386564622100287
-0.5000000000000003 0.18486588585307379
-0.5500000000000004 0.13217249667108633
-0.6000000000000004 0.07502798414390396
-0.6500000000000005 0.012384370258813802
-0.7000000000000005 -0.057274112612706506
-0.7500000000000006 -0.13626123471579493
-0.8000000000000006 -0.22822352160411455
-0.8500000000000006 -0.33848825651561226
-0.9000000000000007 -0.47038337057434554
-0.9500000000000007 -0.6156813673254417
-1.0000000000000007 -0.7491946065572975
-1.0500000000000007 -0.8468606919444165
-1.1000000000000008 -0.9058359185951929
-1.1500000000000008 -0.9368373025718557
-1.2000000000000008 -0.9519662588545651
-1.2500000000000009 -0.9591043161384789
-1.300000000000001 -0.9624848253425146
-1.350000000000001 -0.9640999620869249
-1.400000000000001 -0.9649887849663399
-1.450000000000001 -0.965829407476564
-1.500000000000001 -0.9667837216721712
-1.5500000000000012 -0.9678342228406822
-1.6000000000000012 -0.9689969435388691
-1.6500000000000012 -0.9702783097764294
-1.7000000000000013 -0.9716457530674087
-1.7500000000000013 -0.9730611028856501
-1.8000000000000014 -0.9744662469290882
-1.8500000000000014 -0.9758353533781955
-1.9000000000000015 -0.9771510920467306
-1.9500000000000015 -0.9784022804182239
-2.0000000000000013 -0.979579697533775
-2.050000000000001 -0.9806774435618684
-2.100000000000001 -0.9816984935950953
-2.150000000000001 -0.9826479150720123
-2.2000000000000006 -0.9835293486930187
-2.2500000000000004 -0.9843455626474578
-2.3000000000000003 -0.985102584138211
-2.35 -0.9858057377070836
-2.4 -0.9864596909455022
-2.4499999999999997 -0.9870687358343205
-2.4999999999999996 -0.9876367759796364
-2.5499999999999994 -0.9881675065754192
-2.599999999999999 -0.9886641456038783
-2.649999999999999 -0.9891295048897828
-2.699999999999999 -0.9895661718318105
-2.7499999999999987 -0.9899766433504932
-2.7999999999999985 -0.9903629804483209
-2.8499999999999983 -0.9907270118985351
-2.899999999999998 -0.9910704259750102
-2.949999999999998 -0.9913947622219154
-2.999999999999998 -0.9917015827381644
-2.949999999999998 -0.9916775489967622
-2.899999999999998 -0.9915036923153385
-2.8499999999999983 -0.9912539383663412
-2.7999999999999985 -0.9909603934998124
-2.7499999999999987 -0.9906362660913259
-2.699999999999999 -0.9902871524208079
-2.649999999999999 -0.9899147660371665
-2.599999999999999 -0.989519040376459
-2.5499999999999994 -0.9890988142289342
-2.4999999999999996 -0.9886526590841035
-2.4499999999999997 -0.9881787092865396
-2.4 -0.9876747849865302
-2.35 -0.9871383896329282
-2.3000000000000003 -0.9865666164697382
-2.2500000000000004 -0.9859565422422615
-2.2000000000000006 -0.9853047177784964
-2.150000000000001 -0.9846073142212765
-2.100000000000001 -0.983859952265389
-2.050000000000001 -0.9830579936363792
-2.0000000000000013 -0.9821961630033595
-1.9500000000000013 -0.9812683893809228
-1.9000000000000012 -0.9802679196464323
-1.8500000000000012 -0.979187316307831
-1.8000000000000012 -0.9780179731121638
-1.750000000000001 -0.9767502287544814
-1.700000000000001 -0.9753732658799201
-1.650000000000001 -0.9738743927085927
-1.600000000000001 -0.9722396152932341
-1.550000000000001 -0.9704526574029078
-1.5000000000000009 -0.9684951004834551
-1.4500000000000008 -0.9663456491165411
-1.4000000000000008 -0.9639799124384633
-1.3500000000000008 -0.9613698927409057
-1.3000000000000007 -0.9584833103710977
-1.2500000000000007 -0.9552829417310356
-1.2000000000000006 -0.9517259671999215
-1.1500000000000006 -0.9477630186976019
-1.1000000000000005 -0.9433374353184512
-1.0500000000000005 -0.9383842324234518
-1.0000000000000004 -0.9328294026333209
-0.9500000000000004 -0.9265892643003196
-0.9000000000000004 -0.9195700615109059
-0.8500000000000003 -0.911668364199706
-0.8000000000000003 -0.9027721086737315
-0.7500000000000002 -0.8927629688397577
-0.7000000000000002 -0.8815202866581301
-0.6500000000000001 -0.8689270948890864
-0.6000000000000001 -0.8548775149257192
-0.55 -0.8392867584985073
-0.5 -0.8221008707319075
-0.45 -0.8033039547011577
-0.4 -0.7829213144607494
-0.35000000000000003 -0.7610158750964908
-0.30000000000000004 -0.7376752960279894
-0.25000000000000006 -0.7129965350082736
-0.20000000000000007 -0.6870784060787006
-0.15000000000000008 -0.66001363059208
-0.10000000000000007 -0.6318764944907931
-0.05000000000000007 -0.6027056456371327
-6.938893903907228e-17 -0.5724872195399522
0.04999999999999993 -0.5411635921251331
0.09999999999999994 -0.508649005222014
0.14999999999999994 -0.4748211674334713
0.19999999999999996 -0.43951799768289734
0.24999999999999994 -0.4025622269320606
0.29999999999999993 -0.363772437548925
0.3499999999999999 -0.32292395520494743
0.3999999999999999 -0.2797386861964898
0.4499999999999999 -0.23386582781071727
0.4999999999999999 -0.18486607856630988
0.5499999999999999 -0.1321727053240966
0.6 -0.07502821160055542
0.65 -0.012384617635550937
0.7000000000000001 0.0572738394520864
0.7500000000000001 0.1362609326608549
0.8000000000000002 0.22822317879562806
0.8500000000000002 0.338487866865438
0.9000000000000002 0.4703829125315818
0.9500000000000003 0.6156808154790289
1.0000000000000002 0.7491939065330818
1.0500000000000003 0.8468597292343022
1.1000000000000003 0.9058344625884268
1.1500000000000004 0.9368349634289163
1.2000000000000004 0.9519624619034001
1.2500000000000004 0.9590990746335405
1.3000000000000005 0.9624790864943548
1.3500000000000005 0.9640947928616921
1.4000000000000006 0.9649847420764882
1.4500000000000006 0.9658267464575256
1.5000000000000007 0.9667828179037236
1.5500000000000007 0.9678356595601034
1.6000000000000008 0.9689998645591712
1.6500000000000008 0.9702839137377322
1.7000000000000008 0.9716552001082938
1.7500000000000009 0.9730690214451106
1.800000000000001 0.9744698965881335
1.850000000000001 0.9758403589576816
1.900000000000001 0.9771555600400171
1.950000000000001 0.9784046346303916
2.000000000000001 0.9795811328091065
2.0500000000000007 0.9806806045359865
2.1000000000000005 0.981702251806367
2.1500000000000004 0.9826504652271001
2.2 0.9835299593610832
2.25 0.9843456827820223
2.3 0.9851026084579955
2.3499999999999996 0.9858057434933051
2.3999999999999995 0.9864596919407671
2.4499999999999993 0.987068736116958
2.499999999999999 0.9876367760456524
2.549999999999999 0.9881675057269879
2.5999999999999988 0.9886641452619168
2.6499999999999986 0.9891295047206744
2.6999999999999984 0.9895661717522451
2.7499999999999982 0.9899766432872188
2.799999999999998 0.9903629803835113
2.849999999999998 0.9907270115402224
2.8999999999999977 0.9910704257322972
2.9499999999999975 0.9913947620968613
2.9999999999999973 0.9917015826602157