0 0.010769578961011743
0.05 0.023542946583018264
0.1 0.045334252858156614
0.15000000000000002 0.07312628495624866
0.2 0.10398397417325655
0.25 0.13582063973309527
0.3 0.16773586047627576
0.35 0.19964960429665876
0.39999999999999997 0.23184387970462642
0.44999999999999996 0.26473529743797547
0.49999999999999994 0.2986988370792496
0.5499999999999999 0.3340158794684237
0.6 0.37100532059680064
0.65 0.41015787217332617
0.7000000000000001 0.4521906374590865
0.7500000000000001 0.498183574511155
0.8000000000000002 0.5497723293228781
0.8500000000000002 0.6090796305921063
0.9000000000000002 0.6771334527192968
0.9500000000000003 0.7501327605210839
1.0000000000000002 0.817433819641494
1.0500000000000003 0.868732131801607
1.1000000000000003 0.9020783146029557
1.1500000000000004 0.9220615965947094
1.2000000000000004 0.9338201334870644
1.2500000000000004 0.9411747690224
1.3000000000000005 0.9464514567335696
1.3500000000000005 0.9507027942022592
1.4000000000000006 0.954353180299555
1.4500000000000006 0.9575453976227687
1.5000000000000007 0.9603916245386379
1.5500000000000007 0.9629687571331449
1.6000000000000008 0.9653715566198592
1.6500000000000008 0.967607959582596
1.7000000000000008 0.9696596483848537
1.7500000000000009 0.9715547019574516
1.800000000000001 0.9733064095911411
1.850000000000001 0.9749225717588723
1.900000000000001 0.976410950745142
1.950000000000001 0.9777813477944997
2.000000000000001 0.9790464099237007
2.0500000000000007 0.9802115209276927
2.1000000000000005 0.9812849363256878
2.1500000000000004 0.9822702215482727
2.2 0.983178127525682
2.25 0.9840170394767204
2.3 0.9847936056283103
2.3499999999999996 0.9855139110708717
2.3999999999999995 0.9861832416736311
2.4499999999999993 0.9868062828530025
2.499999999999999 0.9873872584836474
2.549999999999999 0.9879300281638159
2.5999999999999988 0.9884379040668835
2.6499999999999986 0.9889138161139618
2.6999999999999984 0.9893604030001986
2.7499999999999982 0.9897802082728101
2.799999999999998 0.9901753401652327
2.849999999999998 0.99054765884973
2.8999999999999977 0.9908988986188244
2.9499999999999975 0.9912306469641552
2.9999999999999973 0.991544478804646
2.9499999999999975 0.991519565228739
2.8999999999999977 0.9913412467172528
2.849999999999998 0.9910853025889608
2.799999999999998 0.9907846441520787
2.7499999999999982 0.9904527292745229
2.6999999999999984 0.9900952405385963
2.6499999999999986 0.9897139421484402
2.5999999999999988 0.9893087310702157
2.549999999999999 0.9888784828086264
2.499999999999999 0.9884216633215537
2.4499999999999993 0.987936399546297
2.3999999999999995 0.9874204672454276
2.3499999999999996 0.9868712819977636
2.3 0.9862859388910592
2.25 0.9856614161770199
2.2 0.9849942441854952
2.1500000000000004 0.984280550531047
2.1000000000000005 0.9835159181471214
2.0500000000000007 0.982695596085687
2.000000000000001 0.9818141714234763
1.9500000000000008 0.9808656357197031
1.9000000000000008 0.9798432288218542
1.8500000000000008 0.9787394235615469
1.8000000000000007 0.9775455063083263
1.7500000000000007 0.9762518358234746
1.7000000000000006 0.9748476305111825
1.6500000000000006 0.973320256284811
1.6000000000000005 0.9716557423555261
1.5500000000000005 0.9698379036222246
1.5000000000000004 0.9678484535570272
1.4500000000000004 0.9656664478270373
1.4000000000000004 0.9632677716027798
1.3500000000000003 0.9606248870136307
1.3000000000000003 0.957706038264245
1.2500000000000002 0.9544747223413743
1.2000000000000002 0.9508888999247402
1.1500000000000001 0.9469001718008005
1.1 0.9424528558667903
1.05 0.9374829480591854
1.0 0.9319173853427983
0.95 0.9256728702158047
0.8999999999999999 0.9186555673282899
0.8499999999999999 0.9107608896214796
0.7999999999999998 0.9018746038055626
0.7499999999999998 0.8918751300030885
0.6999999999999997 0.8806378113553315
0.6499999999999997 0.8680412042030917
0.5999999999999996 0.8539753709223666
0.5499999999999996 0.8383510978961127
0.4999999999999996 0.8211096221432882
0.4499999999999996 0.8022321812567812
0.39999999999999963 0.7817464769775828
0.34999999999999964 0.7597236975102313
0.29999999999999966 0.7362617583610819
0.24999999999999967 0.7114633953793322
0.19999999999999968 0.685422197747322
0.1499999999999997 0.6582201705502873
0.09999999999999969 0.6299198751105314
0.049999999999999684 0.6005465925787796
-3.191891195797325e-16 0.5700803704307064
-0.05000000000000032 0.5384728534672915
-0.10000000000000032 0.505646195186137
-0.15000000000000033 0.4714824398363217
-0.20000000000000034 0.43583633223359075
-0.25000000000000033 0.3985176716030887
-0.3000000000000003 0.35930065508495124
-0.3500000000000003 0.31797734533353766
-0.4000000000000003 0.27430764451657774
-0.4500000000000003 0.22795164950884195
-0.5000000000000003 0.17846776091295402
-0.5500000000000004 0.12528728704924064
-0.6000000000000004 0.06765571000212148
-0.6500000000000005 0.004536064644785456
-0.7000000000000005 -0.06556189879580167
-0.7500000000000006 -0.14488749456267483
-0.8000000000000006 -0.23691055069486186
-0.8500000000000006 -0.3464338904864278
-0.9000000000000007 -0.47605652908139867
-0.9500000000000007 -0.6174942636107632
-1.0000000000000007 -0.7475854116149835
-1.0500000000000007 -0.8436157577837846
-1.1000000000000008 -0.9021413405817245
-1.1500000000000008 -0.933542301683102
-1.2000000000000008 -0.9490339621288467
-1.2500000000000009 -0.9562957188728606
-1.300000000000001 -0.9598294840474997
-1.350000000000001 -0.9618244477036504
-1.400000000000001 -0.9632767440598964
-1.450000000000001 -0.9645002809564656
-1.500000000000001 -0.9656574130181609
-1.5500000000000012 -0.9668629544025896
-1.6000000000000012 -0.9681858821404785
-1.6500000000000012 -0.9695883640022712
-1.7000000000000013 -0.9710205702460192
-1.7500000000000013 -0.9724796597546357
-1.8000000000000014 -0.973942732642461
-1.8500000000000014 -0.9753535424153386
-1.9000000000000015 -0.976697145008769
-1.9500000000000015 -0.9779689014736828
-2.0000000000000013 -0.9791682244185826
-2.050000000000001 -0.9802864586751148
-2.100000000000001 -0.9813272936116466
-2.150000000000001 -0.982294351774061
-2.2000000000000006 -0.9831912510705215
-2.2500000000000004 -0.9840236047396144
-2.3000000000000003 -0.9847961885436347
-2.35 -0.9855169164127696
-2.4 -0.9861853189263126
-2.4499999999999997 -0.9868075375211789
-2.4999999999999996 -0.9873879921703207
-2.5499999999999994 -0.9879304442884783
-2.599999999999999 -0.9884381361180066
-2.649999999999999 -0.9889139414016042
-2.699999999999999 -0.9893604699889875
-2.7499999999999987 -0.9897802408143113
-2.7999999999999985 -0.9901753537490962
-2.8499999999999983 -0.9905476639134589
-2.899999999999998 -0.9908988989207744
-2.949999999999998 -0.991230644407378
-2.999999999999998 -0.9915444743640425
-2.949999999999998 -0.9915195643262438
-2.899999999999998 -0.9913412463714185
-2.8499999999999983 -0.9910853034051018
-2.7999999999999985 -0.9907846453403212
-2.7499999999999987 -0.99045272974965
-2.699999999999999 -0.9900952417649641
-2.649999999999999 -0.9897139425640507
-2.599999999999999 -0.9893087320845242
-2.5499999999999994 -0.9888784836486119
-2.4999999999999996 -0.9884216643244382
-2.4499999999999997 -0.9879364003506511
-2.4 -0.9874204687698717
-2.35 -0.9868712844901597
-2.3000000000000003 -0.9862859409333321
-2.2500000000000004 -0.985661417221149
-2.2000000000000006 -0.9849942452756336
-2.150000000000001 -0.9842805537848468
-2.100000000000001 -0.9835159212106493
-2.050000000000001 -0.9826955983849803
-2.0000000000000013 -0.981814174692273
-1.9500000000000013 -0.9808656400611644
-1.9000000000000012 -0.9798432329870255
-1.8500000000000012 -0.9787394278489824
-1.8000000000000012 -0.9775455115945781
-1.750000000000001 -0.9762518419135453
-1.700000000000001 -0.9748476366546077
-1.650000000000001 -0.9733202636004942
-1.600000000000001 -0.9716557500276763
-1.550000000000001 -0.9698379123002316
-1.5000000000000009 -0.9678484630418083
-1.4500000000000008 -0.9656664591794526
-1.4000000000000008 -0.9632677835229289
-1.3500000000000008 -0.9606249047975025
-1.3000000000000007 -0.957706057038922
-1.2500000000000007 -0.9544747381740364
-1.2000000000000006 -0.950888921813918
-1.1500000000000006 -0.9469001957313592
-1.1000000000000005 -0.9424528824141613
-1.0500000000000005 -0.9374829798686182
-1.0000000000000004 -0.9319174180646197
-0.9500000000000004 -0.9256729047356171
-0.9000000000000004 -0.9186556055879187
-0.8500000000000003 -0.9107609243468014
-0.8000000000000003 -0.9018746398121195
-0.7500000000000002 -0.8918751705799878
-0.7000000000000002 -0.8806378542723196
-0.6500000000000001 -0.8680412539479899
-0.6000000000000001 -0.8539754235215343
-0.55 -0.8383511578945216
-0.5 -0.8211096864493513
-0.45 -0.8022322486192327
-0.4 -0.7817465451908834
-0.35000000000000003 -0.7597237689863975
-0.30000000000000004 -0.7362618317890248
-0.25000000000000006 -0.7114634710219848
-0.20000000000000007 -0.6854222705601862
-0.15000000000000008 -0.6582202379533706
-0.10000000000000007 -0.6299199259011795
-0.05000000000000007 -0.6005466128834521
-6.938893903907228e-17 -0.5700803723054875
0.04999999999999993 -0.538472923229193
0.09999999999999994 -0.5056466080011635
0.14999999999999994 -0.47148453741777707
0.19999999999999996 -0.4358479964790175
0.24999999999999994 -0.39857352582461636
0.29999999999999993 -0.359463512790776
0.3499999999999999 -0.3182739791938025
0.3999999999999999 -0.2747196081509268
0.4499999999999999 -0.2284504180719644
0.4999999999999999 -0.17903067102315215
0.5499999999999999 -0.12589902016074345
0.6 -0.06830633244898636
0.65 -0.005219111704484419
0.7000000000000001 0.0648507264752618
0.7500000000000001 0.14415119882510258
0.8000000000000002 0.23615354288147372
0.8500000000000002 0.3457290207380508
0.9000000000000002 0.47555454605963315
0.9500000000000003 0.617176965320567
1.0000000000000002 0.7473842017332781
1.0500000000000003 0.8434840958419518
1.1000000000000003 0.902051810282454
1.1500000000000004 0.9334792851718289
1.2000000000000004 0.9489876904873585
1.2500000000000004 0.9562607977891051
1.3000000000000005 0.9598026743639542
1.3500000000000005 0.9618045211844201
1.4000000000000006 0.9632632010297675
1.4500000000000006 0.9644923421714043
1.5000000000000007 0.9656541283723877
1.5500000000000007 0.9668637468863819
1.6000000000000008 0.9681923143832546
1.6500000000000008 0.9696080864516647
1.7000000000000008 0.9710547389655373
1.7500000000000009 0.9725199023875322
1.800000000000001 0.9739673355719006
1.850000000000001 0.9753692341230922
1.900000000000001 0.976708411012796
1.950000000000001 0.9779773302863123
2.000000000000001 0.9791709877697178
2.0500000000000007 0.9802876518783942
2.1000000000000005 0.9813303268294408
2.1500000000000004 0.9822981271755185
2.2 0.9831951508179161
2.25 0.9840275007025572
2.3 0.9847999357799914
2.3499999999999996 0.9855176772731081
2.3999999999999995 0.98618545307206
2.4499999999999993 0.9868075587754339
2.499999999999999 0.9873879943730768
2.549999999999999 0.987930443951903
2.5999999999999988 0.988438134647813
2.6499999999999986 0.9889139407492376
2.6999999999999984 0.989360469620299
2.7499999999999982 0.9897802405555646
2.799999999999998 0.990175353595597
2.849999999999998 0.9905476638080467
2.8999999999999977 0.9908988988297619
2.9499999999999975 0.9912306443215149
2.9999999999999973 0.9915444742918367