0 -0.003590771092785074
0.05 0.007113583869785864
0.1 0.026448024387390492
0.15000000000000002 0.05180700846272796
0.2 0.08070130350495698
0.25 0.11146420894198203
0.3 0.14314587759514946
0.35 0.17533617042945263
0.39999999999999997 0.20808968271391753
0.44999999999999996 0.2416570039888821
0.49999999999999994 0.27629679542485247
0.5499999999999999 0.3123006438235537
0.6 0.350101876477646
0.65 0.39024875184553465
0.7000000000000001 0.4334799768274949
0.7500000000000001 0.48094138462433667
0.8000000000000002 0.5344561556226122
0.8500000000000002 0.5966068804471563
0.9000000000000002 0.6689507999537315
0.9500000000000003 0.74697994496888
1.0000000000000002 0.8183971095475286
1.0500000000000003 0.8714545884779512
1.1000000000000003 0.9047740829371278
1.1500000000000004 0.9242548871523212
1.2000000000000004 0.9356276646873419
1.2500000000000004 0.9428955871060398
1.3000000000000005 0.9481629943516089
1.3500000000000005 0.9523361353042954
1.4000000000000006 0.9558150510724502
1.4500000000000006 0.9587952893621238
1.5000000000000007 0.9614639598534895
1.5500000000000007 0.9639140439271013
1.6000000000000008 0.9662001180954762
1.6500000000000008 0.9683399068043909
1.7000000000000008 0.9703109290815439
1.7500000000000009 0.9721217315085455
1.800000000000001 0.9737989508977798
1.850000000000001 0.9753521517739001
1.900000000000001 0.9767882038540514
1.950000000000001 0.9781141383050004
2.000000000000001 0.9793372975357898
2.0500000000000007 0.9804674087330426
2.1000000000000005 0.9815099648389507
2.1500000000000004 0.9824697968886856
2.2 0.9833558561041129
2.25 0.9841765853136104
2.3 0.9849362151074438
2.3499999999999996 0.9856410477735084
2.3999999999999995 0.9862964689436524
2.4499999999999993 0.9869069921613797
2.499999999999999 0.9874766478579501
2.549999999999999 0.9880091991725026
2.5999999999999988 0.9885078089412199
2.6499999999999986 0.9889753313979953
2.6999999999999984 0.9894143008044453
2.7499999999999982 0.989827198471014
2.799999999999998 0.9902160543932894
2.849999999999998 0.990582695991121
2.8999999999999977 0.9909287611939291
2.9499999999999975 0.9912557737622626
2.9999999999999973 0.9915652900110131
2.9499999999999975 0.9915393488776674
2.8999999999999977 0.991362179606795
2.849999999999998 0.9911088501280843
2.799999999999998 0.9908117604802097
2.7499999999999982 0.9904841879065835
2.6999999999999984 0.9901316795014911
2.6499999999999986 0.9897559424273741
2.5999999999999988 0.9893568958014513
2.549999999999999 0.9889333890690356
2.499999999999999 0.9884840131268017
2.4499999999999993 0.9880069013921725
2.3999999999999995 0.987499919216054
2.3499999999999996 0.9869605971481545
2.3 0.9863860892894618
2.25 0.9857734730155365
2.2 0.985119359038309
2.1500000000000004 0.9844200443238326
2.1000000000000005 0.9836712114541638
2.0500000000000007 0.9828683317075243
2.000000000000001 0.9820061811510162
1.9500000000000008 0.9810789008466809
1.9000000000000008 0.980079943573168
1.8500000000000008 0.9790019490295526
1.8000000000000007 0.9778366474278304
1.7500000000000007 0.9765746281984989
1.7000000000000006 0.9752054048631323
1.6500000000000006 0.9737167632846233
1.6000000000000005 0.9720951716945678
1.5500000000000005 0.9703248875373244
1.5000000000000004 0.9683881660340413
1.4500000000000004 0.9662646363091519
1.4000000000000004 0.9639308370532423
1.3500000000000003 0.9613599042328818
1.3000000000000003 0.9585208855091238
1.2500000000000002 0.9553782063308858
1.2000000000000002 0.9518907335662751
1.1500000000000001 0.9480110513986754
1.1 0.9436846472316718
1.05 0.9388488811343584
1.0 0.9334318612056947
0.95 0.9273517264219285
0.8999999999999999 0.9205160157407355
0.8499999999999999 0.9128215184551646
0.7999999999999998 0.9041547910423604
0.7499999999999998 0.8943941684147675
0.6999999999999997 0.8834130779581484
0.6499999999999997 0.8710859520331035
0.5999999999999996 0.8572968108159728
0.5499999999999996 0.8419509176436419
0.4999999999999996 0.824989133874335
0.4499999999999996 0.8064031897333807
0.39999999999999963 0.7862435384522379
0.34999999999999964 0.7646095713439377
0.29999999999999966 0.7416221924363005
0.24999999999999967 0.7173924685524716
0.19999999999999968 0.6920031853526964
0.1499999999999997 0.6655129172635786
0.09999999999999969 0.6379710903147405
0.049999999999999684 0.6094136848823789
-3.191891195797325e-16 0.579835423415438
-0.05000000000000032 0.5491725050553393
-0.10000000000000032 0.5173078754942029
-0.15000000000000033 0.4840798969164785
-0.20000000000000034 0.44929673170263146
-0.25000000000000033 0.41276128194487854
-0.3000000000000003 0.3742936640336251
-0.3500000000000003 0.33369532333524327
-0.4000000000000003 0.2907062736344498
-0.4500000000000003 0.24497332443943876
-0.5000000000000003 0.1960421085972627
-0.5500000000000004 0.14332293873512142
-0.6000000000000004 0.0860276284708888
-0.6500000000000005 0.02306542484574462
-0.7000000000000005 -0.04714218371952251
-0.7500000000000006 -0.12700752573541083
-0.8000000000000006 -0.22029869930113644
-0.8500000000000006 -0.3320780791606418
-0.9000000000000007 -0.46563430970958636
-0.9500000000000007 -0.6121126670326337
-1.0000000000000007 -0.7466475909146487
-1.0500000000000007 -0.8453031069004445
-1.1000000000000008 -0.903867288144287
-1.1500000000000008 -0.934076153985582
-1.2000000000000008 -0.9486330385768662
-1.2500000000000009 -0.9560870380480422
-1.300000000000001 -0.959952280744551
-1.350000000000001 -0.9621278772499756
-1.400000000000001 -0.9636586218050572
-1.450000000000001 -0.9649091735696667
-1.500000000000001 -0.9661283606626537
-1.5500000000000012 -0.9673985807254962
-1.6000000000000012 -0.9687262719339313
-1.6500000000000012 -0.9701284333820199
-1.7000000000000013 -0.9715438558474274
-1.7500000000000013 -0.9729590330402076
-1.8000000000000014 -0.9743564918753744
-1.8500000000000014 -0.9757171772619752
-1.9000000000000015 -0.9770279695048056
-1.9500000000000015 -0.9782754659827104
-2.0000000000000013 -0.9794450206941001
-2.050000000000001 -0.9805359577579275
-2.100000000000001 -0.9815515823788205
-2.150000000000001 -0.9824953976347081
-2.2000000000000006 -0.9833723528636041
-2.2500000000000004 -0.9841860786555148
-2.3000000000000003 -0.9849417143195299
-2.35 -0.9856442680482037
-2.4 -0.986298348632862
-2.4499999999999997 -0.9869080763315669
-2.4999999999999996 -0.9874772687810058
-2.5499999999999994 -0.9880095490730008
-2.599999999999999 -0.9885080023475323
-2.649999999999999 -0.9889754348046879
-2.699999999999999 -0.9894143551621435
-2.7499999999999987 -0.9898272252720509
-2.7999999999999985 -0.9902160664712031
-2.8499999999999983 -0.9905826990965213
-2.899999999999998 -0.9909287585779636
-2.949999999999998 -0.9912557696231891
-2.999999999999998 -0.9915652856084262
-2.949999999999998 -0.9915393477161217
-2.899999999999998 -0.9913621783681714
-2.8499999999999983 -0.9911088490116582
-2.7999999999999985 -0.9908117597963041
-2.7499999999999987 -0.9904841876798491
-2.699999999999999 -0.9901316793107615
-2.649999999999999 -0.9897559417977518
-2.599999999999999 -0.9893568963625904
-2.5499999999999994 -0.988933389917374
-2.4999999999999996 -0.9884840135913064
-2.4499999999999997 -0.98800690224992
-2.4 -0.9874999212902538
-2.35 -0.9869605994050371
-2.3000000000000003 -0.9863860920038781
-2.2500000000000004 -0.985773474252619
-2.2000000000000006 -0.9851193599312057
-2.150000000000001 -0.9844200468886901
-2.100000000000001 -0.9836712141168255
-2.050000000000001 -0.9828683345005945
-2.0000000000000013 -0.9820061844953427
-1.9500000000000013 -0.9810789061605659
-1.9000000000000012 -0.9800799492302666
-1.8500000000000012 -0.9790019531623597
-1.8000000000000012 -0.9778366510398561
-1.750000000000001 -0.9765746326958735
-1.700000000000001 -0.9752054090028348
-1.650000000000001 -0.9737167688316019
-1.600000000000001 -0.9720951773660476
-1.550000000000001 -0.9703248947274298
-1.5000000000000009 -0.9683881771010145
-1.4500000000000008 -0.9662646462434299
-1.4000000000000008 -0.9639308467703503
-1.3500000000000008 -0.9613599172322291
-1.3000000000000007 -0.9585208983061801
-1.2500000000000007 -0.9553782196829447
-1.2000000000000006 -0.9518907493506542
-1.1500000000000006 -0.9480110658917654
-1.1000000000000005 -0.9436846619423217
-1.0500000000000005 -0.9388488935834846
-1.0000000000000004 -0.9334318759622056
-0.9500000000000004 -0.927351743471366
-0.9000000000000004 -0.9205160365862503
-0.8500000000000003 -0.9128215387951596
-0.8000000000000003 -0.904154811798045
-0.7500000000000002 -0.8943941945617787
-0.7000000000000002 -0.8834131079960059
-0.6500000000000001 -0.8710859935533087
-0.6000000000000001 -0.8572968534535421
-0.55 -0.8419509694427874
-0.5 -0.8249891907985891
-0.45 -0.8064032501239795
-0.4 -0.7862436023383123
-0.35000000000000003 -0.7646096401019326
-0.30000000000000004 -0.7416222607141669
-0.25000000000000006 -0.7173925359157236
-0.20000000000000007 -0.6920032493579279
-0.15000000000000008 -0.6655129820827451
-0.10000000000000007 -0.6379711670266665
-0.05000000000000007 -0.6094138098261499
-6.938893903907228e-17 -0.5798356861401355
0.04999999999999993 -0.5491732086164994
0.09999999999999994 -0.5173100695435273
0.14999999999999994 -0.48408731256168525
0.19999999999999996 -0.44932022276350414
0.24999999999999994 -0.41281581554541036
0.29999999999999993 -0.37437259116623317
0.3499999999999999 -0.3337726208511043
0.3999999999999999 -0.29076703668748316
0.4499999999999999 -0.24501628447042975
0.4999999999999999 -0.19606855081146085
0.5499999999999999 -0.143319103644779
0.6 -0.08593187159322833
0.65 -0.022811856189311728
0.7000000000000001 0.04755118676943604
0.7500000000000001 0.12753620694610565
0.8000000000000002 0.22091388302364146
0.8500000000000002 0.3327564660169341
0.9000000000000002 0.46636049463168683
0.9500000000000003 0.6128763238324301
1.0000000000000002 0.7474415211396506
1.0500000000000003 0.8461221180777575
1.1000000000000003 0.9047074512926471
1.1500000000000004 0.9349336761973196
1.2000000000000004 0.9495041981015274
1.2500000000000004 0.95696976269143
1.3000000000000005 0.9608182862519602
1.3500000000000005 0.9627842429470366
1.4000000000000006 0.9640629563037034
1.4500000000000006 0.9651507417072186
1.5000000000000007 0.9662748973794574
1.5500000000000007 0.9674897063311862
1.6000000000000008 0.968786208700181
1.6500000000000008 0.9701714203984358
1.7000000000000008 0.9715685145275219
1.7500000000000009 0.9729731059317682
1.800000000000001 0.9743650155261526
1.850000000000001 0.9757265933227887
1.900000000000001 0.9770379537773017
1.950000000000001 0.9782800742914135
2.000000000000001 0.9794463280274707
2.0500000000000007 0.980536348694854
2.1000000000000005 0.981551725363958
2.1500000000000004 0.9824955013624989
2.2 0.9833724043366624
2.25 0.9841860941915368
2.3 0.9849417192361045
2.3499999999999996 0.9856442703096482
2.3999999999999995 0.9862983493451533
2.4499999999999993 0.9869080765900549
2.499999999999999 0.9874772688083844
2.549999999999999 0.9880095491370368
2.5999999999999988 0.9885080023165091
2.6499999999999986 0.9889754347451006
2.6999999999999984 0.9894143551041679
2.7499999999999982 0.9898272254980606
2.799999999999998 0.9902160665340669
2.849999999999998 0.99058269908557
2.8999999999999977 0.9909287585845188
2.9499999999999975 0.9912557696624034
2.9999999999999973 0.9915652855866691