0 -0.012082186456381193
0.05 0.002355613599131552
0.1 0.026893149865319176
0.15000000000000002 0.057584952961107425
0.2 0.09084142076052075
0.25 0.12485417035502286
0.3 0.1589529980135142
0.35 0.19295433493242178
0.39999999999999997 0.22703427422350755
0.44999999999999996 0.26153300176652056
0.49999999999999994 0.29682594821248864
0.5499999999999999 0.3333145289170323
0.6 0.3714286867215376
0.65 0.4116869250542287
0.7000000000000001 0.45484316788917134
0.7500000000000001 0.5020803383029133
0.8000000000000002 0.5552868729586834
0.8500000000000002 0.616465617325305
0.9000000000000002 0.6862784992577168
0.9500000000000003 0.7605566179763029
1.0000000000000002 0.8270432586041504
1.0500000000000003 0.8756109230541002
1.1000000000000003 0.9067990214497612
1.1500000000000004 0.9253400659966604
1.2000000000000004 0.9364734322400957
1.2500000000000004 0.9437046961500825
1.3000000000000005 0.9486807311380491
1.3500000000000005 0.9524654715417716
1.4000000000000006 0.9556140627970076
1.4500000000000006 0.9584102892275346
1.5000000000000007 0.961044772340332
1.5500000000000007 0.9635283895675892
1.6000000000000008 0.9658435064514536
1.6500000000000008 0.9680172302169406
1.7000000000000008 0.9700278108163164
1.7500000000000009 0.9719079341245082
1.800000000000001 0.9736447093544861
1.850000000000001 0.9752424117115545
1.900000000000001 0.9767137833803841
1.950000000000001 0.9780681385572051
2.000000000000001 0.9793141292264488
2.0500000000000007 0.980460330281346
2.1000000000000005 0.9815152564390879
2.1500000000000004 0.982487155083196
2.2 0.983383795045284
2.25 0.9842123438852789
2.3 0.9849792384520365
2.3499999999999996 0.9856904801688738
2.3999999999999995 0.9863513387741526
2.4499999999999993 0.9869664542680034
2.499999999999999 0.9875399235588508
2.549999999999999 0.9880756634514648
2.5999999999999988 0.988576928579813
2.6499999999999986 0.9890466399023379
2.6999999999999984 0.9894873723461077
2.7499999999999982 0.9899016691876982
2.799999999999998 0.9902915897156027
2.849999999999998 0.9906590196238069
2.8999999999999977 0.9910056433326233
2.9499999999999975 0.9913330343887486
2.9999999999999973 0.9916427522814527
2.9499999999999975 0.9916166445671016
2.8999999999999977 0.9914392760385983
2.849999999999998 0.9911856536182003
2.799999999999998 0.9908881771181003
2.7499999999999982 0.9905600339078413
2.6999999999999984 0.9902067183975614
2.6499999999999986 0.9898299267737369
2.5999999999999988 0.9894295481531143
2.549999999999999 0.9890043778859744
2.499999999999999 0.9885529881203299
2.4499999999999993 0.9880734584547961
2.3999999999999995 0.9875635495394847
2.3499999999999996 0.9870207456950345
2.3 0.9864421470035295
2.25 0.9858247665193702
2.2 0.9851651134907582
2.1500000000000004 0.9844593219155965
2.1000000000000005 0.9837029788931806
2.0500000000000007 0.9828914295577684
2.000000000000001 0.982019270917566
1.9500000000000008 0.9810804500770451
1.9000000000000008 0.9800681986536767
1.8500000000000008 0.9789749523788058
1.8000000000000007 0.9777921037207288
1.7500000000000007 0.976509939303976
1.7000000000000006 0.9751175083488927
1.6500000000000006 0.9736022444531667
1.6000000000000005 0.9719500143506725
1.5500000000000005 0.9701445171857974
1.5000000000000004 0.9681672774787252
1.4500000000000004 0.965997077722127
1.4000000000000004 0.9636094094766843
1.3500000000000003 0.9609763473210051
1.3000000000000003 0.9580656279225408
1.2500000000000002 0.9548399410093493
1.2000000000000002 0.9512563520095622
1.1500000000000001 0.9472653307871401
1.1 0.9428097799994444
1.05 0.9378240173366899
1.0 0.9322326751160518
0.95 0.9259500528978829
0.8999999999999999 0.9188792172489784
0.8499999999999999 0.9109121822795128
0.7999999999999998 0.901930817936332
0.7499999999999998 0.8918094693237145
0.6999999999999997 0.8804201384745061
0.6499999999999997 0.8676410237079057
0.5999999999999996 0.85336784256005
0.5499999999999996 0.8375253929070249
0.4999999999999996 0.8200748358574452
0.4499999999999996 0.8010159148702118
0.39999999999999963 0.7803854838546737
0.34999999999999964 0.7582539580038602
0.29999999999999966 0.7347136504397394
0.24999999999999967 0.7098588593496912
0.19999999999999968 0.6837675765805542
0.1499999999999997 0.6564976298892056
0.09999999999999969 0.6280953698466177
0.049999999999999684 0.5985946257280806
-3.191891195797325e-16 0.5679636917771228
-0.05000000000000032 0.5360845591690918
-0.10000000000000032 0.5029964099906664
-0.15000000000000033 0.4686779249754563
-0.20000000000000034 0.43297125096790906
-0.25000000000000033 0.3956691939547507
-0.3000000000000003 0.35654612209557096
-0.3500000000000003 0.3153450608044553
-0.4000000000000003 0.2717742877486167
-0.4500000000000003 0.22547836152816833
-0.5000000000000003 0.17601407766592725
-0.5500000000000004 0.12280763241571195
-0.6000000000000004 0.06508768401902916
-0.6500000000000005 0.0017798923690801544
-0.7000000000000005 -0.06868526217241822
-0.7500000000000006 -0.14873955805335956
-0.8000000000000006 -0.2423144472586099
-0.8500000000000006 -0.3544570770847976
-0.9000000000000007 -0.487027854142338
-0.9500000000000007 -0.6300349401342938
-1.0000000000000007 -0.7588539425777999
-1.0500000000000007 -0.8522815305911112
-1.1000000000000008 -0.9084406742602243
-1.1500000000000008 -0.9374983704277067
-1.2000000000000008 -0.951644231024976
-1.2500000000000009 -0.9583896823914592
-1.300000000000001 -0.9615350398540151
-1.350000000000001 -0.9628868793380754
-1.400000000000001 -0.9637117938364852
-1.450000000000001 -0.9646890371166869
-1.500000000000001 -0.9658852277488909
-1.5500000000000012 -0.9671803777597956
-1.6000000000000012 -0.9684922812278559
-1.6500000000000012 -0.969880934347884
-1.7000000000000013 -0.9713005135267363
-1.7500000000000013 -0.9727448523678301
-1.8000000000000014 -0.9741829102082327
-1.8500000000000014 -0.9755934426403827
-1.9000000000000015 -0.9769434970843349
-1.9500000000000015 -0.9782120526352295
-2.0000000000000013 -0.979399353681581
-2.050000000000001 -0.9805091844794721
-2.100000000000001 -0.9815444974941124
-2.150000000000001 -0.9825030377483839
-2.2000000000000006 -0.9833966225972774
-2.2500000000000004 -0.984221277892916
-2.3000000000000003 -0.9849848176607681
-2.35 -0.9856938259483958
-2.4 -0.9863533068481343
-2.4499999999999997 -0.9869675891762228
-2.4999999999999996 -0.9875405738941596
-2.5499999999999994 -0.9880760267968779
-2.599999999999999 -0.9885771298630704
-2.649999999999999 -0.9890467466456299
-2.699999999999999 -0.9894874290306369
-2.7499999999999987 -0.9899016981839392
-2.7999999999999985 -0.9902916019532467
-2.8499999999999983 -0.9906590224856352
-2.899999999999998 -0.9910056435136746
-2.949999999999998 -0.9913330313234169
-2.999999999999998 -0.9916427487902192
-2.949999999999998 -0.9916166423481775
-2.899999999999998 -0.9914392747251162
-2.8499999999999983 -0.9911856526027808
-2.7999999999999985 -0.9908881764166291
-2.7499999999999987 -0.990560033616607
-2.699999999999999 -0.9902067169406875
-2.649999999999999 -0.9898299267496286
-2.599999999999999 -0.9894295480602928
-2.5499999999999994 -0.9890043780653301
-2.4999999999999996 -0.9885529888327729
-2.4499999999999997 -0.9880734602829215
-2.4 -0.9875635510905292
-2.35 -0.9870207457123765
-2.3000000000000003 -0.9864421479255586
-2.2500000000000004 -0.9858247685537327
-2.2000000000000006 -0.9851651137827159
-2.150000000000001 -0.9844593218533912
-2.100000000000001 -0.9837029791823894
-2.050000000000001 -0.9828914300625806
-2.0000000000000013 -0.9820192726053154
-1.9500000000000013 -0.9810804539966348
-1.9000000000000012 -0.9800682009398667
-1.8500000000000012 -0.978974954068874
-1.8000000000000012 -0.9777921059574305
-1.750000000000001 -0.9765099424489739
-1.700000000000001 -0.9751175124795499
-1.650000000000001 -0.9736022479287858
-1.600000000000001 -0.9719500160121902
-1.550000000000001 -0.970144521420451
-1.5000000000000009 -0.9681672812992081
-1.4500000000000008 -0.9659970830496416
-1.4000000000000008 -0.9636094159771372
-1.3500000000000008 -0.9609763539662572
-1.3000000000000007 -0.9580656355036987
-1.2500000000000007 -0.9548399523269067
-1.2000000000000006 -0.9512563644634882
-1.1500000000000006 -0.9472653441814668
-1.1000000000000005 -0.9428097923039439
-1.0500000000000005 -0.9378240259387677
-1.0000000000000004 -0.932232683088999
-0.9500000000000004 -0.9259500612490932
-0.9000000000000004 -0.918879230009529
-0.8500000000000003 -0.9109121953644945
-0.8000000000000003 -0.9019308318371068
-0.7500000000000002 -0.8918094833690945
-0.7000000000000002 -0.8804201536821251
-0.6500000000000001 -0.8676410379082641
-0.6000000000000001 -0.8533678549637386
-0.55 -0.8375254044866436
-0.5 -0.820074842205317
-0.45 -0.8010159164488749
-0.4 -0.7803854811965787
-0.35000000000000003 -0.7582539578938731
-0.30000000000000004 -0.7347136572152982
-0.25000000000000006 -0.7098588778467002
-0.20000000000000007 -0.6837676122589551
-0.15000000000000008 -0.6564976886477052
-0.10000000000000007 -0.6280954574314856
-0.05000000000000007 -0.5985947465409214
-6.938893903907228e-17 -0.5679638698099547
0.04999999999999993 -0.5360847810696933
0.09999999999999994 -0.502996615779145
0.14999999999999994 -0.46867810527330456
0.19999999999999996 -0.43297141537823514
0.24999999999999994 -0.3956693511061103
0.29999999999999993 -0.35654628144780265
0.3499999999999999 -0.31534522357024763
0.3999999999999999 -0.27177445807334877
0.4499999999999999 -0.22547854379480115
0.4999999999999999 -0.17601427482117754
0.5499999999999999 -0.12280784746393948
0.6 -0.0650879190108751
0.65 -0.001780151249137442
0.7000000000000001 0.06868497347606424
0.7500000000000001 0.14873923669633368
0.8000000000000002 0.24231408633920462
0.8500000000000002 0.35445666499585965
0.9000000000000002 0.4870273741732701
0.9500000000000003 0.6300343588828258
1.0000000000000002 0.7588532001303252
1.0500000000000003 0.8522804895356131
1.1000000000000003 0.908439029331203
1.1500000000000004 0.937495521492397
1.2000000000000004 0.9516403793366223
1.2500000000000004 0.9583841835237364
1.3000000000000005 0.9615299147535313
1.3500000000000005 0.9628826153366712
1.4000000000000006 0.9637085022954253
1.4500000000000006 0.9646876109774503
1.5000000000000007 0.9658869279932336
1.5500000000000007 0.9671865616878896
1.6000000000000008 0.9685103187453126
1.6500000000000008 0.9699085088363747
1.7000000000000008 0.9713338135016707
1.7500000000000009 0.9727844411745749
1.800000000000001 0.9742180417629842
1.850000000000001 0.9756164740300077
1.900000000000001 0.976962534791612
1.950000000000001 0.9782314962880808
2.000000000000001 0.9794187567975453
2.0500000000000007 0.9805271096587009
2.1000000000000005 0.9815570631060775
2.1500000000000004 0.9825129757538844
2.2 0.9833995570861486
2.25 0.9842218531010352
2.3 0.9849849228975333
2.3499999999999996 0.9856938461652904
2.3999999999999995 0.9863533117092952
2.4499999999999993 0.9869675900081428
2.499999999999999 0.9875405741267903
2.549999999999999 0.9880760270081702
2.5999999999999988 0.988577129949906
2.6499999999999986 0.9890467466771977
2.6999999999999984 0.9894874290574459
2.7499999999999982 0.9899016982413401
2.799999999999998 0.9902916019430779
2.849999999999998 0.9906590225285257
2.8999999999999977 0.9910056432499788
2.9499999999999975 0.9913330311808762
2.9999999999999973 0.9916427487595988