
0 0.2528802351075386
0.05 0.28783236191001793
0.1 0.3241371338700958
0.15000000000000002 0.36211116675278954
0.2 0.40223869712152005
0.25 0.44525636390631357
0.3 0.49232354669968625
0.35 0.5452823784951094
0.39999999999999997 0.6066502243020844
0.44999999999999996 0.6778882433339143
0.49999999999999994 0.7533415208029457
0.5499999999999999 0.8197750166256003
0.6 0.869624041695167
0.65 0.9023849517116165
0.7000000000000001 0.9220385595407051
0.7500000000000001 0.9341748282231718
0.8000000000000002 0.9425667724238755
0.8500000000000002 0.9485484676402729
0.9000000000000002 0.952944379793514
0.9500000000000003 0.9566441714457278
1.0000000000000002 0.9596226536395001
1.0500000000000003 0.9621699948446939
1.1000000000000003 0.9644931774912046
1.1500000000000004 0.9666955283458686
1.2000000000000004 0.9687641620305365
1.2500000000000004 0.9707319017280385
1.3000000000000005 0.9725680104314467
1.3500000000000005 0.9742599348836727
1.4000000000000006 0.9758254082329586
1.4500000000000006 0.9772688200748775
1.5000000000000007 0.9785997304854361
1.5500000000000007 0.9798304447870172
1.6000000000000008 0.9809592574871935
1.6500000000000008 0.9819959428684033
1.7000000000000008 0.9829500736273727
1.7500000000000009 0.9838296787754325
1.800000000000001 0.9846419771737316
1.850000000000001 0.985393372564785
1.900000000000001 0.9860897331498478
1.950000000000001 0.9867363333221861
2.000000000000001 0.9873377941435474
2.0500000000000007 0.9878981953692152
2.1000000000000005 0.9884214502466002
2.1500000000000004 0.9889107882710706
2.2 0.9893690282948675
2.25 0.9897987862154621
2.3 0.9902025946143534
2.3499999999999996 0.9905825332839147
2.3999999999999995 0.9909404421857512
2.4499999999999993 0.991277871821931
2.499999999999999 0.991596486118292
2.549999999999999 0.9918978051438299
2.5999999999999988 0.9918702312743839
2.6499999999999986 0.9916955876386502
2.6999999999999984 0.9914472779461228
2.7499999999999982 0.9911565728167968
2.799999999999998 0.9908361507026788
2.849999999999998 0.9904912847332612
2.8999999999999977 0.990123467352048
2.9499999999999975 0.9897324940088588
2.9999999999999973 0.9893171469445866
2.9499999999999975 0.9888759743371331
2.8999999999999977 0.9884070719222242
2.849999999999998 0.9879082517171284
2.799999999999998 0.9873768814175183
2.7499999999999982 0.9868101384487427
2.6999999999999984 0.986205004491017
2.6499999999999986 0.985557921743401
2.5999999999999988 0.9848650880751424
2.549999999999999 0.9841220745418204
2.499999999999999 0.9833240666903379
2.4499999999999993 0.9824656857918601
2.3999999999999995 0.9815407366709629
2.3499999999999996 0.9805423423119041
2.3 0.979462880544404
2.25 0.9782934960139164
2.2 0.9770241984792629
2.1500000000000004 0.9756438590914118
2.1000000000000005 0.9741394551928892
2.0500000000000007 0.9724964732627559
2.000000000000001 0.9706979615283509
1.9500000000000008 0.9687248203506582
1.9000000000000008 0.9665548972081248
1.8500000000000008 0.9641627232068171
1.8000000000000007 0.9615189248578064
1.7500000000000007 0.9585896704066066
1.7000000000000006 0.9553357079037721
1.6500000000000006 0.9517117775831266
1.6000000000000005 0.9476652867154413
1.5500000000000005 0.943135750541148
1.5000000000000004 0.9380532149945818
1.4500000000000004 0.9323374871970276
1.4000000000000004 0.9258968437877014
1.3500000000000003 0.9186274035724894
1.3000000000000003 0.9104129663328467
1.2500000000000002 0.9011263123662077
1.2000000000000002 0.8906315233580296
1.1500000000000001 0.8787899454755033
1.1 0.8654711469810228
1.05 0.8505684640198553
1.0 0.8340146139232361
0.95 0.8157921665018346
0.8999999999999999 0.7959368913933343
0.8499999999999999 0.7745299835391684
0.7999999999999998 0.7516832038281538
0.7499999999999998 0.7275259443456313
0.6999999999999997 0.7021754658701471
0.6499999999999997 0.6757009192289922
0.5999999999999996 0.6481236975410787
0.5499999999999996 0.6194467681287495
0.4999999999999996 0.5896788910973816
0.4499999999999996 0.5588337591739532
0.39999999999999963 0.52689818639162
0.34999999999999964 0.4938047549484929
0.29999999999999966 0.45943293450046363
0.24999999999999967 0.4236276892670925
0.19999999999999968 0.38620729834953665
0.1499999999999997 0.3469687341521292
0.09999999999999969 0.30567177659467176
0.049999999999999684 0.2620366286880645
-3.191891195797325e-16 0.2157169973409673
-0.05000000000000032 0.16627637080294785
-0.10000000000000032 0.11314541646201387
-0.15000000000000033 0.055554456084477045
-0.20000000000000034 -0.0075767730777580875
-0.25000000000000033 -0.07783760011057572
-0.3000000000000003 -0.15770625281659753
-0.3500000000000003 -0.2512107531072542
-0.4000000000000003 -0.3642135258186287
-0.4500000000000003 -0.49858308681708713
-0.5000000000000003 -0.6397846743813264
-0.5500000000000004 -0.7633010118529552
-0.6000000000000004 -0.8528865679451928
-0.6500000000000005 -0.9072732504007953
-0.7000000000000005 -0.9355166411049778
-0.7500000000000006 -0.9494943579529985
-0.8000000000000006 -0.9573510712853864
-0.8500000000000006 -0.9615915808163633
-0.9000000000000007 -0.9637260884775015
-0.9500000000000007 -0.9652034503801561
-1.0000000000000007 -0.9661023650964398
-1.0500000000000007 -0.9669481852089049
-1.1000000000000008 -0.9679337943676863
-1.1500000000000008 -0.9691535325816977
-1.2000000000000008 -0.9704913870334125
-1.2500000000000009 -0.9719011976789936
-1.300000000000001 -0.9733438010692126
-1.350000000000001 -0.974771688530557
-1.400000000000001 -0.9761579808889184
-1.450000000000001 -0.9774829395239706
-1.500000000000001 -0.9787410198836514
-1.5500000000000012 -0.9799178877688796
-1.6000000000000012 -0.9810122354697626
-1.6500000000000012 -0.9820279462494745
-1.7000000000000013 -0.9829692988742953
-1.7500000000000013 -0.9838410890350675
-1.8000000000000014 -0.9846486294499087
-1.8500000000000014 -0.9853971417925135
-1.9000000000000015 -0.9860917788639038
-1.9500000000000015 -0.9867373570143153
-2.0000000000000013 -0.9873382140585002
-2.050000000000001 -0.9878982698286488
-2.100000000000001 -0.9884213214709248
-2.150000000000001 -0.9889105422289833
-2.2000000000000006 -0.989368719269819
-2.2500000000000004 -0.9897984421430807
-2.3000000000000003 -0.9902022287293522
-2.35 -0.9905821559166951
-2.4 -0.9909400597306477
-2.4499999999999997 -0.9912774869940131
-2.4999999999999996 -0.9915960996320344
-2.5499999999999994 -0.9918974157338966
-2.599999999999999 -0.9918698442415419
-2.649999999999999 -0.9916952007137159
-2.699999999999999 -0.9914468895369637
-2.7499999999999987 -0.9911561835439457
-2.7999999999999985 -0.9908357605455506
-2.8499999999999983 -0.9904908949362669
-2.899999999999998 -0.990123077786132
-2.949999999999998 -0.9897321035662607
-2.999999999999998 -0.989316753429206
-2.949999999999998 -0.9888755812637288
-2.899999999999998 -0.9884066779962285
-2.8499999999999983 -0.9879078587806724
-2.7999999999999985 -0.9873764882982958
-2.7499999999999987 -0.9868097462069387
-2.699999999999999 -0.9862046102216235
-2.649999999999999 -0.9855575272201161
-2.599999999999999 -0.9848646915049044
-2.5499999999999994 -0.9841216776061738
-2.4999999999999996 -0.983323668230251
-2.4499999999999997 -0.9824652855543832
-2.4 -0.98154033208151
-2.35 -0.9805419362743384
-2.3000000000000003 -0.9794624740750623
-2.2500000000000004 -0.9782930883009221
-2.2000000000000006 -0.9770237882757271
-2.150000000000001 -0.9756434468097945
-2.100000000000001 -0.9741390422372382
-2.050000000000001 -0.9724960574623714
-2.0000000000000013 -0.970697542315644
-1.9500000000000013 -0.9687243979145903
-1.9000000000000012 -0.9665544722045641
-1.8500000000000012 -0.9641622927194539
-1.8000000000000012 -0.9615184950592319
-1.750000000000001 -0.958589234331414
-1.700000000000001 -0.9553352656911276
-1.650000000000001 -0.9517113278803511
-1.600000000000001 -0.9476648314379598
-1.550000000000001 -0.943135285658882
-1.5000000000000009 -0.9380527427673562
-1.4500000000000008 -0.9323370050302678
-1.4000000000000008 -0.9258963502377348
-1.3500000000000008 -0.9186268974747248
-1.3000000000000007 -0.9104124559353219
-1.2500000000000007 -0.9011258008704891
-1.2000000000000006 -0.8906310199685493
-1.1500000000000006 -0.8787894676627254
-1.1000000000000005 -0.8654707090571434
-1.0500000000000005 -0.8505680861238553
-1.0000000000000004 -0.8340143258033321
-0.9500000000000004 -0.8157919721351233
-0.9000000000000004 -0.7959367806133606
-0.8500000000000003 -0.7745299399942068
-0.8000000000000003 -0.7516832081906168
-0.7500000000000002 -0.7275259850142697
-0.7000000000000002 -0.7021755654845516
-0.6500000000000001 -0.6757011509502282
-0.6000000000000001 -0.6481241757270311
-0.55 -0.6194475963262407
-0.5 -0.5896800103864019
-0.45 -0.5588349264603972
-0.4 -0.5268991649265055
-0.35000000000000003 -0.4938054451611698
-0.30000000000000004 -0.4594333419461565
-0.25000000000000006 -0.4236278652938358
-0.20000000000000007 -0.3862072909928403
-0.15000000000000008 -0.346968596436005
-0.10000000000000007 -0.3056715382807441
-0.05000000000000007 -0.2620363136495509
-6.938893903907228e-17 -0.2157166230643044
0.04999999999999993 -0.16627594883901375
0.09999999999999994 -0.11314496174327078
0.14999999999999994 -0.055553958193391845
0.19999999999999996 0.007577316664279015
0.24999999999999994 0.07783820110293412
0.29999999999999993 0.1577069359359102
0.3499999999999999 0.25121155739375367
0.3999999999999999 0.36421452932868487
0.4499999999999999 0.498584323851967
0.4999999999999999 0.6397857014354438
0.5499999999999999 0.7633007014637824
0.6 0.8528851841807874
0.65 0.9072722318981685
0.7000000000000001 0.935515928007079
0.7500000000000001 0.9494927851852506
0.8000000000000002 0.9573481841922072
0.8500000000000002 0.9615874789502348
0.9000000000000002 0.9637214057779536
0.9500000000000003 0.9652000734007431
1.0000000000000002 0.9661008665286213
1.0500000000000003 0.9669480496896974
1.1000000000000003 0.9679351031194288
1.1500000000000004 0.9691560922283097
1.2000000000000004 0.9704935117682191
1.2500000000000004 0.9719029869428231
1.3000000000000005 0.9733447182253568
1.3500000000000005 0.974772346834749
1.4000000000000006 0.9761588272006857
1.4500000000000006 0.9774855141724975
1.5000000000000007 0.9787433620280088
1.5500000000000007 0.9799187760156984
1.6000000000000008 0.981012737067131
1.6500000000000008 0.9820283668501334
1.7000000000000008 0.9829697028242985
1.7500000000000009 0.9838414888352107
1.800000000000001 0.9846490258893921
1.850000000000001 0.9853975384194329
1.900000000000001 0.9860921744767766
1.950000000000001 0.9867377517491722
2.000000000000001 0.9873386079829731
2.0500000000000007 0.9878986629119849
2.1000000000000005 0.9884217138920225
2.1500000000000004 0.9889109347247023
2.2 0.9893691112487497
2.25 0.9897988332083104
2.3 0.9902026189978996
2.3499999999999996 0.9905825455667999
2.3999999999999995 0.9909404489032312
2.4499999999999993 0.9912778757402382