0 -0.0006161660543371504
0.05 0.01154309277777713
0.1 0.03264588762268521
0.15000000000000002 0.05955993765476662
0.2 0.08936314152941686
0.25 0.1202925236146969
0.3 0.1517612226652869
0.35 0.18377913209844512
0.39999999999999997 0.21649635580286383
0.44999999999999996 0.2500889568950055
0.49999999999999994 0.28472204971628357
0.5499999999999999 0.3206545112467905
0.6 0.35830677102557307
0.65 0.3982211678376389
0.7000000000000001 0.44115077429174776
0.7500000000000001 0.4882441743326519
0.8000000000000002 0.541290988867374
0.8500000000000002 0.602748586454597
0.9000000000000002 0.6739497572067157
0.9500000000000003 0.7498556262882478
1.0000000000000002 0.818543121429941
1.0500000000000003 0.869795510148037
1.1000000000000003 0.9027510672053398
1.1500000000000004 0.9227684924279383
1.2000000000000004 0.9349754259815397
1.2500000000000004 0.9429451644359428
1.3000000000000005 0.9484800811737761
1.3500000000000005 0.9526453228137786
1.4000000000000006 0.9559797832673914
1.4500000000000006 0.958754073020956
1.5000000000000007 0.9612895270306748
1.5500000000000007 0.9636547342497375
1.6000000000000008 0.9658939955400734
1.6500000000000008 0.9680082265914999
1.7000000000000008 0.9699911282548298
1.7500000000000009 0.9718423717749108
1.800000000000001 0.9735590329590533
1.850000000000001 0.9751462455881974
1.900000000000001 0.9766163062632243
1.950000000000001 0.9779707426303151
2.000000000000001 0.9792221463025513
2.0500000000000007 0.9803781754891475
2.1000000000000005 0.9814389339398287
2.1500000000000004 0.9824147521503248
2.2 0.9833149237156058
2.25 0.9841468633277309
2.3 0.9849169580901641
2.3499999999999996 0.9856311918713874
2.3999999999999995 0.986294833928821
2.4499999999999993 0.9869125245404992
2.499999999999999 0.9874883960789549
2.549999999999999 0.9880263417617893
2.5999999999999988 0.9885296319350816
2.6499999999999986 0.9890012227159206
2.6999999999999984 0.9894437093942335
2.7499999999999982 0.9898596648823745
2.799999999999998 0.9902511423398851
2.849999999999998 0.990620029649146
2.8999999999999977 0.990968014049098
2.9499999999999975 0.9912966664125259
2.9999999999999973 0.9916075674802942
2.9499999999999975 0.9915827722115717
2.8999999999999977 0.9914061031450926
2.849999999999998 0.9911526700284161
2.799999999999998 0.990854923086669
2.7499999999999982 0.9905262440733784
2.6999999999999984 0.9901722533963307
2.6499999999999986 0.9897946995302521
2.5999999999999988 0.9893934822640061
2.549999999999999 0.98896743213503
2.499999999999999 0.9885150739310216
2.4499999999999993 0.9880345366787419
2.3999999999999995 0.9875236462604041
2.3499999999999996 0.9869798243374668
2.3 0.9864001832937526
2.25 0.9857817246007825
2.2 0.9851209580385853
2.1500000000000004 0.9844140648230753
2.1000000000000005 0.9836566011280049
2.0500000000000007 0.9828438757615291
2.000000000000001 0.9819705465616884
1.9500000000000008 0.9810305209733569
1.9000000000000008 0.9800170402912936
1.8500000000000008 0.9789225593072267
1.8000000000000007 0.9777384266392978
1.7500000000000007 0.9764549414057475
1.7000000000000006 0.9750611867330168
1.6500000000000006 0.9735445137964611
1.6000000000000005 0.9718908478795097
1.5500000000000005 0.9700838406551392
1.5000000000000004 0.9681050074548773
1.4500000000000004 0.9659330849112511
1.4000000000000004 0.9635437032129417
1.3500000000000003 0.960908854771799
1.3000000000000003 0.9579962545406546
1.2500000000000002 0.9547687523819604
1.2000000000000002 0.9511836563955862
1.1500000000000001 0.9471916018763733
1.1 0.9427359721292894
1.05 0.9377519278981155
1.0 0.9321652848761625
0.95 0.925891972907972
0.8999999999999999 0.9188376652069861
0.8499999999999999 0.9108979288991592
0.7999999999999998 0.901959214920087
0.7499999999999998 0.8919012567581573
0.6999999999999997 0.8806016807696017
0.6499999999999997 0.8679415410187593
0.5999999999999996 0.8538130847627671
0.5499999999999996 0.8381269760154867
0.4999999999999996 0.8208193505875783
0.4499999999999996 0.8018607954666938
0.39999999999999963 0.7812672551413369
0.34999999999999964 0.7591063169935771
0.29999999999999966 0.735491463997128
0.24999999999999967 0.7105595964386473
0.19999999999999968 0.6844407289715407
0.1499999999999997 0.6572376778466277
0.09999999999999969 0.6290112780547725
0.049999999999999684 0.5997611718727667
-3.191891195797325e-16 0.5694274186423546
-0.05000000000000032 0.5379305682845673
-0.10000000000000032 0.5052010292518541
-0.15000000000000033 0.4711534340830497
-0.20000000000000034 0.4356534362522626
-0.25000000000000033 0.39851833154506405
-0.3000000000000003 0.3595216532027568
-0.3500000000000003 0.31836331949014685
-0.4000000000000003 0.2747514025122434
-0.4500000000000003 0.2284132347280718
-0.5000000000000003 0.17895081330697896
-0.5500000000000004 0.12579601881586466
-0.6000000000000004 0.06817907731989434
-0.6500000000000005 0.005038663734988903
-0.7000000000000005 -0.06515635189104593
-0.7500000000000006 -0.14474072379751962
-0.8000000000000006 -0.23736427959400072
-0.8500000000000006 -0.34806156940540733
-0.9000000000000007 -0.47977358045926044
-0.9500000000000007 -0.6228660153267703
-1.0000000000000007 -0.7533338947069371
-1.0500000000000007 -0.8488060378452076
-1.1000000000000008 -0.9061209857812617
-1.1500000000000008 -0.9363164655438128
-1.2000000000000008 -0.951089446394438
-1.2500000000000009 -0.9582839237426604
-1.300000000000001 -0.9616661073842399
-1.350000000000001 -0.9636091822102559
-1.400000000000001 -0.9647664123745426
-1.450000000000001 -0.9655019106229562
-1.500000000000001 -0.9663489060271196
-1.5500000000000012 -0.9673530903828166
-1.6000000000000012 -0.9685687646069957
-1.6500000000000012 -0.9698975023318648
-1.7000000000000013 -0.9712905500654025
-1.7500000000000013 -0.9727241125293045
-1.8000000000000014 -0.9741461982070977
-1.8500000000000014 -0.9755400918388851
-1.9000000000000015 -0.9768802398022572
-1.9500000000000015 -0.978147994579572
-2.0000000000000013 -0.9793364210855044
-2.050000000000001 -0.9804465545102501
-2.100000000000001 -0.9814801368744425
-2.150000000000001 -0.9824401221403779
-2.2000000000000006 -0.9833304456203809
-2.2500000000000004 -0.9841562313320666
-2.3000000000000003 -0.9849225637234598
-2.35 -0.9856345085998589
-2.4 -0.9862967767670126
-2.4499999999999997 -0.9869136462920065
-2.4999999999999996 -0.9874890380188093
-2.5499999999999994 -0.9880267008644782
-2.599999999999999 -0.9885298287426573
-2.649999999999999 -0.9890013289815535
-2.699999999999999 -0.9894437640671493
-2.7499999999999987 -0.989859691907353
-2.7999999999999985 -0.9902511548386971
-2.8499999999999983 -0.9906200334589857
-2.899999999999998 -0.9909680138897059
-2.949999999999998 -0.9912966631172534
-2.999999999999998 -0.9916075633467479
-2.949999999999998 -0.9915827706882352
-2.899999999999998 -0.9914061028032433
-2.8499999999999983 -0.9911526708190755
-2.7999999999999985 -0.9908549228672991
-2.7499999999999987 -0.9905262432280285
-2.699999999999999 -0.9901722552930897
-2.649999999999999 -0.9897947007258906
-2.599999999999999 -0.9893934827043407
-2.5499999999999994 -0.9889674319086441
-2.4999999999999996 -0.9885150747320685
-2.4499999999999997 -0.9880345384975779
-2.4 -0.9875236476448157
-2.35 -0.986979825647681
-2.3000000000000003 -0.9864001861509828
-2.2500000000000004 -0.9857817267706999
-2.2000000000000006 -0.9851209605098074
-2.150000000000001 -0.984414067030467
-2.100000000000001 -0.9836566030043443
-2.050000000000001 -0.982843877564638
-2.0000000000000013 -0.9819705504127222
-1.9500000000000013 -0.9810305263379361
-1.9000000000000012 -0.9800170445766434
-1.8500000000000012 -0.9789225643526362
-1.8000000000000012 -0.9777384316564166
-1.750000000000001 -0.9764549471063748
-1.700000000000001 -0.9750611914614998
-1.650000000000001 -0.9735445193139737
-1.600000000000001 -0.9718908572535448
-1.550000000000001 -0.9700838493941057
-1.5000000000000009 -0.9681050168874353
-1.4500000000000008 -0.9659330949164109
-1.4000000000000008 -0.9635437126142016
-1.3500000000000008 -0.9609088692322216
-1.3000000000000007 -0.9579962687749132
-1.2500000000000007 -0.9547687680800416
-1.2000000000000006 -0.9511836753190801
-1.1500000000000006 -0.947191620696244
-1.1000000000000005 -0.9427359938042897
-1.0500000000000005 -0.9377519528819522
-1.0000000000000004 -0.9321653075969604
-0.9500000000000004 -0.9258919994048496
-0.9000000000000004 -0.9188376907477791
-0.8500000000000003 -0.9108979543055623
-0.8000000000000003 -0.9019592421135431
-0.7500000000000002 -0.8919012857229035
-0.7000000000000002 -0.880601706428515
-0.6500000000000001 -0.8679415656316921
-0.6000000000000001 -0.8538131058501089
-0.55 -0.8381269926753858
-0.5 -0.8208193603398714
-0.45 -0.8018607994151349
-0.4 -0.7812672519155696
-0.35000000000000003 -0.7591063175274028
-0.30000000000000004 -0.7354914770076855
-0.25000000000000006 -0.71055962514111
-0.20000000000000007 -0.684440774252142
-0.15000000000000008 -0.6572377364658643
-0.10000000000000007 -0.6290113378069356
-0.05000000000000007 -0.5997612411707051
-6.938893903907228e-17 -0.5694275621170193
0.04999999999999993 -0.5379308493751169
0.09999999999999994 -0.5052014001865234
0.14999999999999994 -0.4711538593872659
0.19999999999999996 -0.4356542533567862
0.24999999999999994 -0.39852223304779866
0.29999999999999993 -0.3595472577076294
0.3499999999999999 -0.31848136415962597
0.3999999999999999 -0.27503922696712363
0.4499999999999999 -0.22887110763594573
0.4999999999999999 -0.17954003927405732
0.5499999999999999 -0.12648034184051232
0.6 -0.06893336263868187
0.65 -0.005846716377383383
0.7000000000000001 0.06430492197459722
0.7500000000000001 0.14385275704784573
0.8000000000000002 0.23644448381906585
0.8500000000000002 0.3471133791322959
0.9000000000000002 0.4787995673980102
0.9500000000000003 0.6218678783545868
1.0000000000000002 0.7523134581100359
1.0500000000000003 0.8477939375669933
1.1000000000000003 0.905363442940874
1.1500000000000004 0.9358514247107184
1.2000000000000004 0.9508056128029262
1.2500000000000004 0.9581042033683504
1.3000000000000005 0.9615481542683895
1.3500000000000005 0.9635309636856147
1.4000000000000006 0.9647166412539403
1.4500000000000006 0.9654720037855848
1.5000000000000007 0.9663337625064283
1.5500000000000007 0.96735649711347
1.6000000000000008 0.9685739020914499
1.6500000000000008 0.9699126957888862
1.7000000000000008 0.9713206387513859
1.7500000000000009 0.9727520693758526
1.800000000000001 0.9741696365779373
1.850000000000001 0.9755547202716643
1.900000000000001 0.9768860043022545
1.950000000000001 0.9781491485434334
2.000000000000001 0.9793366111856571
2.0500000000000007 0.9804465989661555
2.1000000000000005 0.9814801495727992
2.1500000000000004 0.982440124430137
2.2 0.9833304455257775
2.25 0.984156229951559
2.3 0.9849225630425346
2.3499999999999996 0.9856345082134217
2.3999999999999995 0.9862967765279506
2.4499999999999993 0.9869136461255382
2.499999999999999 0.987489037888703
2.549999999999999 0.9880267007524505
2.5999999999999988 0.988529828679856
2.6499999999999986 0.9890013288550706
2.6999999999999984 0.9894437639588668
2.7499999999999982 0.9898596918375052
2.799999999999998 0.9902511548065219
2.849999999999998 0.9906200334007685
2.8999999999999977 0.9909680138851893
2.9499999999999975 0.9912966631140373
2.9999999999999973 0.9916075633008878