
0 0.24803648310835766
0.05 0.28338150810898793
0.1 0.32018109059327265
0.15000000000000002 0.35876841795820946
0.2 0.39963931339319997
0.25 0.4435389361647432
0.3 0.49163480755690797
0.35 0.5458443219116296
0.39999999999999997 0.6083384626612233
0.44999999999999996 0.6799054324969949
0.49999999999999994 0.7564405577430954
0.5499999999999999 0.8251928041114482
0.6 0.8751270257931655
0.65 0.906759793962029
0.7000000000000001 0.925365112351639
0.7500000000000001 0.936518756429367
0.8000000000000002 0.9437446324907308
0.8500000000000002 0.9487581758303278
0.9000000000000002 0.9525251553720712
0.9500000000000003 0.9556263438016699
1.0000000000000002 0.9584237813048048
1.0500000000000003 0.9611004593329551
1.1000000000000003 0.9635844553259599
1.1500000000000004 0.9658977962846745
1.2000000000000004 0.9680584197295027
1.2500000000000004 0.9700565852950968
1.3000000000000005 0.9719069581191729
1.3500000000000005 0.9736311614550375
1.4000000000000006 0.9752355108830615
1.4500000000000006 0.9767133140132698
1.5000000000000007 0.9780692543092199
1.5500000000000007 0.9793149188044737
1.6000000000000008 0.9804606001780405
1.6500000000000008 0.9815152488762365
1.7000000000000008 0.9824877032397558
1.7500000000000009 0.9833844540036719
1.800000000000001 0.984212941170734
1.850000000000001 0.984979762849581
1.900000000000001 0.9856909510604375
1.950000000000001 0.9863517707832223
2.000000000000001 0.9869668539285209
2.0500000000000007 0.9875403007168371
2.1000000000000005 0.9880760169783455
2.1500000000000004 0.9885772651540675
2.2 0.9890469622011342
2.25 0.9894876830618636
2.3 0.9899019677531263
2.3499999999999996 0.9902918751027612
2.3999999999999995 0.9906592924684019
2.4499999999999993 0.9910059074303418
2.499999999999999 0.9913332873665119
2.549999999999999 0.9916429959351022
2.5999999999999988 0.9916168930821414
2.6499999999999986 0.9914395312704627
2.6999999999999984 0.9911859189141624
2.7499999999999982 0.9908884516409443
2.799999999999998 0.9905603193910306
2.849999999999998 0.9902070138215987
2.8999999999999977 0.9898302349731086
2.9499999999999975 0.9894298687853889
2.9999999999999973 0.9890047099826295
2.9499999999999975 0.9885533362449129
2.8999999999999977 0.9880738223722149
2.849999999999998 0.9875639299509688
2.799999999999998 0.9870211431856292
2.7499999999999982 0.9864425627775328
2.6999999999999984 0.985825202040398
2.6499999999999986 0.985165569662344
2.5999999999999988 0.9844598026679983
2.549999999999999 0.9837034847988575
2.499999999999999 0.9828919635619127
2.4499999999999993 0.9820198338506
2.3999999999999995 0.9810810462680901
2.3499999999999996 0.9800688284608244
2.3 0.9789756167865947
2.25 0.9777928092547086
2.2 0.9765106910115312
2.1500000000000004 0.9751183108324183
2.1000000000000005 0.973603097427647
2.0500000000000007 0.9719509285470139
2.000000000000001 0.9701455009692833
1.9500000000000008 0.9681683401679174
1.9000000000000008 0.9659982276678969
1.8500000000000008 0.9636106560011781
1.8000000000000007 0.9609777071507196
1.7500000000000007 0.9580671154854435
1.7000000000000006 0.9548415745801043
1.6500000000000006 0.951258153869927
1.6000000000000005 0.9472673264321407
1.5500000000000005 0.9428119961751409
1.5000000000000004 0.9378264848359246
1.4500000000000004 0.9322354225485535
1.4000000000000004 0.9259531131616658
1.3500000000000003 0.9188826161329156
1.3000000000000003 0.9109159470428468
1.2500000000000002 0.9019349530669885
1.2000000000000002 0.8918139743891128
1.1500000000000001 0.8804249845308826
1.1 0.8676461463744553
1.05 0.8533731281583077
1.0 0.8375305601986429
0.95 0.8200793572198619
0.8999999999999999 0.8010187293745553
0.8499999999999999 0.7803844626084963
0.7999999999999998 0.7582439800361299
0.7499999999999998 0.7346765244057635
0.6999999999999997 0.7097431249050438
0.6499999999999997 0.6835213239816925
0.5999999999999996 0.656124515483621
0.5499999999999996 0.6276274484673174
0.4999999999999996 0.5980586559577348
0.4499999999999996 0.5674164207139861
0.39999999999999963 0.5356686733939117
0.34999999999999964 0.5027486605167467
0.29999999999999966 0.4685439055852405
0.24999999999999967 0.43290075943606005
0.19999999999999968 0.3956321980641163
0.1499999999999997 0.35652643484054747
0.09999999999999969 0.31533418543648084
0.049999999999999684 0.2717678123489899
-3.191891195797325e-16 0.22547395310907
-0.05000000000000032 0.17601052644448503
-0.10000000000000032 0.12280427618447375
-0.15000000000000033 0.06508415562704038
-0.20000000000000034 0.0017759768760468168
-0.25000000000000033 -0.06868971495125098
-0.3000000000000003 -0.14874462894139714
-0.3500000000000003 -0.242320029145906
-0.4000000000000003 -0.35446413803590904
-0.4500000000000003 -0.4870372381894064
-0.5000000000000003 -0.6300465786053832
-0.5500000000000004 -0.7588647316930242
-0.6000000000000004 -0.8522875655800084
-0.6500000000000005 -0.9084424769462232
-0.7000000000000005 -0.9374984891805543
-0.7500000000000006 -0.9516430410547515
-0.8000000000000006 -0.9583878182211708
-0.8500000000000006 -0.9615339337306495
-0.9000000000000007 -0.9628864622281684
-0.9500000000000007 -0.9637122584895252
-1.0000000000000007 -0.9646904730134044
-1.0500000000000007 -0.965888366370931
-1.1000000000000008 -0.9671868916045755
-1.1500000000000008 -0.9685100124051627
-1.2000000000000008 -0.9699067925810451
-1.2500000000000009 -0.971328433541131
-1.300000000000001 -0.9727700172495686
-1.350000000000001 -0.9742088783299424
-1.400000000000001 -0.975603997876324
-1.450000000000001 -0.9769462011862757
-1.500000000000001 -0.978212721743228
-1.5500000000000012 -0.9793997757943449
-1.6000000000000012 -0.9805083874847179
-1.6500000000000012 -0.9815399273823364
-1.7000000000000013 -0.9825077338084647
-1.7500000000000013 -0.9833989083488893
-1.8000000000000014 -0.9842221320281475
-1.8500000000000014 -0.9849853496149078
-1.9000000000000015 -0.9856942786227046
-1.9500000000000015 -0.9863537268385996
-2.0000000000000013 -0.986967986218427
-2.050000000000001 -0.9875409528647738
-2.100000000000001 -0.9880763889060289
-2.150000000000001 -0.9885774738493479
-2.2000000000000006 -0.9890470782341836
-2.2500000000000004 -0.9894877471734829
-2.3000000000000003 -0.9899020016284495
-2.35 -0.9902918926804107
-2.4 -0.9906593022331942
-2.4499999999999997 -0.9910059136238726
-2.4999999999999996 -0.9913332921514997
-2.5499999999999994 -0.9916429980882909
-2.599999999999999 -0.9916168942121774
-2.649999999999999 -0.9914395313477029
-2.699999999999999 -0.9911859170577815
-2.7499999999999987 -0.9908884500571107
-2.7999999999999985 -0.9905603172425156
-2.8499999999999983 -0.9902070115191538
-2.899999999999998 -0.9898302336168225
-2.949999999999998 -0.9894298674758683
-2.999999999999998 -0.989004708487352
-2.949999999999998 -0.9885533345977082
-2.899999999999998 -0.9880738221930498
-2.8499999999999983 -0.9875639292493519
-2.7999999999999985 -0.987021142063789
-2.7499999999999987 -0.9864425623118341
-2.699999999999999 -0.9858252029900395
-2.649999999999999 -0.985165569219149
-2.599999999999999 -0.9844598017973423
-2.5499999999999994 -0.9837034836271661
-2.4999999999999996 -0.9828919616591507
-2.4499999999999997 -0.9820198314919815
-2.4 -0.9810810443221107
-2.35 -0.9800688258930996
-2.3000000000000003 -0.9789756145107273
-2.2500000000000004 -0.977792807916125
-2.2000000000000006 -0.9765106900627798
-2.150000000000001 -0.9751183098502594
-2.100000000000001 -0.9736030948568135
-2.050000000000001 -0.9719509245369317
-2.0000000000000013 -0.9701454991486617
-1.9500000000000013 -0.9681683373184163
-1.9000000000000012 -0.9659982265737763
-1.8500000000000012 -0.9636106533455719
-1.8000000000000012 -0.9609777050105001
-1.750000000000001 -0.9580671162561274
-1.700000000000001 -0.9548415737830485
-1.650000000000001 -0.9512581520314146
-1.600000000000001 -0.9472673235788762
-1.550000000000001 -0.9428119917910666
-1.5000000000000009 -0.9378264815427265
-1.4500000000000008 -0.9322354203547484
-1.4000000000000008 -0.925953110281753
-1.3500000000000008 -0.9188826159872125
-1.3000000000000007 -0.9109159479252146
-1.2500000000000007 -0.901934957968726
-1.2000000000000006 -0.8918139794027665
-1.1500000000000006 -0.880424982602847
-1.1000000000000005 -0.8676461432403393
-1.0500000000000005 -0.8533731197362983
-1.0000000000000004 -0.8375305457745841
-0.9500000000000004 -0.8200793296191516
-0.9000000000000004 -0.8010186890313792
-0.8500000000000003 -0.780384407383901
-0.8000000000000003 -0.7582438882313278
-0.7500000000000002 -0.7346763022894118
-0.7000000000000002 -0.7097426717687091
-0.6500000000000001 -0.6835208255672243
-0.6000000000000001 -0.6561241777419897
-0.55 -0.6276272873908434
-0.5 -0.5980586163562205
-0.45 -0.5674164483301987
-0.4 -0.5356687337252606
-0.35000000000000003 -0.5027487296855853
-0.30000000000000004 -0.4685439756084704
-0.25000000000000006 -0.4329008286880681
-0.20000000000000007 -0.3956322682034712
-0.15000000000000008 -0.3565265080136629
-0.10000000000000007 -0.315334260258612
-0.05000000000000007 -0.2717678916394639
-6.938893903907228e-17 -0.2254740398243513
0.04999999999999993 -0.17601062370930584
0.09999999999999994 -0.12280438319448253
0.14999999999999994 -0.06508427406971039
0.19999999999999996 -0.0017761085456470046
0.24999999999999994 0.06868956550582161
0.29999999999999993 0.14874446051179321
0.3499999999999999 0.24231983502602863
0.3999999999999999 0.35446391248813336
0.4499999999999999 0.487036971315144
0.4999999999999999 0.6300462534942732
0.5499999999999999 0.7588643111925472
0.6 0.8522869795587084
0.65 0.908441553315183
0.7000000000000001 0.9374968554131888
0.7500000000000001 0.951640927215558
0.8000000000000002 0.9583843669836827
0.8500000000000002 0.9615304458604061
0.9000000000000002 0.9628831925340947
0.9500000000000003 0.9637090625839868
1.0000000000000002 0.964688177075388
1.0500000000000003 0.9658877087232
1.1000000000000003 0.9671876795325957
1.1500000000000004 0.9685121270377957
1.2000000000000004 0.9699098344255099
1.2500000000000004 0.971334846910373
1.3000000000000005 0.9727848264012254
1.3500000000000005 0.9742188156537432
1.4000000000000006 0.9756180085622483
1.4500000000000006 0.9769620868243536
1.5000000000000007 0.9782313990975176
1.5500000000000007 0.9794192961451065
1.6000000000000008 0.9805277201743758
1.6500000000000008 0.9815576461188262
1.7000000000000008 0.9825135307505174
1.7500000000000009 0.9834000751854006
1.800000000000001 0.9842223414986331
1.850000000000001 0.9849853840246882
1.900000000000001 0.9856942830488571
1.950000000000001 0.986353726721452
2.000000000000001 0.9869679857440479
2.0500000000000007 0.9875409525112627
2.1000000000000005 0.9880763885922709
2.1500000000000004 0.9885774736625096
2.2 0.9890470771386319
2.25 0.9894877467611461
2.3 0.989902001545401
2.3499999999999996 0.9902918926157878
2.3999999999999995 0.9906593021783209
2.4499999999999993 0.9910059135799121