
0 0.24803689419192765
0.05 0.2833816682470368
0.1 0.320180998916924
0.15000000000000002 0.35876812455087453
0.2 0.39963887433802514
0.25 0.44353840729055277
0.3 0.4916342255958558
0.35 0.5458437138347088
0.39999999999999997 0.6083381824389402
0.44999999999999996 0.6799053084828264
0.49999999999999994 0.756440125641691
0.5499999999999999 0.8251918786688983
0.6 0.875125326216749
0.65 0.9067586294978912
0.7000000000000001 0.9253639323777948
0.7500000000000001 0.936518065721433
0.8000000000000002 0.9437442556141962
0.8500000000000002 0.948757812275677
0.9000000000000002 0.9525243447757892
0.9500000000000003 0.9556256142172763
1.0000000000000002 0.9584230481777638
1.0500000000000003 0.9610996411392202
1.1000000000000003 0.9635836697383456
1.1500000000000004 0.9658971658996469
1.2000000000000004 0.9680577606297776
1.2500000000000004 0.9700558760600935
1.3000000000000005 0.9719062128258202
1.3500000000000005 0.9736301912739169
1.4000000000000006 0.9752346382130278
1.4500000000000006 0.9767126391788117
1.5000000000000007 0.9780686914087496
1.5500000000000007 0.9793144123730484
1.6000000000000008 0.9804601244248425
1.6500000000000008 0.9815147697901686
1.7000000000000008 0.9824872515852356
1.7500000000000009 0.9833840570288556
1.800000000000001 0.9842125733415116
1.850000000000001 0.9849794183360738
1.900000000000001 0.9856906263240012
1.950000000000001 0.9863514636318821
2.000000000000001 0.9869665622468131
2.0500000000000007 0.9875400229287036
2.1000000000000005 0.9880757522422983
2.1500000000000004 0.9885770130736382
2.2 0.9890467215821822
2.25 0.9894874523099096
2.3 0.9899017468053758
2.3499999999999996 0.9902916635213728
2.3999999999999995 0.990659089530568
2.4499999999999993 0.9910057120218084
2.499999999999999 0.9913330997480241
2.549999999999999 0.9916428162289005
2.5999999999999988 0.9916167126550007
2.6499999999999986 0.9914393457102187
2.6999999999999984 0.9911857273651041
2.7499999999999982 0.990888253415445
2.799999999999998 0.9905601135792348
2.849999999999998 0.9902068001628803
2.8999999999999977 0.9898300127485928
2.9499999999999975 0.9894296373609405
2.9999999999999973 0.9890044687917933
2.9499999999999975 0.9885530840958112
2.8999999999999977 0.9880735587587927
2.849999999999998 0.9875636537988607
2.799999999999998 0.9870208536733065
2.7499999999999982 0.986442261099972
2.6999999999999984 0.9858248855618479
2.6499999999999986 0.985165237035497
2.5999999999999988 0.9844594519838344
2.549999999999999 0.983703115188818
2.499999999999999 0.982891571967615
2.4499999999999993 0.9820194212543093
2.3999999999999995 0.9810806083379167
2.3499999999999996 0.980068364211417
2.3 0.978975123447386
2.25 0.9777922860996243
2.2 0.9765101323570063
2.1500000000000004 0.9751177129215345
2.1000000000000005 0.9736024603119613
2.0500000000000007 0.9719502433413855
2.000000000000001 0.9701447615295824
1.9500000000000008 0.9681675402351997
1.9000000000000008 0.9659973589948189
1.8500000000000008 0.9636097091355753
1.8000000000000007 0.9609766702877341
1.7500000000000007 0.9580659768561851
1.7000000000000006 0.9548403214099439
1.6500000000000006 0.9512567619866048
1.6000000000000005 0.9472657801313357
1.5500000000000005 0.9428102726432658
1.5000000000000004 0.9378245535857672
1.4500000000000004 0.932233263112638
1.4000000000000004 0.9259507020179232
1.3500000000000003 0.9188799236233145
1.3000000000000003 0.9109129394831849
1.2500000000000002 0.9019316182107157
1.2000000000000002 0.8918102981089816
1.1500000000000001 0.8804209719558852
1.1 0.8676418182926019
1.05 0.8533685428943154
1.0 0.8375259059160756
0.95 0.8200750230847734
0.8999999999999999 0.8010155641009404
0.8499999999999999 0.7803842796238805
0.7999999999999998 0.758251528411276
0.7499999999999998 0.7347097393932109
0.6999999999999997 0.7098536673656127
0.6499999999999997 0.6837624955006347
0.5999999999999996 0.6564951303759162
0.5499999999999996 0.6280965450058448
0.4999999999999996 0.5986003284714927
0.4499999999999996 0.568016593242828
0.39999999999999963 0.5363210398408551
0.34999999999999964 0.5034496142338306
0.29999999999999966 0.4692902278992938
0.24999999999999967 0.4336894611113824
0.19999999999999968 0.3964256525726369
0.1499999999999997 0.3570944012272431
0.09999999999999969 0.31565335326655275
0.049999999999999684 0.27193944733968395
-3.191891195797325e-16 0.22556779066644628
-0.05000000000000032 0.1760635617218015
-0.10000000000000032 0.12283561070070564
-0.15000000000000033 0.06510380797474566
-0.20000000000000034 0.0017893604241824759
-0.25000000000000033 -0.06867957571572769
-0.3000000000000003 -0.1487360047990198
-0.3500000000000003 -0.24231193051719138
-0.4000000000000003 -0.3544553481705432
-0.4500000000000003 -0.48702696112132116
-0.5000000000000003 -0.630035215225592
-0.5500000000000004 -0.7588547645010318
-0.6000000000000004 -0.8522810577671968
-0.6500000000000005 -0.9084391361803485
-0.7000000000000005 -0.9374966394945388
-0.7500000000000006 -0.9516420090138986
-0.8000000000000006 -0.958387433379907
-0.8500000000000006 -0.9615338393429909
-0.9000000000000007 -0.9628861134092671
-0.9500000000000007 -0.9637117819012482
-1.0000000000000007 -0.9646900438401643
-1.0500000000000007 -0.96588789915701
-1.1000000000000008 -0.967186292278552
-1.1500000000000008 -0.9685094055823351
-1.2000000000000008 -0.9699061715936925
-1.2500000000000009 -0.9713277566186026
-1.300000000000001 -0.9727694104089822
-1.350000000000001 -0.9742082497914252
-1.400000000000001 -0.9756033097722075
-1.450000000000001 -0.976945565198601
-1.500000000000001 -0.9782124804501063
-1.5500000000000012 -0.9793992806854284
-1.6000000000000012 -0.9805079747767634
-1.6500000000000012 -0.9815402052902842
-1.7000000000000013 -0.9825069277073539
-1.7500000000000013 -0.9833984117503302
-1.8000000000000014 -0.984221746924856
-1.8500000000000014 -0.9849850037310393
-1.9000000000000015 -0.9856939552519534
-1.9500000000000015 -0.9863534194496664
-2.0000000000000013 -0.986967695937748
-2.050000000000001 -0.9875406747715726
-2.100000000000001 -0.9880761237238515
-2.150000000000001 -0.9885772220041729
-2.2000000000000006 -0.9890468352077919
-2.2500000000000004 -0.9894875159710254
-2.3000000000000003 -0.9899017818104785
-2.35 -0.9902916816441059
-2.4 -0.9906590994866538
-2.4499999999999997 -0.9910057174069187
-2.4999999999999996 -0.9913331023180397
-2.5499999999999994 -0.9916428173877835
-2.599999999999999 -0.9916167129165085
-2.649999999999999 -0.9914393454693191
-2.699999999999999 -0.9911857255502607
-2.7499999999999987 -0.9908882520946547
-2.7999999999999985 -0.9905601121771883
-2.8499999999999983 -0.9902067985264359
-2.899999999999998 -0.9898300114149625
-2.949999999999998 -0.9894296358746397
-2.999999999999998 -0.9890044670221707
-2.949999999999998 -0.9885530825083555
-2.899999999999998 -0.9880735589337359
-2.8499999999999983 -0.9875636537378927
-2.7999999999999985 -0.9870208529047246
-2.7499999999999987 -0.986442260110837
-2.699999999999999 -0.9858248856069131
-2.649999999999999 -0.9851652364503068
-2.599999999999999 -0.9844594501179482
-2.5499999999999994 -0.9837031131405157
-2.4999999999999996 -0.9828915695124593
-2.4499999999999997 -0.9820194190037655
-2.4 -0.9810806064710209
-2.35 -0.9800683624603448
-2.3000000000000003 -0.9789751228127876
-2.2500000000000004 -0.9777922846853679
-2.2000000000000006 -0.9765101308855889
-2.150000000000001 -0.9751177121187247
-2.100000000000001 -0.9736024583271056
-2.050000000000001 -0.9719502409742552
-2.0000000000000013 -0.9701447599011545
-1.9500000000000013 -0.9681675374902584
-1.9000000000000012 -0.9659973584868741
-1.8500000000000012 -0.9636097080361758
-1.8000000000000012 -0.9609766665921365
-1.750000000000001 -0.9580659738814709
-1.700000000000001 -0.9548403183436941
-1.650000000000001 -0.9512567601332593
-1.600000000000001 -0.9472657777587996
-1.550000000000001 -0.9428102697304939
-1.5000000000000009 -0.9378245478752609
-1.4500000000000008 -0.9322332581680811
-1.4000000000000008 -0.9259506921754603
-1.3500000000000008 -0.9188799126554941
-1.3000000000000007 -0.9109129322972854
-1.2500000000000007 -0.9019316125383137
-1.2000000000000006 -0.8918102872087433
-1.1500000000000006 -0.880420958616729
-1.1000000000000005 -0.8676418035149372
-1.0500000000000005 -0.8533685283590917
-1.0000000000000004 -0.8375258913503821
-0.9500000000000004 -0.8200750062186304
-0.9000000000000004 -0.8010155467804663
-0.8500000000000003 -0.7803842644910675
-0.8000000000000003 -0.758251518333232
-0.7500000000000002 -0.7347097386356909
-0.7000000000000002 -0.7098536796090379
-0.6500000000000001 -0.6837625271633261
-0.6000000000000001 -0.6564951868422786
-0.55 -0.6280966252324008
-0.5 -0.5986004226514472
-0.45 -0.5680166923845652
-0.4 -0.536321137330362
-0.35000000000000003 -0.5034497040485748
-0.30000000000000004 -0.4692903097031544
-0.25000000000000006 -0.43368953718284814
-0.20000000000000007 -0.396425727983094
-0.15000000000000008 -0.3570944785684693
-0.10000000000000007 -0.3156534320749783
-0.05000000000000007 -0.2719395299906593
-6.938893903907228e-17 -0.2255678802587619
0.04999999999999993 -0.17606366048277672
0.09999999999999994 -0.1228357186055128
0.14999999999999994 -0.06510392770531566
0.19999999999999996 -0.0017894928538232104
0.24999999999999994 0.06867942593125516
0.29999999999999993 0.14873583525768544
0.3499999999999999 0.24231173555820576
0.3999999999999999 0.3544551222360817
0.4499999999999999 0.4870266939466111
0.4999999999999999 0.6300348903367866
0.5499999999999999 0.7588543459250269
0.6 0.8522804762127214
0.65 0.9084382279888792
0.7000000000000001 0.9374950470399273
0.7500000000000001 0.9516399130621732
0.8000000000000002 0.9583839652187335
0.8500000000000002 0.9615303401828179
0.9000000000000002 0.9628828226909237
0.9500000000000003 0.9637085931615427
1.0000000000000002 0.9646877644650547
1.0500000000000003 0.9658872559059156
1.1000000000000003 0.9671871069845043
1.1500000000000004 0.9685115428572784
1.2000000000000004 0.9699092217463968
1.2500000000000004 0.9713341419118126
1.3000000000000005 0.9727841463881705
1.3500000000000005 0.9742180704339943
1.4000000000000006 0.9756171924341975
1.4500000000000006 0.9769607216237027
1.5000000000000007 0.978230788998233
1.5500000000000007 0.9794186912412879
1.6000000000000008 0.980527208716189
1.6500000000000008 0.9815572028793248
1.7000000000000008 0.9825131158885456
1.7500000000000009 0.9833996896217798
1.800000000000001 0.9842219784166454
1.850000000000001 0.9849850423225319
1.900000000000001 0.9856939607278948
1.950000000000001 0.986353419645932
2.000000000000001 0.9869676946797129
2.0500000000000007 0.9875406740999663
2.1000000000000005 0.9880761232781574
2.1500000000000004 0.988577221785045
2.2 0.9890468350889619
2.25 0.989487515653632
2.3 0.9899017817698798
2.3499999999999996 0.9902916816016549
2.3999999999999995 0.9906590995265493
2.4499999999999993 0.9910057173970324