0 0.024846514740227938
0.05 0.035307353201892995
0.1 0.05443394814094688
0.15000000000000002 0.07983829415727223
0.2 0.10926723909252073
0.25 0.1408589515462012
0.3 0.17347035346806183
0.35 0.20653796266577795
0.39999999999999997 0.2399592912369832
0.44999999999999996 0.2738980002523414
0.49999999999999994 0.30868605322685966
0.5499999999999999 0.3446820007434192
0.6 0.38216584465828296
0.65 0.42162486372235647
0.7000000000000001 0.4639043982220826
0.7500000000000001 0.5103848781481188
0.8000000000000002 0.5633688161043782
0.8500000000000002 0.6245280942586353
0.9000000000000002 0.6940677220584458
0.9500000000000003 0.7649758075245732
1.0000000000000002 0.8277129318329762
1.0500000000000003 0.8747321930561597
1.1000000000000003 0.9050605044466016
1.1500000000000004 0.9231906114802118
1.2000000000000004 0.934613530177911
1.2500000000000004 0.9421674315920999
1.3000000000000005 0.9475846184877819
1.3500000000000005 0.9517009770523489
1.4000000000000006 0.9551628800471703
1.4500000000000006 0.958305800041065
1.5000000000000007 0.9611028649607832
1.5500000000000007 0.9635739157619825
1.6000000000000008 0.9658260003729467
1.6500000000000008 0.9679352621448647
1.7000000000000008 0.9699074734042362
1.7500000000000009 0.9717691258840173
1.800000000000001 0.9735033071827981
1.850000000000001 0.9751015779289579
1.900000000000001 0.9765644776112514
1.950000000000001 0.9779107143301423
2.000000000000001 0.9791511643828072
2.0500000000000007 0.9802943200597546
2.1000000000000005 0.9813482261544143
2.1500000000000004 0.9823206449913131
2.2 0.9832189036030686
2.25 0.9840498936001032
2.3 0.9848197992825409
2.3499999999999996 0.9855344221783725
2.3999999999999995 0.9861988784027717
2.4499999999999993 0.9868177177287573
2.499999999999999 0.9873950565510705
2.549999999999999 0.987934678952521
2.5999999999999988 0.98843980519731
2.6499999999999986 0.9889133125309553
2.6999999999999984 0.9893577506065084
2.7499999999999982 0.9897756938403671
2.799999999999998 0.9901691805347665
2.849999999999998 0.9905400886344887
2.8999999999999977 0.9908900669197391
2.9499999999999975 0.9912207216741608
2.9999999999999973 0.9915335690466951
2.9499999999999975 0.9915037394347576
2.8999999999999977 0.9913211401297529
2.849999999999998 0.9910623903525909
2.799999999999998 0.9907599568539551
2.7499999999999982 0.9904269771535008
2.6999999999999984 0.9900688851393264
2.6499999999999986 0.9896872053118929
2.5999999999999988 0.989281756356995
2.549999999999999 0.9888513194120526
2.499999999999999 0.988394431835855
2.4499999999999993 0.9879091770788617
2.3999999999999995 0.987393305198124
2.3499999999999996 0.9868442436498747
2.3 0.9862590917138534
2.25 0.9856348302938048
2.2 0.9849679886710038
2.1500000000000004 0.9842547050460871
2.1000000000000005 0.9834906121965681
2.0500000000000007 0.9826709117326652
2.000000000000001 0.981790357503368
1.9500000000000008 0.9808428342544805
1.9000000000000008 0.9798215851477552
1.8500000000000008 0.978719146133681
1.8000000000000007 0.9775269143105811
1.7500000000000007 0.976235301793417
1.7000000000000006 0.9748334840350854
1.6500000000000006 0.9733090159356507
1.6000000000000005 0.9716480005251029
1.5500000000000005 0.9698343554969896
1.5000000000000004 0.9678499873664905
1.4500000000000004 0.9656741948584244
1.4000000000000004 0.9632830089110042
1.3500000000000003 0.9606492290734031
1.3000000000000003 0.9577414107713039
1.2500000000000002 0.9545234628399707
1.2000000000000002 0.9509537769295733
1.1500000000000001 0.9469843417624431
1.1 0.9425596986259641
1.05 0.9376159073250975
1.0 0.9320793638982243
0.95 0.9258656391100911
0.8999999999999999 0.9188780422896177
0.8499999999999999 0.9110073629985573
0.7999999999999998 0.9021318880280146
0.7499999999999998 0.8921198893084613
0.6999999999999997 0.8808343959851459
0.6499999999999997 0.8681433888621469
0.5999999999999996 0.8539347835848572
0.5499999999999996 0.8381350174739124
0.4999999999999996 0.8207240631118587
0.4499999999999996 0.801739469497489
0.39999999999999963 0.7812658878475456
0.34999999999999964 0.7594135688328074
0.29999999999999966 0.736295806561111
0.24999999999999967 0.7120132888850578
0.19999999999999968 0.6866431298307979
0.1499999999999997 0.6602253904944748
0.09999999999999969 0.6327488050782939
0.049999999999999684 0.6041504628238937
-3.191891195797325e-16 0.5743433042400036
-0.05000000000000032 0.5432338214248997
-0.10000000000000032 0.5107413889858464
-0.15000000000000033 0.4768235087446194
-0.20000000000000034 0.4414062081319853
-0.25000000000000033 0.4043340363541984
-0.3000000000000003 0.3653949302926089
-0.3500000000000003 0.3243276135596181
-0.4000000000000003 0.2808277939609978
-0.4500000000000003 0.23452390474073706
-0.5000000000000003 0.18494882711267951
-0.5500000000000004 0.13149545085824763
-0.6000000000000004 0.07334379383774538
-0.6500000000000005 0.00933947643203866
-0.7000000000000005 -0.06222694078607503
-0.7500000000000006 -0.1440821951894578
-0.8000000000000006 -0.24086279890622248
-0.8500000000000006 -0.3571124720006136
-0.9000000000000007 -0.4934241628327044
-0.9500000000000007 -0.6363028695369664
-1.0000000000000007 -0.7623593130953786
-1.0500000000000007 -0.8529263818848919
-1.1000000000000008 -0.9063927579302152
-1.1500000000000008 -0.9341423199822466
-1.2000000000000008 -0.948521067644421
-1.2500000000000009 -0.9557287882633315
-1.300000000000001 -0.9591807586542513
-1.350000000000001 -0.9611358278699671
-1.400000000000001 -0.962762210456034
-1.450000000000001 -0.9641803920538616
-1.500000000000001 -0.9655508081921798
-1.5500000000000012 -0.9668476461203912
-1.6000000000000012 -0.9681714110059413
-1.6500000000000012 -0.9695981624024476
-1.7000000000000013 -0.9710616496225539
-1.7500000000000013 -0.97255852258565
-1.8000000000000014 -0.9740272513513998
-1.8500000000000014 -0.9754317552828711
-1.9000000000000015 -0.976770366671624
-1.9500000000000015 -0.9780370601614582
-2.0000000000000013 -0.9792369183361299
-2.050000000000001 -0.9803502470004289
-2.100000000000001 -0.9813834524403089
-2.150000000000001 -0.9823424318010671
-2.2000000000000006 -0.9832322001112462
-2.2500000000000004 -0.9840579135938567
-2.3000000000000003 -0.9848245966403031
-2.35 -0.9855372573115043
-2.4 -0.9862005399379367
-2.4499999999999997 -0.9868186777136084
-2.4999999999999996 -0.9873956057154506
-2.5499999999999994 -0.9879349884539121
-2.599999999999999 -0.9884399749316932
-2.649999999999999 -0.9889134027679322
-2.699999999999999 -0.9893577970308369
-2.7499999999999987 -0.9897757166231261
-2.7999999999999985 -0.9901691883861399
-2.8499999999999983 -0.9905400901268151
-2.899999999999998 -0.9908900648980827
-2.949999999999998 -0.9912207161857176
-2.999999999999998 -0.991533564271074
-2.949999999999998 -0.9915037361641614
-2.899999999999998 -0.9913211379957192
-2.8499999999999983 -0.9910623873809548
-2.7999999999999985 -0.9907599585608988
-2.7499999999999987 -0.9904269799047548
-2.699999999999999 -0.9900688854785491
-2.649999999999999 -0.9896872055138215
-2.599999999999999 -0.9892817575826829
-2.5499999999999994 -0.988851320162159
-2.4999999999999996 -0.9883944328909704
-2.4499999999999997 -0.9879091779629832
-2.4 -0.9873933024855868
-2.35 -0.9868442408417668
-2.3000000000000003 -0.9862590926817717
-2.2500000000000004 -0.9856348327989836
-2.2000000000000006 -0.9849679887001176
-2.150000000000001 -0.9842547052282264
-2.100000000000001 -0.9834906146557815
-2.050000000000001 -0.9826709128718168
-2.0000000000000013 -0.981790358176117
-1.9500000000000013 -0.9808428373366929
-1.9000000000000012 -0.9798215895812713
-1.8500000000000012 -0.9787191504393586
-1.8000000000000012 -0.9775269196885632
-1.750000000000001 -0.9762353065118352
-1.700000000000001 -0.9748334878626684
-1.650000000000001 -0.973309020641857
-1.600000000000001 -0.9716480038812124
-1.550000000000001 -0.9698343583266906
-1.5000000000000009 -0.9678499900321056
-1.4500000000000008 -0.9656741980902656
-1.4000000000000008 -0.9632830114003427
-1.3500000000000008 -0.9606492368687335
-1.3000000000000007 -0.957741413731798
-1.2500000000000007 -0.9545234655803971
-1.2000000000000006 -0.9509537821025471
-1.1500000000000006 -0.9469843472216686
-1.1000000000000005 -0.9425597098488557
-1.0500000000000005 -0.9376159145319065
-1.0000000000000004 -0.9320793712982559
-0.9500000000000004 -0.9258656438875692
-0.9000000000000004 -0.9188780505212955
-0.8500000000000003 -0.9110073758934982
-0.8000000000000003 -0.9021319076743326
-0.7500000000000002 -0.8921199044447682
-0.7000000000000002 -0.8808344265320548
-0.6500000000000001 -0.8681434292606222
-0.6000000000000001 -0.8539348267114353
-0.55 -0.8381350625199707
-0.5 -0.8207241169683688
-0.45 -0.8017395274503984
-0.4 -0.7812659458460253
-0.35000000000000003 -0.7594136316750357
-0.30000000000000004 -0.7362958752940147
-0.25000000000000006 -0.71201336018412
-0.20000000000000007 -0.6866432036009883
-0.15000000000000008 -0.6602254728132637
-0.10000000000000007 -0.6327489038303239
-0.05000000000000007 -0.6041505716241603
-6.938893903907228e-17 -0.5743434178091383
0.04999999999999993 -0.5432339333297738
0.09999999999999994 -0.5107414983081447
0.14999999999999994 -0.4768236191778978
0.19999999999999996 -0.4414063245289173
0.24999999999999994 -0.4043341620518337
0.29999999999999993 -0.3653950656053982
0.3499999999999999 -0.3243277643388853
0.3999999999999999 -0.2808279569267799
0.4499999999999999 -0.23452408757348048
0.4999999999999999 -0.1849490283742516
0.5499999999999999 -0.13149567125141529
0.6 -0.07334403461801989
0.65 -0.00933974329804585
0.7000000000000001 0.06222664400502713
0.7500000000000001 0.14408186300284198
0.8000000000000002 0.24086242466844857
0.8500000000000002 0.3571120395915876
0.9000000000000002 0.49342365391599097
0.9500000000000003 0.6363022544856585
1.0000000000000002 0.7623585252777596
1.0500000000000003 0.8529252937490096
1.1000000000000003 0.9063911291042146
1.1500000000000004 0.9341396538246671
1.2000000000000004 0.9485166350593691
1.2500000000000004 0.9557229427835467
1.3000000000000005 0.9591749430588906
1.3500000000000005 0.9611300954039573
1.4000000000000006 0.9627574664090801
1.4500000000000006 0.964178856398003
1.5000000000000007 0.965550463111653
1.5500000000000007 0.9668489040677379
1.6000000000000008 0.9681758508845367
1.6500000000000008 0.9696024229039706
1.7000000000000008 0.971069065149756
1.7500000000000009 0.972571818741429
1.800000000000001 0.9740310599058858
1.850000000000001 0.9754326600551396
1.900000000000001 0.9767710170494435
1.950000000000001 0.9780440629103593
2.000000000000001 0.9792383342347892
2.0500000000000007 0.9803505349824505
2.1000000000000005 0.981383502484082
2.1500000000000004 0.9823424391661371
2.2 0.9832321982782347
2.25 0.984057910189911
2.3 0.9848245947094295
2.3499999999999996 0.9855372562938416
2.3999999999999995 0.9862005393416138
2.4499999999999993 0.9868186774983766
2.499999999999999 0.987395605551125
2.549999999999999 0.9879349885070965
2.5999999999999988 0.9884399749054976
2.6499999999999986 0.9889134026392418
2.6999999999999984 0.9893577970450457
2.7499999999999982 0.9897757167090808
2.799999999999998 0.9901691883908784
2.849999999999998 0.990540090099422
2.8999999999999977 0.9908900648595607
2.9499999999999975 0.9912207161428613
2.9999999999999973 0.9915335642275606