0 -0.01730535416291414
0.05 -0.007609690057014078
0.1 0.012302671241570123
0.15000000000000002 0.039292027457641356
0.2 0.07008659304430656
0.25 0.1024357921483134
0.3 0.13535788542895325
0.35 0.16856383143677525
0.39999999999999997 0.20212232301359573
0.44999999999999996 0.23633030035660105
0.49999999999999994 0.2715052897346237
0.5499999999999999 0.30800463598612177
0.6 0.34630361981696794
0.65 0.3869952252186726
0.7000000000000001 0.43092417591525733
0.7500000000000001 0.47935375150903303
0.8000000000000002 0.5341533684045301
0.8500000000000002 0.5978304169605912
0.9000000000000002 0.6715776994282503
0.9500000000000003 0.7502354580494685
1.0000000000000002 0.8209162773460206
1.0500000000000003 0.8728613285231748
1.1000000000000003 0.9053433625511135
1.1500000000000004 0.9245598065147174
1.2000000000000004 0.9362260496593937
1.2500000000000004 0.9438730352951559
1.3000000000000005 0.9491973966645774
1.3500000000000005 0.9530981528226452
1.4000000000000006 0.9562213562945816
1.4500000000000006 0.958952037621827
1.5000000000000007 0.9614666203465683
1.5500000000000007 0.963764606372848
1.6000000000000008 0.9659345316461615
1.6500000000000008 0.9679875914113747
1.7000000000000008 0.9699100728344018
1.7500000000000009 0.9717166535589384
1.800000000000001 0.9734023748923962
1.850000000000001 0.9749656675977513
1.900000000000001 0.9764164284175831
1.950000000000001 0.9777567359342592
2.000000000000001 0.9789958059528067
2.0500000000000007 0.9801378759206286
2.1000000000000005 0.9811901016086099
2.1500000000000004 0.9821613545911742
2.2 0.9830591232067885
2.25 0.9838901774881929
2.3 0.9846606279631578
2.3499999999999996 0.98537618711063
2.3999999999999995 0.9860418929996272
2.4499999999999993 0.9866622646240892
2.499999999999999 0.9872413352191117
2.549999999999999 0.9877828689160552
2.5999999999999988 0.9882900524668923
2.6499999999999986 0.9887657253820996
2.6999999999999984 0.9892124523224712
2.7499999999999982 0.9896327279333312
2.799999999999998 0.9900286132741002
2.849999999999998 0.990401945563724
2.8999999999999977 0.9907543908926177
2.9499999999999975 0.9910874872460198
2.9999999999999973 0.9914028007503352
2.9499999999999975 0.9913765819647458
2.8999999999999977 0.9911961994373234
2.849999999999998 0.9909382006664874
2.799999999999998 0.990635602210821
2.7499999999999982 0.9903019550772861
2.6999999999999984 0.989942947933046
2.6499999999999986 0.9895603169351719
2.5999999999999988 0.9891540019630441
2.549999999999999 0.9887228355238051
2.499999999999999 0.988265418538366
2.4499999999999993 0.9877798888452768
2.3999999999999995 0.9872640373604177
2.3499999999999996 0.9867153882536662
2.3 0.986131059651935
2.25 0.9855081220117812
2.2 0.9848431888486189
2.1500000000000004 0.9841324968625678
2.1000000000000005 0.9833717358754411
2.0500000000000007 0.9825563251438817
2.000000000000001 0.9816810356182191
1.9500000000000008 0.9807399809485776
1.9000000000000008 0.9797266139345526
1.8500000000000008 0.9786336588303584
1.8000000000000007 0.977452726477164
1.7500000000000007 0.9761744812685249
1.7000000000000006 0.9747884498483405
1.6500000000000006 0.9732824874355288
1.6000000000000005 0.9716431273817451
1.5500000000000005 0.9698547361981358
1.5000000000000004 0.9678996809398539
1.4500000000000004 0.9657577745982615
1.4000000000000004 0.9634057675293837
1.3500000000000003 0.9608170996931518
1.3000000000000003 0.957961093831257
1.2500000000000002 0.9548024877742467
1.2000000000000002 0.9513006188091992
1.1500000000000001 0.9474085246588543
1.1 0.9430721160829821
1.05 0.9382290493983569
1.0 0.9328075388370918
0.95 0.9267257397436981
0.8999999999999999 0.9198907233086325
0.8499999999999999 0.9121981226341114
0.7999999999999998 0.9035327948996206
0.7499999999999998 0.89377120394536
0.6999999999999997 0.8827863224651431
0.6499999999999997 0.8704558412424885
0.5999999999999996 0.8566738670893799
0.5499999999999996 0.8413631904526888
0.4999999999999996 0.8244859181698033
0.4499999999999996 0.8060482768338856
0.39999999999999963 0.7860978141245087
0.34999999999999964 0.7647153964194852
0.29999999999999966 0.7420053963177708
0.24999999999999967 0.7180799869796705
0.19999999999999968 0.6930365655243155
0.1499999999999997 0.6669373212628873
0.09999999999999969 0.6398014529436463
0.049999999999999684 0.6116128615611526
-3.191891195797325e-16 0.5823331669866351
-0.05000000000000032 0.5518897146461442
-0.10000000000000032 0.5201684687307986
-0.15000000000000033 0.4870354866103282
-0.20000000000000034 0.45234870890556467
-0.25000000000000033 0.4159412372880264
-0.3000000000000003 0.37761243867869215
-0.3500000000000003 0.33711493747664256
-0.4000000000000003 0.29415751818666397
-0.4500000000000003 0.24837802743012816
-0.5000000000000003 0.1993216997725988
-0.5500000000000004 0.14639752661937772
-0.6000000000000004 0.08881269767900102
-0.6500000000000005 0.025466280999265865
-0.7000000000000005 -0.04523683312626194
-0.7500000000000006 -0.1257318369887902
-0.8000000000000006 -0.21982908438308035
-0.8500000000000006 -0.33280659667314105
-0.9000000000000007 -0.4677731135046499
-0.9500000000000007 -0.6155599433791157
-1.0000000000000007 -0.7497528558549683
-1.0500000000000007 -0.8467927361510197
-1.1000000000000008 -0.9045040287425005
-1.1500000000000008 -0.9345479235911527
-1.2000000000000008 -0.9491249187570127
-1.2500000000000009 -0.9564905876193421
-1.300000000000001 -0.9602029817119374
-1.350000000000001 -0.9623428585025462
-1.400000000000001 -0.9637215800301449
-1.450000000000001 -0.9647744042766725
-1.500000000000001 -0.9658177167892283
-1.5500000000000012 -0.9669251648130066
-1.6000000000000012 -0.9682050071558685
-1.6500000000000012 -0.9695895306146838
-1.7000000000000013 -0.9710254668208066
-1.7500000000000013 -0.9724755262385449
-1.8000000000000014 -0.9739132645018304
-1.8500000000000014 -0.9753044043499804
-1.9000000000000015 -0.9766379131930543
-1.9500000000000015 -0.9778982974202601
-2.0000000000000013 -0.9790843981674375
-2.050000000000001 -0.9801916306061181
-2.100000000000001 -0.9812229766398303
-2.150000000000001 -0.9821810870792442
-2.2000000000000006 -0.9830702051738557
-2.2500000000000004 -0.9838968929709345
-2.3000000000000003 -0.9846642806751539
-2.35 -0.9853778293994331
-2.4 -0.9860423441965218
-2.4499999999999997 -0.9866632035448104
-2.4999999999999996 -0.9872419061168776
-2.5499999999999994 -0.9877831969010652
-2.599999999999999 -0.9882902326628635
-2.649999999999999 -0.9887658207254639
-2.699999999999999 -0.989212503052472
-2.7499999999999987 -0.9896327537667399
-2.7999999999999985 -0.9900286244683731
-2.8499999999999983 -0.9904019475134679
-2.899999999999998 -0.9907543896592611
-2.949999999999998 -0.9910874832610197
-2.999999999999998 -0.9914027962610749
-2.949999999999998 -0.9913765798248194
-2.899999999999998 -0.9911961986159867
-2.8499999999999983 -0.9909382005509357
-2.7999999999999985 -0.9906356030306246
-2.7499999999999987 -0.9903019557199811
-2.699999999999999 -0.989942946797515
-2.649999999999999 -0.9895603162716551
-2.599999999999999 -0.9891540027848198
-2.5499999999999994 -0.9887228378908602
-2.4999999999999996 -0.9882654197388968
-2.4499999999999997 -0.9877798902870331
-2.4 -0.987264038958977
-2.35 -0.9867153897025471
-2.3000000000000003 -0.9861310626361166
-2.2500000000000004 -0.9855081249847557
-2.2000000000000006 -0.9848431910707478
-2.150000000000001 -0.9841324985181599
-2.100000000000001 -0.9833717391975735
-2.050000000000001 -0.9825563290529737
-2.0000000000000013 -0.9816810386022935
-1.9500000000000013 -0.980739984584346
-1.9000000000000012 -0.9797266169267023
-1.8500000000000012 -0.9786336626664376
-1.8000000000000012 -0.9774527332145757
-1.750000000000001 -0.9761744868086932
-1.700000000000001 -0.9747884548050916
-1.650000000000001 -0.9732824928463147
-1.600000000000001 -0.9716431330917086
-1.550000000000001 -0.9698547443085874
-1.5000000000000009 -0.9678996898809668
-1.4500000000000008 -0.9657577839157439
-1.4000000000000008 -0.9634057775956321
-1.3500000000000008 -0.9608171106935152
-1.3000000000000007 -0.9579611073779426
-1.2500000000000007 -0.9548024987415844
-1.2000000000000006 -0.9513006321294354
-1.1500000000000006 -0.9474085371404362
-1.1000000000000005 -0.9430721317088462
-1.0500000000000005 -0.9382290675239366
-1.0000000000000004 -0.9328075597741553
-0.9500000000000004 -0.9267257622741663
-0.9000000000000004 -0.9198907471036272
-0.8500000000000003 -0.9121981487116041
-0.8000000000000003 -0.9035328212780132
-0.7500000000000002 -0.893771229901102
-0.7000000000000002 -0.8827863543734881
-0.6500000000000001 -0.8704558771043739
-0.6000000000000001 -0.8566739112000664
-0.55 -0.8413632402576189
-0.5 -0.8244859743418411
-0.45 -0.8060483400196872
-0.4 -0.7860978842976628
-0.35000000000000003 -0.7647154672643683
-0.30000000000000004 -0.7420054697816879
-0.25000000000000006 -0.7180800569574298
-0.20000000000000007 -0.6930366342820818
-0.15000000000000008 -0.6669373936740073
-0.10000000000000007 -0.6398015337095616
-0.05000000000000007 -0.6116129516763756
-6.938893903907228e-17 -0.5823332643011477
0.04999999999999993 -0.5518898237317105
0.09999999999999994 -0.5201685869792669
0.14999999999999994 -0.4870356162847196
0.19999999999999996 -0.4523488440569303
0.24999999999999994 -0.4159413810203252
0.29999999999999993 -0.37761259035939243
0.3499999999999999 -0.3371151003078816
0.3999999999999999 -0.29415769330105124
0.4499999999999999 -0.24837822005735838
0.4999999999999999 -0.1993219077986145
0.5499999999999999 -0.14639775353199258
0.6 -0.08881294940538087
0.65 -0.025466559782358195
0.7000000000000001 0.045236523648699074
0.7500000000000001 0.12573148563664588
0.8000000000000002 0.2198286875473175
0.8500000000000002 0.3328061380194792
0.9000000000000002 0.467772574636801
0.9500000000000003 0.615559292774494
1.0000000000000002 0.749752033802944
1.0500000000000003 0.8467915903515225
1.1000000000000003 0.9045023339879074
1.1500000000000004 0.9345452697791324
1.2000000000000004 0.9491206541790238
1.2500000000000004 0.9564847793865279
1.3000000000000005 0.9601963380934482
1.3500000000000005 0.9623366027102015
1.4000000000000006 0.96371746663533
1.4500000000000006 0.9647723685979044
1.5000000000000007 0.9658177164818541
1.5500000000000007 0.9669281767658602
1.6000000000000008 0.9682102745679385
1.6500000000000008 0.9695967525398014
1.7000000000000008 0.9710370213343082
1.7500000000000009 0.9724856626035053
1.800000000000001 0.9739228035384813
1.850000000000001 0.9753142419877123
1.900000000000001 0.9766448926679616
1.950000000000001 0.9779026457217638
2.000000000000001 0.9790857194245964
2.0500000000000007 0.9801920746843583
2.1000000000000005 0.9812234837319636
2.1500000000000004 0.9821812443145382
2.2 0.9830704130601071
2.25 0.9838970175529635
2.3 0.9846655437530181
2.3499999999999996 0.9853791745170181
2.3999999999999995 0.9860436551690991
2.4499999999999993 0.9866632837398736
2.499999999999999 0.9872419185029969
2.549999999999999 0.9877831995436783
2.5999999999999988 0.9882902327011195
2.6499999999999986 0.9887658202697099
2.6999999999999984 0.9892125028058296
2.7499999999999982 0.9896327535225641
2.799999999999998 0.9900286243394406
2.849999999999998 0.9904019474542984
2.8999999999999977 0.9907543896095148
2.9499999999999975 0.9910874832300075
2.9999999999999973 0.9914027962198491