0 0.004628510549766677
0.05 0.015464593323256991
0.1 0.0353710927463852
0.15000000000000002 0.06200854671412467
0.2 0.09242323219259373
0.25 0.12434691324623975
0.3 0.15670561403230313
0.35 0.18918740820018048
0.39999999999999997 0.22194932737465103
0.44999999999999996 0.25535550406060076
0.49999999999999994 0.28976224757655655
0.5499999999999999 0.32551357663768365
0.6 0.36300137331892685
0.65 0.4026949169554475
0.7000000000000001 0.44528870248332475
0.7500000000000001 0.491885510576764
0.8000000000000002 0.544237588781368
0.8500000000000002 0.6049071813616334
0.9000000000000002 0.6749937540250704
0.9500000000000003 0.7504013836504675
1.0000000000000002 0.8191623476745515
1.0500000000000003 0.8700330439351409
1.1000000000000003 0.9023246878943795
1.1500000000000004 0.9218809437361214
1.2000000000000004 0.9339599447403375
1.2500000000000004 0.9422622305803098
1.3000000000000005 0.9482610442712461
1.3500000000000005 0.9526826115348676
1.4000000000000006 0.9562081457265461
1.4500000000000006 0.9592009861942937
1.5000000000000007 0.961795406327889
1.5500000000000007 0.9641943634941726
1.6000000000000008 0.9664341011803085
1.6500000000000008 0.9685262206648826
1.7000000000000008 0.9704756596134484
1.7500000000000009 0.9722925207183666
1.800000000000001 0.9739855093228506
1.850000000000001 0.9755561354587347
1.900000000000001 0.9770046465013107
1.950000000000001 0.9783400481656986
2.000000000000001 0.9795702778688054
2.0500000000000007 0.9807031624710449
2.1000000000000005 0.9817465430312129
2.1500000000000004 0.9827081213845612
2.2 0.9835952936188191
2.25 0.9844151060104199
2.3 0.9851738667691137
2.3499999999999996 0.985877403650929
2.3999999999999995 0.9865309469546997
2.4499999999999993 0.9871390829520831
2.499999999999999 0.9877059284719435
2.549999999999999 0.9882353604205153
2.5999999999999988 0.9887306159561017
2.6499999999999986 0.9891945960847056
2.6999999999999984 0.9896298650056624
2.7499999999999982 0.9900389889524676
2.799999999999998 0.9904239880226113
2.849999999999998 0.9907867254559527
2.8999999999999977 0.9911288625392597
2.9499999999999975 0.9914519619621296
2.9999999999999973 0.9917575764185667
2.9499999999999975 0.9917331575022776
2.8999999999999977 0.9915593948480046
2.849999999999998 0.9913101125058469
2.799999999999998 0.9910172585870072
2.7499999999999982 0.9906939677978984
2.6999999999999984 0.9903457881067134
2.6499999999999986 0.9899744009375439
2.5999999999999988 0.9895796883291667
2.549999999999999 0.9891605100173486
2.499999999999999 0.9887153940955372
2.4499999999999993 0.9882424824684852
2.3999999999999995 0.9877396007438219
2.3499999999999996 0.9872041997260467
2.3 0.9866334475881205
2.25 0.9860243565360405
2.2 0.9853734816161746
2.1500000000000004 0.9846769907013202
2.1000000000000005 0.9839305051600998
2.0500000000000007 0.983129329511563
2.000000000000001 0.9822681695373832
1.9500000000000008 0.9813410011846441
1.9000000000000008 0.9803410289807252
1.8500000000000008 0.9792607954181051
1.8000000000000007 0.9780916181972453
1.7500000000000007 0.9768238532080592
1.7000000000000006 0.9754465843536895
1.6500000000000006 0.9739471120081385
1.6000000000000005 0.972311393141007
1.5500000000000005 0.9705230308958135
1.5000000000000004 0.9685634247731546
1.4500000000000004 0.9664111950143366
1.4000000000000004 0.9640417379275956
1.3500000000000003 0.9614267921932169
1.3000000000000003 0.9585336556171009
1.2500000000000002 0.955324581460621
1.2000000000000002 0.9517559951236213
1.1500000000000001 0.9477774749005498
1.1 0.9433308743417553
1.05 0.9383493640376046
1.0 0.9327559509006528
0.95 0.9264631522718717
0.8999999999999999 0.9193722002231801
0.8499999999999999 0.911373136030013
0.7999999999999998 0.9023459605253891
0.7499999999999998 0.8921631175515221
0.6999999999999997 0.8806943070986192
0.6499999999999997 0.8678142651389749
0.5999999999999996 0.8534125520461142
0.5499999999999996 0.8374057752171843
0.4999999999999996 0.8197478117969501
0.4499999999999996 0.8004362067408617
0.39999999999999963 0.7795111461042012
0.34999999999999964 0.7570482251104033
0.29999999999999966 0.7331453601529184
0.24999999999999967 0.7079140329540928
0.19999999999999968 0.6814799703011335
0.1499999999999997 0.6539762492110398
0.09999999999999969 0.6255084600038693
0.049999999999999684 0.5961169363764461
-3.191891195797325e-16 0.5657684672152191
-0.05000000000000032 0.5343728281797435
-0.10000000000000032 0.5018055761154597
-0.15000000000000033 0.4679213894582256
-0.20000000000000034 0.43256160735426963
-0.25000000000000033 0.3955505472017084
-0.3000000000000003 0.35669277907235625
-0.3500000000000003 0.3157557485300428
-0.4000000000000003 0.27246733978941706
-0.4500000000000003 0.22648968753374077
-0.5000000000000003 0.17739737601178815
-0.5500000000000004 0.12463727288730755
-0.6000000000000004 0.06746644649865563
-0.6500000000000005 0.0048525174263373706
-0.7000000000000005 -0.06470454646988079
-0.7500000000000006 -0.14351361452635822
-0.8000000000000006 -0.2352327510331079
-0.8500000000000006 -0.3447990956433382
-0.9000000000000007 -0.47466354670759886
-0.9500000000000007 -0.6165754848978885
-1.0000000000000007 -0.7463248189462989
-1.0500000000000007 -0.8410850058789299
-1.1000000000000008 -0.8983190456229172
-1.1500000000000008 -0.9297802822767821
-1.2000000000000008 -0.9470893059762343
-1.2500000000000009 -0.956581514999096
-1.300000000000001 -0.9612982425418395
-1.350000000000001 -0.9634514677936575
-1.400000000000001 -0.9647438327731362
-1.450000000000001 -0.9657389241299696
-1.500000000000001 -0.966742367668461
-1.5500000000000012 -0.967866424579265
-1.6000000000000012 -0.9690788256355581
-1.6500000000000012 -0.9703871814483068
-1.7000000000000013 -0.9717626434871862
-1.7500000000000013 -0.9731736594221666
-1.8000000000000014 -0.9745763971243528
-1.8500000000000014 -0.9759452063210404
-1.9000000000000015 -0.9772590373943907
-1.9500000000000015 -0.9785053237837192
-2.0000000000000013 -0.9796761407263008
-2.050000000000001 -0.9807699421991407
-2.100000000000001 -0.9817881376256727
-2.150000000000001 -0.9827337854878722
-2.2000000000000006 -0.983610968891032
-2.2500000000000004 -0.9844245760853461
-2.3000000000000003 -0.9851795395885379
-2.35 -0.9858807652851026
-2.4 -0.9865329166033795
-2.4499999999999997 -0.9871402222217036
-2.4999999999999996 -0.9877065820557395
-2.5499999999999994 -0.9882357289254006
-2.599999999999999 -0.9887308203422122
-2.649999999999999 -0.9891947061401751
-2.699999999999999 -0.9896299238451454
-2.7499999999999987 -0.9900390169937571
-2.7999999999999985 -0.9904239987227527
-2.8499999999999983 -0.990786728339088
-2.899999999999998 -0.9911288612033241
-2.949999999999998 -0.9914519578728431
-2.999999999999998 -0.9917575721002526
-2.949999999999998 -0.9917331572872833
-2.899999999999998 -0.9915593942241796
-2.8499999999999983 -0.9913101120930169
-2.7999999999999985 -0.9910172588869688
-2.7499999999999987 -0.9906939688437251
-2.699999999999999 -0.9903457895850647
-2.649999999999999 -0.9899744015756655
-2.599999999999999 -0.989579688356545
-2.5499999999999994 -0.9891605099877855
-2.4999999999999996 -0.9887153947848466
-2.4499999999999997 -0.9882424833864031
-2.4 -0.9877396021771595
-2.35 -0.9872042014972886
-2.3000000000000003 -0.9866334498459823
-2.2500000000000004 -0.9860243582561681
-2.2000000000000006 -0.9853734841420253
-2.150000000000001 -0.9846769942263418
-2.100000000000001 -0.9839305097798376
-2.050000000000001 -0.983129333750713
-2.0000000000000013 -0.9822681723485506
-1.9500000000000013 -0.9813410044414527
-1.9000000000000012 -0.9803410335969338
-1.8500000000000012 -0.9792607999526721
-1.8000000000000012 -0.9780916264177127
-1.750000000000001 -0.976823859537363
-1.700000000000001 -0.9754465916433082
-1.650000000000001 -0.9739471214684441
-1.600000000000001 -0.972311403085042
-1.550000000000001 -0.9705230412213844
-1.5000000000000009 -0.9685634347740494
-1.4500000000000008 -0.9664112084020607
-1.4000000000000008 -0.9640417505537967
-1.3500000000000008 -0.9614268106993934
-1.3000000000000007 -0.9585336755534907
-1.2500000000000007 -0.9553246052853196
-1.2000000000000006 -0.9517560234672302
-1.1500000000000006 -0.9477775055038915
-1.1000000000000005 -0.9433309078397888
-1.0500000000000005 -0.9383494007809966
-1.0000000000000004 -0.9327559906560823
-0.9500000000000004 -0.9264631967769026
-0.9000000000000004 -0.9193722549249339
-0.8500000000000003 -0.9113731993281822
-0.8000000000000003 -0.9023460248798759
-0.7500000000000002 -0.8921631876874078
-0.7000000000000002 -0.8806943858555591
-0.6500000000000001 -0.8678143507217875
-0.6000000000000001 -0.8534126404792887
-0.55 -0.8374058691785046
-0.5 -0.8197479180637932
-0.45 -0.8004363236112163
-0.4 -0.7795112698604467
-0.35000000000000003 -0.7570483601529582
-0.30000000000000004 -0.7331455073026188
-0.25000000000000006 -0.7079141838251468
-0.20000000000000007 -0.6814801231111489
-0.15000000000000008 -0.6539763966912182
-0.10000000000000007 -0.6255085979258644
-0.05000000000000007 -0.5961170681493149
-6.938893903907228e-17 -0.5657685947841508
0.04999999999999993 -0.5343729546040809
0.09999999999999994 -0.5018057060409274
0.14999999999999994 -0.4679215233062493
0.19999999999999996 -0.43256174820527066
0.24999999999999994 -0.39555069714172786
0.29999999999999993 -0.35669293844549493
0.3499999999999999 -0.3157559185912297
0.3999999999999999 -0.2724675222864034
0.4499999999999999 -0.22648988818299248
0.4999999999999999 -0.1773975925238831
0.5499999999999999 -0.12463751029936916
0.6 -0.06746670750944994
0.65 -0.004852804880720216
0.7000000000000001 0.0647042257561348
0.7500000000000001 0.1435132559498332
0.8000000000000002 0.2352323455882989
0.8500000000000002 0.34479862964007607
0.9000000000000002 0.4746630015262518
0.9500000000000003 0.6165748265276829
1.0000000000000002 0.7463239849576034
1.0500000000000003 0.8410838557217643
1.1000000000000003 0.8983172823987639
1.1500000000000004 0.9297774833406717
1.2000000000000004 0.9470846770299253
1.2500000000000004 0.9565750367728455
1.3000000000000005 0.9612913734898773
1.3500000000000005 0.9634450030757136
1.4000000000000006 0.9647391578544383
1.4500000000000006 0.9657365228640172
1.5000000000000007 0.9667419952858693
1.5500000000000007 0.967867939821416
1.6000000000000008 0.9690835197487714
1.6500000000000008 0.9703923775038469
1.7000000000000008 0.9717713964920147
1.7500000000000009 0.9731780764987239
1.800000000000001 0.9745783054912274
1.850000000000001 0.9759457617172583
1.900000000000001 0.9772591196182601
1.950000000000001 0.97850537325204
2.000000000000001 0.9796761524647584
2.0500000000000007 0.980769944194845
2.1000000000000005 0.981788137978614
2.1500000000000004 0.9827337854921663
2.2 0.9836109688849926
2.25 0.9844245760395697
2.3 0.9851795395798548
2.3499999999999996 0.9858807653328298
2.3999999999999995 0.9865329166707257
2.4499999999999993 0.9871402222194783
2.499999999999999 0.9877065819941907
2.549999999999999 0.9882357289010909
2.5999999999999988 0.9887308202635379
2.6499999999999986 0.9891947060541956
2.6999999999999984 0.9896299237725126
2.7499999999999982 0.9900390169273697
2.799999999999998 0.9904239986575668
2.849999999999998 0.990786728274095
2.8999999999999977 0.9911288611498412
2.9499999999999975 0.9914519578246044
2.9999999999999973 0.9917575720401497