0 0.04262248096072306
0.1 0.06882660651732281
0.2 0.11138343052173803
0.30000000000000004 0.16365357568739508
0.4 0.221325778990703
0.5 0.28325107963019164
0.6 0.34981020394558376
0.7 0.423893408356392
0.7999999999999999 0.511774848502851
0.8999999999999999 0.6132449799205594
0.9999999999999999 0.7230563694970223
1.0999999999999999 0.8174269313861756
1.2 0.8842831082439953
1.3 0.9255143710662865
1.4000000000000001 0.948412427654294
1.5000000000000002 0.9601459245987504
1.6000000000000003 0.9667471863417039
1.7000000000000004 0.9709022431524291
1.8000000000000005 0.9740426966539996
1.9000000000000006 0.9766922426576488
2.0000000000000004 0.9790049496757683
2.1000000000000005 0.9810647756625919
2.2000000000000006 0.9829055745419557
2.3000000000000007 0.9845152864995305
2.400000000000001 0.9859266984650382
2.500000000000001 0.9871634780709673
2.600000000000001 0.9882482204058789
2.700000000000001 0.9892017685675288
2.800000000000001 0.9900433649919166
2.9000000000000012 0.9907890772811424
3.0000000000000013 0.9914526068349803
2.9000000000000012 0.9913516789045321
2.800000000000001 0.9909261312180873
2.700000000000001 0.9903279664810927
2.600000000000001 0.9896098580257627
2.500000000000001 0.9887844003735937
2.400000000000001 0.9878461887557048
2.3000000000000007 0.9867821841430335
2.2000000000000006 0.985572988309703
2.1000000000000005 0.9841929867532883
2.0000000000000004 0.982611046263644
1.9000000000000004 0.9807869671349952
1.8000000000000003 0.9786711403897638
1.7000000000000002 0.9762011795613554
1.6 0.9732969455413877
1.5 0.9698568028325781
1.4 0.9657497611860368
1.2999999999999998 0.9608048943008217
1.1999999999999997 0.9547991529202616
1.0999999999999996 0.947439780979646
0.9999999999999997 0.938343999272419
0.8999999999999997 0.9270183708212566
0.7999999999999997 0.9128368967280536
0.6999999999999997 0.8950469502854146
0.5999999999999998 0.8727969645455456
0.4999999999999998 0.8452290707142297
0.3999999999999998 0.8116915262797566
0.2999999999999998 0.7719910563087876
0.19999999999999982 0.7263175016324848
0.09999999999999981 0.6750439216343715
-1.942890293094024e-16 0.6185800851004175
-0.1000000000000002 0.5570028738843991
-0.2000000000000002 0.489917134808119
-0.3000000000000002 0.4167895174353086
-0.40000000000000024 0.336740753032941
-0.5000000000000002 0.24803451828145476
-0.6000000000000002 0.14769443869854945
-0.7000000000000002 0.02736950150508457
-0.8000000000000002 -0.12576131005594787
-0.9000000000000001 -0.3083557683363023
-1.0000000000000002 -0.5156928445305028
-1.1000000000000003 -0.7032103425263322
-1.2000000000000004 -0.8396729203142883
-1.3000000000000005 -0.9191570378025966
-1.4000000000000006 -0.9563764029795088
-1.5000000000000007 -0.9705572291772718
-1.6000000000000008 -0.9749404132050861
-1.7000000000000008 -0.9762308770584893
-1.800000000000001 -0.9771242337941389
-1.900000000000001 -0.9781973488108676
-2.000000000000001 -0.9795069753603944
-2.100000000000001 -0.9809386520373307
-2.200000000000001 -0.9824001633496019
-2.300000000000001 -0.9837886170624611
-2.4000000000000012 -0.9850760440293433
-2.5000000000000013 -0.986245308909478
-2.6000000000000014 -0.9872936086277505
-2.7000000000000015 -0.9882281537598515
-2.8000000000000016 -0.9890662098723494
-2.9000000000000017 -0.9898140153437888
-3.0000000000000018 -0.9904766491473004
-2.9000000000000017 -0.9903752823187635
-2.8000000000000016 -0.9899494006949204
-2.7000000000000015 -0.9893509284132143
-2.6000000000000014 -0.9886327260285266
-2.5000000000000013 -0.9878071816472237
-2.4000000000000012 -0.9868688118207644
-2.300000000000001 -0.9858047088721661
-2.200000000000001 -0.9845953969591852
-2.100000000000001 -0.983215226466254
-2.000000000000001 -0.9816332992789245
-1.9000000000000008 -0.979808888983215
-1.8000000000000007 -0.9776928721393845
-1.7000000000000006 -0.9752225394667147
-1.6000000000000005 -0.972318022877311
-1.5000000000000004 -0.9688773468489972
-1.4000000000000004 -0.9647694829942388
-1.3000000000000003 -0.9598237097664425
-1.2000000000000002 -0.9538166255662645
-1.1 -0.9464552057722445
-1.0 -0.9373565452215691
-0.9 -0.9260266843252143
-0.8 -0.9118388907019653
-0.7000000000000001 -0.8940394452799489
-0.6000000000000001 -0.8717754804548257
-0.5000000000000001 -0.8441874813605174
-0.40000000000000013 -0.8106224110138002
-0.30000000000000016 -0.7708864651322368
-0.20000000000000015 -0.7251700084274414
-0.10000000000000014 -0.673848395101842
-1.3877787807814457e-16 -0.6173338659680482
0.09999999999999987 -0.5557056431629921
0.19999999999999987 -0.4885693635505789
0.2999999999999999 -0.4153903737357929
0.3999999999999999 -0.33528975708392106
0.4999999999999999 -0.2465328047463562
0.5999999999999999 -0.14614409968896394
0.6999999999999998 -0.025774356553184937
0.7999999999999998 0.12734227547512583
0.8999999999999998 0.30976284668711634
0.9999999999999998 0.5169177945483764
1.0999999999999999 0.7043046183762294
1.2 0.8405885911642531
1.3 0.9197332243274001
1.4000000000000001 0.9568245841024843
1.5000000000000002 0.9709120805990094
1.6000000000000003 0.9752162655815946
1.7000000000000004 0.9765000809769964
1.8000000000000005 0.9773019900237312
1.9000000000000006 0.9783240358368746
2.0000000000000004 0.9795926682497137
2.1000000000000005 0.9810038529045393
2.2000000000000006 0.9824446234723097
2.3000000000000007 0.9838344244804212
2.400000000000001 0.9851224520686341
2.500000000000001 0.9869940374358244
2.600000000000001 0.9882060138844457
2.700000000000001 0.98919684349673
2.800000000000001 0.9900454016922089
2.9000000000000012 0.9907909050087107
3.0000000000000013 0.991453304816674