0 -0.013138300701619093
0.05 0.0013968531855663607
0.1 0.025119426845219464
0.15000000000000002 0.05461840987842631
0.2 0.08669998949072209
0.25 0.11962453310877447
0.3 0.15269370847876265
0.35 0.18577607480539626
0.39999999999999997 0.21914100299715766
0.44999999999999996 0.2532299431756779
0.49999999999999994 0.28844092120034376
0.5499999999999999 0.32513169442967277
0.6 0.3637128963507717
0.65 0.40471708932000827
0.7000000000000001 0.44892918730823317
0.7500000000000001 0.4976566992793817
0.8000000000000002 0.5530439642419123
0.8500000000000002 0.6168405281246936
0.9000000000000002 0.6893595973500625
0.9500000000000003 0.7641310759186537
1.0000000000000002 0.8299771604349607
1.0500000000000003 0.8777841980146676
1.1000000000000003 0.9073440657690361
1.1500000000000004 0.924766088839452
1.2000000000000004 0.9355561827255372
1.2500000000000004 0.9426596300060291
1.3000000000000005 0.9478774214715364
1.3500000000000005 0.9520463785826399
1.4000000000000006 0.9555131288717412
1.4500000000000006 0.9585496928649527
1.5000000000000007 0.9612097013507381
1.5500000000000007 0.963678052268806
1.6000000000000008 0.9659942311035307
1.6500000000000008 0.9681462494075317
1.7000000000000008 0.9701287948795373
1.7500000000000009 0.9719521264077104
1.800000000000001 0.9736394020963217
1.850000000000001 0.9752059733646484
1.900000000000001 0.9766528588160444
1.950000000000001 0.9779860658811065
2.000000000000001 0.9792145998964996
2.0500000000000007 0.9803467843434318
2.1000000000000005 0.9813905884452288
2.1500000000000004 0.9823537931209549
2.2 0.9832437421769761
2.25 0.9840673086500814
2.3 0.9848306017121694
2.3499999999999996 0.9855393196007728
2.3999999999999995 0.9861985366429115
2.4499999999999993 0.9868127234117232
2.499999999999999 0.9873859943045024
2.549999999999999 0.9879220537278822
2.5999999999999988 0.9884240451459052
2.6499999999999986 0.9888948094580697
2.6999999999999984 0.9893368849719874
2.7499999999999982 0.9897527404692459
2.799999999999998 0.9901444451952137
2.849999999999998 0.9905137985761584
2.8999999999999977 0.9908624531583065
2.9499999999999975 0.9911919922832932
2.9999999999999973 0.9915039092334579
2.9499999999999975 0.9914739244771462
2.8999999999999977 0.9912915503886903
2.849999999999998 0.9910332740471635
2.799999999999998 0.9907315818067651
2.7499999999999982 0.9903996058625986
2.6999999999999984 0.9900426939794079
2.6499999999999986 0.9896624575899122
2.5999999999999988 0.9892586891775543
2.549999999999999 0.9888302406110112
2.499999999999999 0.9883756117287064
2.4499999999999993 0.9878929260582909
2.3999999999999995 0.9873800036523288
2.3499999999999996 0.9868342185631374
2.3 0.9862528129803555
2.25 0.985632769486095
2.2 0.9849706477916769
2.1500000000000004 0.9842627128440752
2.1000000000000005 0.9835045893363379
2.0500000000000007 0.9826915693527181
2.000000000000001 0.981818368641016
1.9500000000000008 0.9808791178708626
1.9000000000000008 0.9798670147206002
1.8500000000000008 0.9787747128309907
1.8000000000000007 0.9775936718767215
1.7500000000000007 0.9763143660426641
1.7000000000000006 0.9749259100731065
1.6500000000000006 0.9734160121635945
1.6000000000000005 0.9717707479838639
1.5500000000000005 0.9699740520182332
1.5000000000000004 0.9680076065676981
1.4500000000000004 0.9658505813857795
1.4000000000000004 0.9634788871436197
1.3500000000000003 0.9608649317341238
1.3000000000000003 0.9579766742676333
1.2500000000000002 0.954777575500167
1.2000000000000002 0.9512252726944499
1.1500000000000001 0.9472709862224004
1.1 0.9428586273925104
1.05 0.9379240183312862
1.0 0.9323937832587852
0.95 0.9261849677728954
0.8999999999999999 0.9192048933435272
0.8499999999999999 0.9113513258517526
0.7999999999999998 0.902513626084021
0.7499999999999998 0.8925747109190763
0.6999999999999997 0.8814139976242303
0.6499999999999997 0.8689115028100335
0.5999999999999996 0.8549517762154057
0.5499999999999996 0.8394301535958149
0.4999999999999996 0.8222599276865856
0.4499999999999996 0.8033829171658883
0.39999999999999963 0.7827859407099255
0.34999999999999964 0.760524658612737
0.29999999999999966 0.7367432236991946
0.24999999999999967 0.7116471495437359
0.19999999999999968 0.685427170083213
0.1499999999999997 0.6581881312975664
0.09999999999999969 0.6299086360147026
0.049999999999999684 0.6004946131061784
-3.191891195797325e-16 0.5699325499826581
-0.05000000000000032 0.5382584651873369
-0.10000000000000032 0.5054354844065475
-0.15000000000000033 0.4713359109172445
-0.20000000000000034 0.43578085413073653
-0.25000000000000033 0.39856347273262255
-0.3000000000000003 0.35945744762862103
-0.3500000000000003 0.3182005493899041
-0.4000000000000003 0.2744911926576808
-0.4500000000000003 0.22795792095922643
-0.5000000000000003 0.17813390895517386
-0.5500000000000004 0.12441058111959287
-0.6000000000000004 0.0659639014223416
-0.6500000000000005 0.0016340208190013567
-0.7000000000000005 -0.07029849571203026
-0.7500000000000006 -0.15258365555542822
-0.8000000000000006 -0.24977230312831772
-0.8500000000000006 -0.3662359572561679
-0.9000000000000007 -0.5025996789100516
-0.9500000000000007 -0.6464787827720156
-1.0000000000000007 -0.771344068704871
-1.0500000000000007 -0.8577980303953813
-1.1000000000000008 -0.9072509720899766
-1.1500000000000008 -0.9330536806587484
-1.2000000000000008 -0.9464690422284211
-1.2500000000000009 -0.9536010195273852
-1.300000000000001 -0.9578974501520089
-1.350000000000001 -0.9606603919150537
-1.400000000000001 -0.9625212386836123
-1.450000000000001 -0.9639254307745377
-1.500000000000001 -0.9651574429798445
-1.5500000000000012 -0.9665477472265619
-1.6000000000000012 -0.9680627481979588
-1.6500000000000012 -0.969597973148722
-1.7000000000000013 -0.9711518961599067
-1.7500000000000013 -0.9726540530934648
-1.8000000000000014 -0.9741086209784994
-1.8500000000000014 -0.9755095619614741
-1.9000000000000015 -0.9768477551863278
-1.9500000000000015 -0.9781133071584431
-2.0000000000000013 -0.9792960784165538
-2.050000000000001 -0.9803975525591538
-2.100000000000001 -0.981421546192047
-2.150000000000001 -0.982372250188496
-2.2000000000000006 -0.9832544093191685
-2.2500000000000004 -0.9840732015247984
-2.3000000000000003 -0.9848346253504727
-2.35 -0.9855418030072123
-2.4 -0.9862000016057257
-2.4499999999999997 -0.98681356982728
-2.4999999999999996 -0.987386479362031
-2.5499999999999994 -0.9879223226741664
-2.599999999999999 -0.9884241931543724
-2.649999999999999 -0.9888948902641492
-2.699999999999999 -0.9893369252275922
-2.7499999999999987 -0.9897527595901845
-2.7999999999999985 -0.9901444536205564
-2.8499999999999983 -0.9905137997718946
-2.899999999999998 -0.9908624508921281
-2.949999999999998 -0.9911919869427728
-2.999999999999998 -0.9915039035362921
-2.949999999999998 -0.9914739193206832
-2.899999999999998 -0.9912915476775777
-2.8499999999999983 -0.9910332730300893
-2.7999999999999985 -0.9907315810495613
-2.7499999999999987 -0.9903996049070927
-2.699999999999999 -0.9900426932136248
-2.649999999999999 -0.9896624573525544
-2.599999999999999 -0.9892586890456085
-2.5499999999999994 -0.9888302404400942
-2.4999999999999996 -0.9883756117384835
-2.4499999999999997 -0.9878929253803626
-2.4 -0.9873800033441165
-2.35 -0.9868342199260919
-2.3000000000000003 -0.9862528142447654
-2.2500000000000004 -0.985632770546343
-2.2000000000000006 -0.9849706490497192
-2.150000000000001 -0.9842627120992539
-2.100000000000001 -0.9835045904457819
-2.050000000000001 -0.9826915715129003
-2.0000000000000013 -0.9818183709008246
-1.9500000000000013 -0.980879120718428
-1.9000000000000012 -0.9798670176818556
-1.8500000000000012 -0.9787747162239735
-1.8000000000000012 -0.9775936753168996
-1.750000000000001 -0.9763143710760666
-1.700000000000001 -0.9749259119562814
-1.650000000000001 -0.973416013405111
-1.600000000000001 -0.9717707487924675
-1.550000000000001 -0.9699740592814542
-1.5000000000000009 -0.9680076119927475
-1.4500000000000008 -0.9658505860795378
-1.4000000000000008 -0.9634788923716245
-1.3500000000000008 -0.9608649393727232
-1.3000000000000007 -0.9579766804420885
-1.2500000000000007 -0.9547775832002963
-1.2000000000000006 -0.9512252797502068
-1.1500000000000006 -0.9472709904957562
-1.1000000000000005 -0.9428586351346957
-1.0500000000000005 -0.9379240316838439
-1.0000000000000004 -0.9323937968839733
-0.9500000000000004 -0.9261849880776725
-0.9000000000000004 -0.9192049167265383
-0.8500000000000003 -0.9113513524060629
-0.8000000000000003 -0.9025136528022449
-0.7500000000000002 -0.8925747377298682
-0.7000000000000002 -0.881414028168609
-0.6500000000000001 -0.8689115353466356
-0.6000000000000001 -0.8549518132103766
-0.55 -0.839430195222198
-0.5 -0.8222599700211229
-0.45 -0.8033829601121165
-0.4 -0.7827859774042133
-0.35000000000000003 -0.7605246853421057
-0.30000000000000004 -0.7367432471855692
-0.25000000000000006 -0.7116471899234273
-0.20000000000000007 -0.6854272769298592
-0.15000000000000008 -0.6581884385167919
-0.10000000000000007 -0.629909411697978
-0.05000000000000007 -0.6004958317469019
-6.938893903907228e-17 -0.5699338065620053
0.04999999999999993 -0.5382594881584082
0.09999999999999994 -0.5054362354181647
0.14999999999999994 -0.47133644890761917
0.19999999999999996 -0.43578124776159893
0.24999999999999994 -0.39856377952684113
0.29999999999999993 -0.35945770716673237
0.3499999999999999 -0.3182007842988451
0.3999999999999999 -0.2744914168683851
0.4499999999999999 -0.22795815041462936
0.4999999999999999 -0.17813414797755472
0.5499999999999999 -0.12441083572526698
0.6 -0.06596417786072357
0.65 -0.0016343252752017642
0.7000000000000001 0.07029815694820632
0.7500000000000001 0.15258327656658635
0.8000000000000002 0.24977187390456626
0.8500000000000002 0.36623546871600987
0.9000000000000002 0.5025991152195252
0.9500000000000003 0.6464780985015554
1.0000000000000002 0.7713431885055597
1.0500000000000003 0.857796802723411
1.1000000000000003 0.9072490965155802
1.1500000000000004 0.9330506567081763
1.2000000000000004 0.9464640297272097
1.2500000000000004 0.9535944189748025
1.3000000000000005 0.9578899016277463
1.3500000000000005 0.9606535764781887
1.4000000000000006 0.9625168831502303
1.4500000000000006 0.9639241810466771
1.5000000000000007 0.9651592506869303
1.5500000000000007 0.9665546334025561
1.6000000000000008 0.9680888719525316
1.6500000000000008 0.9696303787317432
1.7000000000000008 0.9711664220054831
1.7500000000000009 0.972659114129259
1.800000000000001 0.9741111982065279
1.850000000000001 0.9755114089562739
1.900000000000001 0.9768493597065456
1.950000000000001 0.9781137455547422
2.000000000000001 0.9792961702304517
2.0500000000000007 0.9803975708016749
2.1000000000000005 0.9814215500438719
2.1500000000000004 0.9823722513734516
2.2 0.9832544103882384
2.25 0.9840732059999909
2.3 0.9848346139527495
2.3499999999999996 0.9855418008035288
2.3999999999999995 0.9862000012167419
2.4499999999999993 0.9868135696894808
2.499999999999999 0.9873864793468015
2.549999999999999 0.9879223226993831
2.5999999999999988 0.9884241930432531
2.6499999999999986 0.9888948901744352
2.6999999999999984 0.9893369251475833
2.7499999999999982 0.9897527595070399
2.799999999999998 0.9901444534583071
2.849999999999998 0.9905137996684088
2.8999999999999977 0.9908624508114469
2.9499999999999975 0.9911919866999608
2.9999999999999973 0.991503903297751