0 0.048079442558201034
0.05 0.05719201337642983
0.1 0.07507095803062856
0.15000000000000002 0.09844513971884769
0.2 0.12463146318996134
0.25 0.15234417210116544
0.3 0.18117788049500727
0.35 0.21106781370784672
0.39999999999999997 0.24204432875047488
0.44999999999999996 0.2742133034673421
0.49999999999999994 0.30774857401734323
0.5499999999999999 0.3428383830855736
0.6 0.37973790855468625
0.65 0.41891561539503325
0.7000000000000001 0.4611332946707706
0.7500000000000001 0.5075895961895398
0.8000000000000002 0.5600301620684306
0.8500000000000002 0.620281932464503
0.9000000000000002 0.6889080137110838
0.9500000000000003 0.7611913675682096
1.0000000000000002 0.8261468719057331
1.0500000000000003 0.8743306856312805
1.1000000000000003 0.9052600473453546
1.1500000000000004 0.923621425087831
1.2000000000000004 0.9347024467611217
1.2500000000000004 0.9420776979330149
1.3000000000000005 0.947310036642016
1.3500000000000005 0.9514278448023739
1.4000000000000006 0.9549962415648648
1.4500000000000006 0.9582963893055719
1.5000000000000007 0.9610873476264399
1.5500000000000007 0.9635315600291169
1.6000000000000008 0.9657893291116303
1.6500000000000008 0.9678893660202323
1.7000000000000008 0.9698653775404648
1.7500000000000009 0.9717117459017451
1.800000000000001 0.9734278599948707
1.850000000000001 0.9750239893874616
1.900000000000001 0.9764964432737298
1.950000000000001 0.9778545157697407
2.000000000000001 0.9791109167868685
2.0500000000000007 0.980264501451832
2.1000000000000005 0.9813256857848048
2.1500000000000004 0.9823039447273538
2.2 0.9832070472734123
2.25 0.9840420737949308
2.3 0.9848153206781117
2.3499999999999996 0.9855327220353503
2.3999999999999995 0.9861995271222187
2.4499999999999993 0.9868203237701397
2.499999999999999 0.9873992389689608
2.549999999999999 0.9879401450523727
2.5999999999999988 0.9884463221870061
2.6499999999999986 0.9889207160780534
2.6999999999999984 0.98936587818491
2.7499999999999982 0.989784422252623
2.799999999999998 0.9901784229225292
2.849999999999998 0.9905497373952391
2.8999999999999977 0.9909000398297539
2.9499999999999975 0.9912309397064463
2.9999999999999973 0.9915439843714535
2.9499999999999975 0.9915150122438321
2.8999999999999977 0.9913331403586708
2.849999999999998 0.9910748405928904
2.799999999999998 0.9907726180372538
2.7499999999999982 0.9904397436462822
2.6999999999999984 0.9900816251771818
2.6499999999999986 0.989699864193681
2.5999999999999988 0.9892942572242541
2.549999999999999 0.9888635848927586
2.499999999999999 0.9884063691297929
2.4499999999999993 0.987920703995412
2.3999999999999995 0.9874043191932056
2.3499999999999996 0.9868546058760416
2.3 0.9862686857072304
2.25 0.9856435278463526
2.2 0.9849755603713418
2.1500000000000004 0.9842608162474854
2.1000000000000005 0.9834949945452821
2.0500000000000007 0.9826732930379378
2.000000000000001 0.9817902514456293
1.9500000000000008 0.9808397176245627
1.9000000000000008 0.9798148452253147
1.8500000000000008 0.9787080312784201
1.8000000000000007 0.9775105565790009
1.7500000000000007 0.9762125749768701
1.7000000000000006 0.9748030376625615
1.6500000000000006 0.9732691534878485
1.6000000000000005 0.9715967556900037
1.5500000000000005 0.969769403169693
1.5000000000000004 0.9677684602470934
1.4500000000000004 0.9655724427114712
1.4000000000000004 0.9631569086450501
1.3500000000000003 0.9604937257109
1.3000000000000003 0.9575506491288961
1.2500000000000002 0.9542904910855703
1.2000000000000002 0.9506706059091872
1.1500000000000001 0.9466421023471582
1.1 0.9421486912833362
1.05 0.9371262069037609
1.0 0.9315013448432207
0.95 0.925191127880091
0.8999999999999999 0.9181021179645977
0.8499999999999999 0.9101304631161994
0.7999999999999998 0.9011618891876143
0.7499999999999998 0.8910732004575548
0.6999999999999997 0.8797341953584732
0.6499999999999997 0.8670116168650146
0.5999999999999996 0.8527759888913725
0.5499999999999996 0.8369178413751994
0.4999999999999996 0.81936845829712
0.4499999999999996 0.8001167496653103
0.39999999999999963 0.779215424630257
0.34999999999999964 0.7567757851715512
0.29999999999999966 0.7329408691170495
0.24999999999999967 0.7078597290777897
0.19999999999999968 0.6816760713078738
0.1499999999999997 0.6544937704779279
0.09999999999999969 0.6263557579889817
0.049999999999999684 0.597256414766994
-3.191891195797325e-16 0.5671421510315806
-0.05000000000000032 0.5359144751079247
-0.10000000000000032 0.5034447829649147
-0.15000000000000033 0.4695861319403578
-0.20000000000000034 0.4341785826696096
-0.25000000000000033 0.3970437454630464
-0.3000000000000003 0.3579823601735317
-0.3500000000000003 0.3167551091939414
-0.4000000000000003 0.27307953500546567
-0.4500000000000003 0.22660171489137476
-0.5000000000000003 0.17687378281284752
-0.5500000000000004 0.12330914598216877
-0.6000000000000004 0.06511416969886524
-0.6500000000000005 0.001175725579436319
-0.7000000000000005 -0.07014314902314764
-0.7500000000000006 -0.15140319763872237
-0.8000000000000006 -0.2466659032768842
-0.8500000000000006 -0.36050948940429145
-0.9000000000000007 -0.4937745079675591
-0.9500000000000007 -0.6360400712661654
-1.0000000000000007 -0.7643490003727272
-1.0500000000000007 -0.8566210822115862
-1.1000000000000008 -0.9104303773788974
-1.1500000000000008 -0.937579230583914
-1.2000000000000008 -0.9500339621444455
-1.2500000000000009 -0.9557078270222155
-1.300000000000001 -0.9586809676234981
-1.350000000000001 -0.9608534498262582
-1.400000000000001 -0.962596078023203
-1.450000000000001 -0.9642460438600452
-1.500000000000001 -0.9655943889226942
-1.5500000000000012 -0.9668863307267059
-1.6000000000000012 -0.9682358213292224
-1.6500000000000012 -0.9696009936825246
-1.7000000000000013 -0.9710426847828418
-1.7500000000000013 -0.9725183753195022
-1.8000000000000014 -0.973970327965193
-1.8500000000000014 -0.9753750669716823
-1.9000000000000015 -0.9767246140082758
-1.9500000000000015 -0.978003233023959
-2.0000000000000013 -0.9792057900043051
-2.050000000000001 -0.9803244187295869
-2.100000000000001 -0.981363001952562
-2.150000000000001 -0.9823269475802776
-2.2000000000000006 -0.9832210732883149
-2.2500000000000004 -0.9840505319634599
-2.3000000000000003 -0.9848203787791198
-2.35 -0.985535719152858
-2.4 -0.9862012763792352
-2.4499999999999997 -0.9868213342065372
-2.4999999999999996 -0.987399819653691
-2.5499999999999994 -0.987940473487008
-2.599999999999999 -0.9884465025735344
-2.649999999999999 -0.9889208085633833
-2.699999999999999 -0.9893659266133964
-2.7499999999999987 -0.9897844445024334
-2.7999999999999985 -0.9901784319608734
-2.8499999999999983 -0.9905497399343527
-2.899999999999998 -0.9909000386200066
-2.949999999999998 -0.9912309375597659
-2.999999999999998 -0.9915439811707041
-2.949999999999998 -0.9915150081068324
-2.899999999999998 -0.9913331361380082
-2.8499999999999983 -0.9910748385507915
-2.7999999999999985 -0.9907726175720601
-2.7499999999999987 -0.9904397444533451
-2.699999999999999 -0.9900816264261254
-2.649999999999999 -0.9896998641976124
-2.599999999999999 -0.9892942596940582
-2.5499999999999994 -0.9888635851326418
-2.4999999999999996 -0.9884063681298174
-2.4499999999999997 -0.9879207038836202
-2.4 -0.987404321081349
-2.35 -0.9868546074285963
-2.3000000000000003 -0.9862686876755857
-2.2500000000000004 -0.9856435320071399
-2.2000000000000006 -0.9849755633023969
-2.150000000000001 -0.9842608178777582
-2.100000000000001 -0.9834949977545943
-2.050000000000001 -0.9826732949609578
-2.0000000000000013 -0.9817902530804338
-1.9500000000000013 -0.9808397197029135
-1.9000000000000012 -0.9798148488846126
-1.8500000000000012 -0.9787080345426373
-1.8000000000000012 -0.9775105615466544
-1.750000000000001 -0.9762125804544324
-1.700000000000001 -0.9748030429794088
-1.650000000000001 -0.9732691593363326
-1.600000000000001 -0.971596759650642
-1.550000000000001 -0.9697694090944793
-1.5000000000000009 -0.9677684666796028
-1.4500000000000008 -0.9655724493707714
-1.4000000000000008 -0.9631569160217245
-1.3500000000000008 -0.9604937419429118
-1.3000000000000007 -0.9575506640393089
-1.2500000000000007 -0.9542905060565745
-1.2000000000000006 -0.9506706207883916
-1.1500000000000006 -0.9466421171889122
-1.1000000000000005 -0.9421487126828804
-1.0500000000000005 -0.9371262291248813
-1.0000000000000004 -0.9315013682150287
-0.9500000000000004 -0.9251911540242196
-0.9000000000000004 -0.9181021433006142
-0.8500000000000003 -0.9101304889487595
-0.8000000000000003 -0.9011619181004744
-0.7500000000000002 -0.8910732343617623
-0.7000000000000002 -0.8797342297760024
-0.6500000000000001 -0.8670116532785073
-0.6000000000000001 -0.8527760276428795
-0.55 -0.8369178849182827
-0.5 -0.8193685081965617
-0.45 -0.8001168043203644
-0.4 -0.7792154915096662
-0.35000000000000003 -0.7567758617698783
-0.30000000000000004 -0.7329409440474668
-0.25000000000000006 -0.70785979115689
-0.20000000000000007 -0.6816761011615459
-0.15000000000000008 -0.6544937529083504
-0.10000000000000007 -0.6263557176589851
-0.05000000000000007 -0.5972563810302419
-6.938893903907228e-17 -0.5671421448104562
0.04999999999999993 -0.5359144967645982
0.09999999999999994 -0.5034448322636034
0.14999999999999994 -0.469586205437039
0.19999999999999996 -0.43417867454230286
0.24999999999999994 -0.3970438514861422
0.29999999999999993 -0.35798248285491435
0.3499999999999999 -0.3167552439993282
0.3999999999999999 -0.27307968591620063
0.4499999999999999 -0.22660188332247064
0.4999999999999999 -0.176873967061195
0.5499999999999999 -0.1233093515281498
0.6 -0.0651143991371061
0.65 -0.0011759804881918455
0.7000000000000001 0.07014286028224423
0.7500000000000001 0.15140286956854257
0.8000000000000002 0.24666552855390295
0.8500000000000002 0.3605090532420082
0.9000000000000002 0.49377399287758184
0.9500000000000003 0.6360394436604422
1.0000000000000002 0.7643481905595297
1.0500000000000003 0.8566199385453639
1.1000000000000003 0.9104286271590136
1.1500000000000004 0.9375765232124754
1.2000000000000004 0.9500298117226768
1.2500000000000004 0.9557027206893233
1.3000000000000005 0.9586733356353541
1.3500000000000005 0.9608459369911133
1.4000000000000006 0.9625898448669606
1.4500000000000006 0.9642422890851867
1.5000000000000007 0.9655934940360235
1.5500000000000007 0.9668870659685062
1.6000000000000008 0.9682370902163075
1.6500000000000008 0.9696043162020545
1.7000000000000008 0.9710476422169445
1.7500000000000009 0.9725231528927304
1.800000000000001 0.9739728603007444
1.850000000000001 0.9753799849166629
1.900000000000001 0.976726873845874
1.950000000000001 0.9780068022830435
2.000000000000001 0.9792076962445874
2.0500000000000007 0.9803248565792658
2.1000000000000005 0.9813630878114553
2.1500000000000004 0.9823269639174319
2.2 0.9832210766863623
2.25 0.984050532970639
2.3 0.9848203793410892
2.3499999999999996 0.9855357194381971
2.3999999999999995 0.9862012765533118
2.4499999999999993 0.9868213342991513
2.499999999999999 0.987399819689336
2.549999999999999 0.9879404734510288
2.5999999999999988 0.9884465025348204
2.6499999999999986 0.9889208085096215
2.6999999999999984 0.989365926559906
2.7499999999999982 0.9897844444483723
2.799999999999998 0.9901784319060568
2.849999999999998 0.9905497398799936
2.8999999999999977 0.9909000385660142
2.9499999999999975 0.9912309376021518
2.9999999999999973 0.9915439811350271