0 -0.006176935817954267
0.05 0.00646748565415736
0.1 0.029197897384294833
0.15000000000000002 0.05823729937635129
0.2 0.0901259077708583
0.25 0.12293046693023754
0.3 0.15608044694971815
0.35 0.18947893798815485
0.39999999999999997 0.22314730582464212
0.44999999999999996 0.25737388716432225
0.49999999999999994 0.2927026588357723
0.5499999999999999 0.32953806179880424
0.6 0.3680293979204275
0.65 0.40858450189750567
0.7000000000000001 0.4520028755788325
0.7500000000000001 0.49962907449119587
0.8000000000000002 0.5534866836863789
0.8500000000000002 0.6156610277989497
0.9000000000000002 0.6855070027433848
0.9500000000000003 0.758062239766912
1.0000000000000002 0.8234127458431632
1.0500000000000003 0.8725981855758551
1.1000000000000003 0.9047875469589902
1.1500000000000004 0.9236105902349818
1.2000000000000004 0.9351060728720051
1.2500000000000004 0.942941048928657
1.3000000000000005 0.9488153430571393
1.3500000000000005 0.9533218550795501
1.4000000000000006 0.9570836256447361
1.4500000000000006 0.9602174654958614
1.5000000000000007 0.9628148060332085
1.5500000000000007 0.9651645895690845
1.6000000000000008 0.9673779778113103
1.6500000000000008 0.9694400010847017
1.7000000000000008 0.9713658369164233
1.7500000000000009 0.9731648092122327
1.800000000000001 0.9748241304577742
1.850000000000001 0.9763513526436054
1.900000000000001 0.9777572118433051
1.950000000000001 0.9790519107487538
2.000000000000001 0.9802437141430065
2.0500000000000007 0.981339468347297
2.1000000000000005 0.9823475618834084
2.1500000000000004 0.9832759460285979
2.2 0.9841320722347887
2.25 0.9849229127720428
2.3 0.9856546471765254
2.3499999999999996 0.9863329979478204
2.3999999999999995 0.9869631102464244
2.4499999999999993 0.9875494327335511
2.499999999999999 0.9880959364645471
2.549999999999999 0.9886063937348368
2.5999999999999988 0.9890839583550626
2.6499999999999986 0.9895313863544692
2.6999999999999984 0.9899511822757618
2.7499999999999982 0.9903458010897772
2.799999999999998 0.9907172252745687
2.849999999999998 0.9910672123152787
2.8999999999999977 0.9913973626019248
2.9499999999999975 0.9917092330039878
2.9999999999999973 0.9920042616323762
2.9499999999999975 0.9919758455668667
2.8999999999999977 0.9918035884782842
2.849999999999998 0.99155957148162
2.799999999999998 0.9912744313328335
2.7499999999999982 0.9909604396365163
2.6999999999999984 0.9906227075962167
2.6499999999999986 0.9902626875275353
2.5999999999999988 0.9898801966097905
2.549999999999999 0.9894740377595225
2.499999999999999 0.9890427903042905
2.4499999999999993 0.9885846535880407
2.3999999999999995 0.9880974373668621
2.3499999999999996 0.9875786634127675
2.3 0.9870256230654656
2.25 0.9864353557925034
2.2 0.9858044994613383
2.1500000000000004 0.9851293343974363
2.1000000000000005 0.9844056040087887
2.0500000000000007 0.9836286488709526
2.000000000000001 0.9827932588800135
1.9500000000000008 0.9818936291796053
1.9000000000000008 0.9809230212728773
1.8500000000000008 0.9798741298834174
1.8000000000000007 0.9787383608790134
1.7500000000000007 0.9775061642437317
1.7000000000000006 0.9761668655825663
1.6500000000000006 0.9747077825509666
1.6000000000000005 0.9731150294723917
1.5500000000000005 0.9713722540713186
1.5000000000000004 0.9694610410358335
1.4500000000000004 0.9673599918355351
1.4000000000000004 0.9650444587549027
1.3500000000000003 0.9624861185302673
1.3000000000000003 0.9596521210534769
1.2500000000000002 0.956504453269336
1.2000000000000002 0.9529991040615979
1.1500000000000001 0.9490851770872502
1.1 0.9447036044090978
1.05 0.9397863877446547
1.0 0.9342552446231741
0.95 0.928020751692197
0.8999999999999999 0.9209816014197679
0.8499999999999999 0.9130245437998321
0.7999999999999998 0.9040250072260603
0.7499999999999998 0.8938498222478671
0.6999999999999997 0.8823612652775258
0.6499999999999997 0.8694247164877875
0.5999999999999996 0.8549186667925387
0.5499999999999996 0.8387478740186398
0.4999999999999996 0.8208561988981148
0.4499999999999996 0.8012349572168015
0.39999999999999963 0.7799234729100505
0.34999999999999964 0.7570055437916233
0.29999999999999966 0.7326076244572505
0.24999999999999967 0.7068917367247181
0.19999999999999968 0.6800317874950547
0.1499999999999997 0.6521707255221187
0.09999999999999969 0.6233841915162893
0.049999999999999684 0.5936837008506736
-3.191891195797325e-16 0.563039588670971
-0.05000000000000032 0.5313873049088079
-0.10000000000000032 0.4986221966057655
-0.15000000000000033 0.4646047039798892
-0.20000000000000034 0.4291716185515908
-0.25000000000000033 0.39213803523632706
-0.3000000000000003 0.35329862946866814
-0.3500000000000003 0.31241089660527
-0.4000000000000003 0.2691907206731106
-0.4500000000000003 0.22328590960773112
-0.5000000000000003 0.17425017786478833
-0.5500000000000004 0.12149875640440037
-0.6000000000000004 0.06423657189618055
-0.6500000000000005 0.0013365312665966059
-0.7000000000000005 -0.06888670197087479
-0.7500000000000006 -0.1491489009138866
-0.8000000000000006 -0.24381717857704777
-0.8500000000000006 -0.3577064020716546
-0.9000000000000007 -0.49082950474591225
-0.9500000000000007 -0.6317323092111436
-1.0000000000000007 -0.7578669497359939
-1.0500000000000007 -0.8483797276458156
-1.1000000000000008 -0.902077824545445
-1.1500000000000008 -0.9304290994653033
-1.2000000000000008 -0.9457272152144984
-1.2500000000000009 -0.954455703733042
-1.300000000000001 -0.9596259557454434
-1.350000000000001 -0.9625338695360819
-1.400000000000001 -0.9646106468212635
-1.450000000000001 -0.9662475569750779
-1.500000000000001 -0.9675299420205362
-1.5500000000000012 -0.9687434669293771
-1.6000000000000012 -0.9699962642231816
-1.6500000000000012 -0.971298211256161
-1.7000000000000013 -0.972640476268484
-1.7500000000000013 -0.9740224293458719
-1.8000000000000014 -0.9753970648691578
-1.8500000000000014 -0.976726967935562
-1.9000000000000015 -0.9780054187373726
-1.9500000000000015 -0.9792139675483369
-2.0000000000000013 -0.9803465125049251
-2.050000000000001 -0.9814036377203429
-2.100000000000001 -0.9823874935437907
-2.150000000000001 -0.9833009972385383
-2.2000000000000006 -0.9841475057230672
-2.2500000000000004 -0.9849322623465714
-2.3000000000000003 -0.9856602501439937
-2.35 -0.9863363255566254
-2.4 -0.986965055515552
-2.4499999999999997 -0.9875505543984884
-2.4999999999999996 -0.9880965789816355
-2.5499999999999994 -0.988606757769972
-2.599999999999999 -0.9890841591182178
-2.649999999999999 -0.9895314939816547
-2.699999999999999 -0.9899512397481667
-2.7499999999999987 -0.9903458303168495
-2.7999999999999985 -0.9907172389833939
-2.8499999999999983 -0.991067216232645
-2.899999999999998 -0.9913973625117988
-2.949999999999998 -0.991709231349219
-2.999999999999998 -0.992004257957164
-2.949999999999998 -0.9919758463269175
-2.899999999999998 -0.9918035889664089
-2.8499999999999983 -0.9915595707650748
-2.7999999999999985 -0.991274430890951
-2.7499999999999987 -0.9909604405573583
-2.699999999999999 -0.9906227076379961
-2.649999999999999 -0.9902626881053819
-2.599999999999999 -0.989880196751124
-2.5499999999999994 -0.9894740387190003
-2.4999999999999996 -0.9890427902030561
-2.4499999999999997 -0.9885846536264049
-2.4 -0.9880974370648904
-2.35 -0.9875786651360893
-2.3000000000000003 -0.9870256235193581
-2.2500000000000004 -0.9864353554918085
-2.2000000000000006 -0.9858045017348089
-2.150000000000001 -0.9851293364070838
-2.100000000000001 -0.9844056069305499
-2.050000000000001 -0.9836286521656712
-2.0000000000000013 -0.9827932612793437
-1.9500000000000013 -0.98189363444955
-1.9000000000000012 -0.9809230243302671
-1.8500000000000012 -0.9798741310558484
-1.8000000000000012 -0.9787383612107415
-1.750000000000001 -0.9775061617308044
-1.700000000000001 -0.9761668649881879
-1.650000000000001 -0.9747077839243791
-1.600000000000001 -0.9731150322991924
-1.550000000000001 -0.9713722586795267
-1.5000000000000009 -0.9694610464181584
-1.4500000000000008 -0.9673599937843751
-1.4000000000000008 -0.9650444622340593
-1.3500000000000008 -0.9624861224728192
-1.3000000000000007 -0.9596521255347232
-1.2500000000000007 -0.9565044573272177
-1.2000000000000006 -0.9529991131566177
-1.1500000000000006 -0.9490851847380538
-1.1000000000000005 -0.9447036055843064
-1.0500000000000005 -0.9397863890785589
-1.0000000000000004 -0.9342552449011657
-0.9500000000000004 -0.9280207531857857
-0.9000000000000004 -0.9209816012610905
-0.8500000000000003 -0.9130245434518348
-0.8000000000000003 -0.904025010160184
-0.7500000000000002 -0.8938498249928862
-0.7000000000000002 -0.8823612720359839
-0.6500000000000001 -0.8694247211849362
-0.6000000000000001 -0.8549186611848916
-0.55 -0.8387478656008175
-0.5 -0.8208561807236763
-0.45 -0.8012349290793275
-0.4 -0.7799234309888833
-0.35000000000000003 -0.7570054926311517
-0.30000000000000004 -0.7326075725979457
-0.25000000000000006 -0.7068916881916849
-0.20000000000000007 -0.680031752488994
-0.15000000000000008 -0.6521707119831922
-0.10000000000000007 -0.6233841977973062
-0.05000000000000007 -0.5936837301923226
-6.938893903907228e-17 -0.5630396414085346
0.04999999999999993 -0.531387378108306
0.09999999999999994 -0.49862228985816787
0.14999999999999994 -0.4646048158759284
0.19999999999999996 -0.42917174571821604
0.24999999999999994 -0.39213817815752294
0.29999999999999993 -0.35329878537498527
0.3499999999999999 -0.3124110679707088
0.3999999999999999 -0.26919091061944556
0.4499999999999999 -0.22328612302688133
0.4999999999999999 -0.17425041407253233
0.5499999999999999 -0.1214990190051925
0.6 -0.06423686775479455
0.65 -0.0013368592810195181
0.7000000000000001 0.06888633727372945
0.7500000000000001 0.1491484917987457
0.8000000000000002 0.24381671577119157
0.8500000000000002 0.3577058723559272
0.9000000000000002 0.49082888861366664
0.9500000000000003 0.6317315701796612
1.0000000000000002 0.7578660261754336
1.0500000000000003 0.8483784770492221
1.1000000000000003 0.9020759923043504
1.1500000000000004 0.9304259029267121
1.2000000000000004 0.945722002692783
1.2500000000000004 0.9544484609457681
1.3000000000000005 0.9596183600155888
1.3500000000000005 0.9625271068781671
1.4000000000000006 0.9646051988740333
1.4500000000000006 0.9662446775694271
1.5000000000000007 0.9675297373162082
1.5500000000000007 0.9687452759084152
1.6000000000000008 0.9700007856730231
1.6500000000000008 0.9713021159495906
1.7000000000000008 0.9726475676265277
1.7500000000000009 0.9740302301773864
1.800000000000001 0.9754036924684979
1.850000000000001 0.976738198927597
1.900000000000001 0.9780108994900036
1.950000000000001 0.9792152719287227
2.000000000000001 0.9803467826441857
2.0500000000000007 0.9814036956128833
2.1000000000000005 0.9823875172714153
2.1500000000000004 0.9833010057853526
2.2 0.9841475093178514
2.25 0.984932265509776
2.3 0.9856602518058007
2.3499999999999996 0.9863363264193655
2.3999999999999995 0.9869650559005955
2.4499999999999993 0.9875505545471768
2.499999999999999 0.9880965790427744
2.549999999999999 0.9886067577770353
2.5999999999999988 0.9890841590945253
2.6499999999999986 0.9895314939258878
2.6999999999999984 0.9899512397437106
2.7499999999999982 0.9903458302603374
2.799999999999998 0.9907172389242571
2.849999999999998 0.991067216151593
2.8999999999999977 0.9913973624443004
2.9499999999999975 0.991709231234837
2.9999999999999973 0.992004258071431