0 -0.04778928850843069
0.05 -0.03788901046379508
0.1 -0.015646277939306508
0.15000000000000002 0.014080720723506452
0.2 0.046571947273501814
0.25 0.07976602772439334
0.3 0.11365222660246875
0.35 0.148338101355471
0.39999999999999997 0.18382443466579526
0.44999999999999996 0.22024976364506915
0.49999999999999994 0.25781504018081197
0.5499999999999999 0.2969073841974353
0.6 0.3381486889439491
0.65 0.38210605346755405
0.7000000000000001 0.42971502572857423
0.7500000000000001 0.482710044116555
0.8000000000000002 0.5411752797083428
0.8500000000000002 0.6029309922664012
0.9000000000000002 0.6656082227896758
0.9500000000000003 0.7270057852941932
1.0000000000000002 0.7845813911915709
1.0500000000000003 0.8359559445173131
1.1000000000000003 0.8778526336539583
1.1500000000000004 0.9062990077339446
1.2000000000000004 0.924526797871009
1.2500000000000004 0.9374751580409214
1.3000000000000005 0.9462093725386762
1.3500000000000005 0.9520193821348844
1.4000000000000006 0.9562907737932212
1.4500000000000006 0.9593904019467956
1.5000000000000007 0.9623580302209763
1.5500000000000007 0.9648062499737913
1.6000000000000008 0.9668729844446831
1.6500000000000008 0.9687962626646397
1.7000000000000008 0.9706327242348803
1.7500000000000009 0.9723814010791494
1.800000000000001 0.9740335888927337
1.850000000000001 0.9755827890949681
1.900000000000001 0.9770263444887299
1.950000000000001 0.9783652214332617
2.000000000000001 0.9796028823213235
2.0500000000000007 0.9807446954279203
2.1000000000000005 0.9817971446280235
2.1500000000000004 0.9827671994434911
2.2 0.9836618881199916
2.25 0.9844880151770048
2.3 0.9852519832942385
2.3499999999999996 0.9859596235385829
2.3999999999999995 0.9866162351136526
2.4499999999999993 0.9872266094525445
2.499999999999999 0.9877950310244177
2.549999999999999 0.9883253430912804
2.5999999999999988 0.9888209559845764
2.6499999999999986 0.9892848924521153
2.6999999999999984 0.9897198662159176
2.7499999999999982 0.9901283191831914
2.799999999999998 0.9905124112962014
2.849999999999998 0.9908740808856227
2.8999999999999977 0.9912150718677832
2.9499999999999975 0.9915369776219695
2.9999999999999973 0.9918412311871757
2.9499999999999975 0.9918086960330678
2.8999999999999977 0.9916290316697216
2.849999999999998 0.9913769171408954
2.799999999999998 0.9910826825232636
2.7499999999999982 0.9907587843262796
2.6999999999999984 0.990410087110945
2.6499999999999986 0.9900379144920876
2.5999999999999988 0.9896420903059326
2.549999999999999 0.9892215325497491
2.499999999999999 0.988774639828959
2.4499999999999993 0.9882994307556346
2.3999999999999995 0.9877936545239355
2.3499999999999996 0.9872546808404035
2.3 0.9866796312933053
2.25 0.9860652904157718
2.2 0.9854080570634179
2.1500000000000004 0.984703921924986
2.1000000000000005 0.9839483572382831
2.0500000000000007 0.9831363842240861
2.000000000000001 0.9822623038169386
1.9500000000000008 0.9813197236072893
1.9000000000000008 0.9803014298050801
1.8500000000000008 0.9791992902859837
1.8000000000000007 0.9780040756290102
1.7500000000000007 0.976705166875075
1.7000000000000006 0.9752906927806634
1.6500000000000006 0.9737469016167519
1.6000000000000005 0.9720580706500156
1.5500000000000005 0.9702062132827396
1.5000000000000004 0.968170566884599
1.4500000000000004 0.9659271973647644
1.4000000000000004 0.9634484392238069
1.3500000000000003 0.9607022217926208
1.3000000000000003 0.9576514399102132
1.2500000000000002 0.9542532317760956
1.2000000000000002 0.9504580733052638
1.1500000000000001 0.9462086932620195
1.1 0.9414393290665883
1.05 0.9360747690905601
1.0 0.9300292800700244
0.95 0.9232058383637007
0.8999999999999999 0.9154954968211264
0.8499999999999999 0.9067767765284589
0.7999999999999998 0.8969153710780875
0.7499999999999998 0.885764086670667
0.6999999999999997 0.8731671611589304
0.6499999999999997 0.8589812012696145
0.5999999999999996 0.8431128338752608
0.5499999999999996 0.8255369262108783
0.4999999999999996 0.8062803431320632
0.4499999999999996 0.7854199222994573
0.39999999999999963 0.7631034263554922
0.34999999999999964 0.7395329109040144
0.29999999999999966 0.714901254354647
0.24999999999999967 0.6893423957114573
0.19999999999999968 0.6629199517002301
0.1499999999999997 0.635636962328065
0.09999999999999969 0.6074507385822542
0.049999999999999684 0.57828808080673
-3.191891195797325e-16 0.5480556780518597
-0.05000000000000032 0.5166461219523141
-0.10000000000000032 0.48393897741306274
-0.15000000000000033 0.4498000084514775
-0.20000000000000034 0.41407662346613383
-0.25000000000000033 0.3765931005290051
-0.3000000000000003 0.33714084655132215
-0.3500000000000003 0.2954662657441295
-0.4000000000000003 0.2512531124474943
-0.4500000000000003 0.20409698392130762
-0.5000000000000003 0.15346364380468058
-0.5500000000000004 0.09862143675248652
-0.6000000000000004 0.03851865958752711
-0.6500000000000005 -0.028458426637300166
-0.7000000000000005 -0.10491279978900947
-0.7500000000000006 -0.1935068518303952
-0.8000000000000006 -0.2953424553407194
-0.8500000000000006 -0.41116522179605713
-0.9000000000000007 -0.5370806319685417
-0.9500000000000007 -0.6580076554604233
-1.0000000000000007 -0.7607462158649979
-1.0500000000000007 -0.8385114481215027
-1.1000000000000008 -0.8901830463412942
-1.1500000000000008 -0.9215088979419801
-1.2000000000000008 -0.9395313010815945
-1.2500000000000009 -0.9503409705276011
-1.300000000000001 -0.9573856190143829
-1.350000000000001 -0.9614896604652058
-1.400000000000001 -0.9640737709343548
-1.450000000000001 -0.9657564464037699
-1.500000000000001 -0.966960693309105
-1.5500000000000012 -0.9680008045536388
-1.6000000000000012 -0.9691000485348965
-1.6500000000000012 -0.9705075769906875
-1.7000000000000013 -0.971873950357933
-1.7500000000000013 -0.9732394989267702
-1.8000000000000014 -0.9746133293152017
-1.8500000000000014 -0.9759687597348922
-1.9000000000000015 -0.9772801901322686
-1.9500000000000015 -0.9785302932949146
-2.0000000000000013 -0.9797091109116259
-2.050000000000001 -0.9808123718634854
-2.100000000000001 -0.9818399345630783
-2.150000000000001 -0.9827940976296378
-2.2000000000000006 -0.9836787332345845
-2.2500000000000004 -0.9844985377141602
-2.3000000000000003 -0.9852585131006757
-2.35 -0.9859636567158567
-2.4 -0.9866187423077137
-2.4499999999999997 -0.9872281793620168
-2.4999999999999996 -0.9877960294922146
-2.5499999999999994 -0.9883259980384808
-2.599999999999999 -0.9888213780763127
-2.649999999999999 -0.9892851758454095
-2.699999999999999 -0.9897200626131131
-2.7499999999999987 -0.9901284723421642
-2.7999999999999985 -0.9905125259606886
-2.8499999999999983 -0.9908741684206126
-2.899999999999998 -0.9912151506235806
-2.949999999999998 -0.9915370410341044
-2.999999999999998 -0.9918412817268445
-2.949999999999998 -0.9918087260172406
-2.899999999999998 -0.9916290539389917
-2.8499999999999983 -0.9913769367056482
-2.7999999999999985 -0.9910826993582772
-2.7499999999999987 -0.9907588025882719
-2.699999999999999 -0.9904101074064691
-2.649999999999999 -0.9900379603879449
-2.599999999999999 -0.9896421512245251
-2.5499999999999994 -0.9892216079183307
-2.4999999999999996 -0.9887747322788969
-2.4499999999999997 -0.9882995421353581
-2.4 -0.9877937801692624
-2.35 -0.9872548481738967
-2.3000000000000003 -0.986679833093592
-2.2500000000000004 -0.9860655080754674
-2.2000000000000006 -0.9854083210597555
-2.150000000000001 -0.9847042411341094
-2.100000000000001 -0.9839487365134072
-2.050000000000001 -0.9831368154525417
-2.0000000000000013 -0.9822628043328666
-1.9500000000000013 -0.981320300618308
-1.9000000000000012 -0.9803021059977995
-1.8500000000000012 -0.979200043584492
-1.8000000000000012 -0.9780049280810841
-1.750000000000001 -0.9767061430508914
-1.700000000000001 -0.9752917850750012
-1.650000000000001 -0.9737481288745556
-1.600000000000001 -0.9720594917411498
-1.550000000000001 -0.9702078198534242
-1.5000000000000009 -0.9681723939409124
-1.4500000000000008 -0.9659292261205481
-1.4000000000000008 -0.9634506892964996
-1.3500000000000008 -0.9607047361105336
-1.3000000000000007 -0.9576542252480539
-1.2500000000000007 -0.9542563551335291
-1.2000000000000006 -0.9504615949843328
-1.1500000000000006 -0.9462126841248432
-1.1000000000000005 -0.9414438979722963
-1.0500000000000005 -0.9360800425233646
-1.0000000000000004 -0.9300354490403454
-0.9500000000000004 -0.9232131597600886
-0.9000000000000004 -0.9155043984953809
-0.8500000000000003 -0.9067878599478675
-0.8000000000000003 -0.8969295830738552
-0.7500000000000002 -0.8857829126456371
-0.7000000000000002 -0.8731928263346647
-0.6500000000000001 -0.8590171838939001
-0.6000000000000001 -0.843164113000608
-0.55 -0.8256094148392864
-0.5 -0.8063784675433949
-0.45 -0.7855420980218659
-0.4 -0.7632399916621554
-0.35000000000000003 -0.7396702707817105
-0.30000000000000004 -0.7150275881259541
-0.25000000000000006 -0.6894502439014871
-0.20000000000000007 -0.663006498940366
-0.15000000000000008 -0.6357030962002037
-0.10000000000000007 -0.6074996287171095
-0.05000000000000007 -0.5783233912794129
-6.938893903907228e-17 -0.5480807917129462
0.04999999999999993 -0.5166638430567461
0.09999999999999994 -0.48395146327938404
0.14999999999999994 -0.4498088348479152
0.19999999999999996 -0.41408290567722406
0.24999999999999994 -0.37659765374769855
0.29999999999999993 -0.33714419265203893
0.3499999999999999 -0.29546879617154176
0.3999999999999999 -0.2512550703374382
0.4499999999999999 -0.20409855643351454
0.4999999999999999 -0.1534649727350115
0.5499999999999999 -0.09862263213754227
0.6 -0.038519814943761735
0.65 0.028457222068985336
0.7000000000000001 0.10491144687953531
0.7500000000000001 0.19350537610370963
0.8000000000000002 0.2953408896991248
0.8500000000000002 0.41116359830614146
0.9000000000000002 0.5370789264737208
0.9500000000000003 0.6580063951449305
1.0000000000000002 0.7607455834017335
1.0500000000000003 0.8385112122633593
1.1000000000000003 0.8901832304589219
1.1500000000000004 0.921509107660005
1.2000000000000004 0.939531428686315
1.2500000000000004 0.9503410846821579
1.3000000000000005 0.9573858404882757
1.3500000000000005 0.9614899736232064
1.4000000000000006 0.9640744402077641
1.4500000000000006 0.9657567643458745
1.5000000000000007 0.9669607218584723
1.5500000000000007 0.9680006412350692
1.6000000000000008 0.9690990385257514
1.6500000000000008 0.9705068549537644
1.7000000000000008 0.971873997496088
1.7500000000000009 0.9732396352710535
1.800000000000001 0.9746134353737728
1.850000000000001 0.9759688306437739
1.900000000000001 0.9772802279872975
1.950000000000001 0.9785303171519303
2.000000000000001 0.9797091249587236
2.0500000000000007 0.9808123800642455
2.1000000000000005 0.9818399394772291
2.1500000000000004 0.982794101323789
2.2 0.9836787360710012
2.25 0.9844985394972522
2.3 0.9852585128581872
2.3499999999999996 0.9859636568409514
2.3999999999999995 0.9866187424774654
2.4499999999999993 0.9872281795062189
2.499999999999999 0.9877960294659317
2.549999999999999 0.9883259981944594
2.5999999999999988 0.9888213781967954
2.6499999999999986 0.9892851764241714
2.6999999999999984 0.9897200635769016
2.7499999999999982 0.9901284736077295
2.799999999999998 0.9905125261497073
2.849999999999998 0.9908741685524646
2.8999999999999977 0.991215150546907
2.9499999999999975 0.9915370410399166
2.9999999999999973 0.9918412821381022