
0 0.24803683037799615
0.05 0.28338176274470883
0.1 0.3201811698273484
0.15000000000000002 0.35876829254967235
0.2 0.3996390019452082
0.25 0.44353846899148175
0.3 0.4916342118094276
0.35 0.5458436266177427
0.39999999999999997 0.6083378730106075
0.44999999999999996 0.6799048988930091
0.49999999999999994 0.7564400212178977
0.5499999999999999 0.8251921321098316
0.6 0.8751258165686457
0.65 0.906758796059335
0.7000000000000001 0.925364063977339
0.7500000000000001 0.9365182172237898
0.8000000000000002 0.9437444002339926
0.8500000000000002 0.9487579585165278
0.9000000000000002 0.9525246657252782
0.9500000000000003 0.9556259151123122
1.0000000000000002 0.9584233545775541
1.0500000000000003 0.9610999616626489
1.1000000000000003 0.9635839593331093
1.1500000000000004 0.9658974170216221
1.2000000000000004 0.968058014590646
1.2500000000000004 0.9700561179928363
1.3000000000000005 0.9719064400583359
1.3500000000000005 0.97363041833757
1.4000000000000006 0.9752348486970523
1.4500000000000006 0.9767128238313458
1.5000000000000007 0.9780688614571975
1.5500000000000007 0.9793145692523942
1.6000000000000008 0.9804602737546378
1.6500000000000008 0.9815149210618297
1.7000000000000008 0.9824873944752259
1.7500000000000009 0.9833841820100507
1.800000000000001 0.9842126895002781
1.850000000000001 0.98497952695853
1.900000000000001 0.9856907289069966
1.950000000000001 0.9863515607166209
2.000000000000001 0.9869666543462138
2.0500000000000007 0.9875401106966386
2.1000000000000005 0.9880758366378612
2.1500000000000004 0.9885770934842864
2.2 0.9890467984551039
2.25 0.9894875259278357
2.3 0.9899018173925347
2.3499999999999996 0.9902917313793878
2.3999999999999995 0.990659154666503
2.4499999999999993 0.9910057745340348
2.499999999999999 0.9913331599456753
2.549999999999999 0.9916428742178026
2.5999999999999988 0.991616770957719
2.6499999999999986 0.9914394052998191
2.6999999999999984 0.9911857889975042
2.7499999999999982 0.9908883172149106
2.799999999999998 0.9905601798994971
2.849999999999998 0.9902068691820775
2.8999999999999977 0.9898300839666366
2.9499999999999975 0.9894297117378549
2.9999999999999973 0.9890045463773379
2.9499999999999975 0.9885531647583274
2.8999999999999977 0.9880736431670939
2.849999999999998 0.9875637420763181
2.799999999999998 0.987020946273359
2.7499999999999982 0.9864423581682491
2.6999999999999984 0.9858249872259516
2.6499999999999986 0.9851653433728909
2.5999999999999988 0.9844595636983483
2.549999999999999 0.983703232683954
2.499999999999999 0.9828916957761434
2.4499999999999993 0.9820195512240704
2.3999999999999995 0.981080745760776
2.3499999999999996 0.9800685101255336
2.3 0.9789752783751166
2.25 0.9777924491552009
2.2 0.9765103063645596
2.1500000000000004 0.9751178988489555
2.1000000000000005 0.9736026577544568
2.0500000000000007 0.9719504550261022
2.000000000000001 0.9701449900615887
1.9500000000000008 0.9681677873293592
1.9000000000000008 0.9659976251199415
1.8500000000000008 0.963609999014185
1.8000000000000007 0.9609769868732666
1.7500000000000007 0.9580663237617851
1.7000000000000006 0.9548407017979951
1.6500000000000006 0.951257182060647
1.6000000000000005 0.9472662459821561
1.5500000000000005 0.9428107901993205
1.5000000000000004 0.9378251293116091
1.4500000000000004 0.932233903092272
1.4000000000000004 0.9259514139552661
1.3500000000000003 0.9188807150342685
1.3000000000000003 0.9109138150996186
1.2500000000000002 0.9019325765099365
1.2000000000000002 0.8918113372542285
1.1500000000000001 0.880422088644419
1.1 0.8676430015246156
1.05 0.8533697733941794
1.0 0.8375271346164211
0.95 0.8200761381813094
0.8999999999999999 0.8010163568217932
0.8499999999999999 0.7803844027178816
0.7999999999999998 0.7582505837923696
0.7499999999999998 0.7347075159821349
0.6999999999999997 0.709850486258568
0.6499999999999997 0.6837597320483079
0.5999999999999996 0.6564950344489968
0.5499999999999996 0.6281003310133518
0.4999999999999996 0.598607099528694
0.4499999999999996 0.5680243857422184
0.39999999999999963 0.5363281453485099
0.34999999999999964 0.5034552717240439
0.29999999999999966 0.4692943988522728
0.24999999999999967 0.43369240783600294
0.19999999999999968 0.3964628759938515
0.1499999999999997 0.3573945817013001
0.09999999999999969 0.31623868442828473
0.049999999999999684 0.27270784193133984
-3.191891195797325e-16 0.22644887922803392
-0.05000000000000032 0.17701980910422627
-0.10000000000000032 0.123600805492047
-0.15000000000000033 0.06552196655582022
-0.20000000000000034 0.002010589533637677
-0.25000000000000033 -0.06855730866861275
-0.3000000000000003 -0.14866520907784753
-0.3500000000000003 -0.24226936222007325
-0.4000000000000003 -0.3544292568565805
-0.4500000000000003 -0.4870111440543176
-0.5000000000000003 -0.6300259808574762
-0.5500000000000004 -0.7588492701121999
-0.6000000000000004 -0.8522771531551177
-0.6500000000000005 -0.9084360364664928
-0.7000000000000005 -0.937494477347565
-0.7500000000000006 -0.9516405812706235
-0.8000000000000006 -0.9583863307743399
-0.8500000000000006 -0.9615331553358303
-0.9000000000000007 -0.9628859381296729
-0.9500000000000007 -0.9637119127489999
-1.0000000000000007 -0.964690210978994
-1.0500000000000007 -0.965888055148708
-1.1000000000000008 -0.9671864906174916
-1.1500000000000008 -0.9685096598333187
-1.2000000000000008 -0.9699064397315001
-1.2500000000000009 -0.9713280170393379
-1.300000000000001 -0.9727696497756596
-1.350000000000001 -0.974208468855596
-1.400000000000001 -0.9756034971737945
-1.450000000000001 -0.9769457138987961
-1.500000000000001 -0.9782126398162606
-1.5500000000000012 -0.9793994567598472
-1.6000000000000012 -0.9805081393913238
-1.6500000000000012 -0.9815403713377701
-1.7000000000000013 -0.9825073514903633
-1.7500000000000013 -0.9833986074462833
-1.8000000000000014 -0.9842218757060847
-1.8500000000000014 -0.9849851147491331
-1.9000000000000015 -0.9856940573130707
-1.9500000000000015 -0.9863535162583444
-2.0000000000000013 -0.9869677881193869
-2.050000000000001 -0.9875407628022135
-2.100000000000001 -0.9880762081952972
-2.150000000000001 -0.9885773022559432
-2.2000000000000006 -0.9890469131140843
-2.2500000000000004 -0.989487589796708
-2.3000000000000003 -0.9899018525818452
-2.35 -0.9902917494750634
-2.4 -0.990659164618264
-2.4499999999999997 -0.9910057800172124
-2.4999999999999996 -0.9913331625584507
-2.5499999999999994 -0.9916428753989601
-2.599999999999999 -0.9916167706729969
-2.649999999999999 -0.9914394048432225
-2.699999999999999 -0.9911857869605082
-2.7499999999999987 -0.9908883157845045
-2.7999999999999985 -0.9905601784416949
-2.8499999999999983 -0.9902068671730705
-2.899999999999998 -0.9898300828107277
-2.949999999999998 -0.9894297102509944
-2.999999999999998 -0.9890045445664188
-2.949999999999998 -0.9885531634179403
-2.899999999999998 -0.9880736434258425
-2.8499999999999983 -0.9875637420513615
-2.7999999999999985 -0.9870209454439569
-2.7499999999999987 -0.986442357874318
-2.699999999999999 -0.9858249871881721
-2.649999999999999 -0.9851653429505739
-2.599999999999999 -0.98445956242298
-2.5499999999999994 -0.9837032310371324
-2.4999999999999996 -0.982891693683512
-2.4499999999999997 -0.9820195497125422
-2.4 -0.9810807445767373
-2.35 -0.9800685086477102
-2.3000000000000003 -0.9789752776480999
-2.2500000000000004 -0.9777924490545086
-2.2000000000000006 -0.9765103060744843
-2.150000000000001 -0.9751178989154208
-2.100000000000001 -0.9736026563669731
-2.050000000000001 -0.9719504515713148
-2.0000000000000013 -0.9701449876645027
-1.9500000000000013 -0.968167783441379
-1.9000000000000012 -0.9659976240082624
-1.8500000000000012 -0.9636099975288164
-1.8000000000000012 -0.9609769844210119
-1.750000000000001 -0.958066321955453
-1.700000000000001 -0.9548407010177606
-1.650000000000001 -0.9512571803015688
-1.600000000000001 -0.94726624480599
-1.550000000000001 -0.9428107875498983
-1.5000000000000009 -0.9378251246614491
-1.4500000000000008 -0.9322338980457606
-1.4000000000000008 -0.9259514048897088
-1.3500000000000008 -0.9188807044771973
-1.3000000000000007 -0.91091380557896
-1.2500000000000007 -0.9019325679047635
-1.2000000000000006 -0.8918113266206262
-1.1500000000000006 -0.8804220734755077
-1.1000000000000005 -0.8676429846587338
-1.0500000000000005 -0.8533697548524701
-1.0000000000000004 -0.837527112420774
-0.9500000000000004 -0.8200761096745324
-0.9000000000000004 -0.8010163245197444
-0.8500000000000003 -0.7803843701059869
-0.8000000000000003 -0.7582505558958789
-0.7500000000000002 -0.7347074992858316
-0.7000000000000002 -0.7098504866819813
-0.6500000000000001 -0.6837597585017102
-0.6000000000000001 -0.6564950895678117
-0.55 -0.6281004106283127
-0.5 -0.5986071926754248
-0.45 -0.5680244834090399
-0.4 -0.5363282415106012
-0.35000000000000003 -0.5034553589821696
-0.30000000000000004 -0.46929447837683264
-0.25000000000000006 -0.4336924813120535
-0.20000000000000007 -0.39646294806779736
-0.15000000000000008 -0.35739465568789086
-0.10000000000000007 -0.31623876016617725
-0.05000000000000007 -0.27270792175325
-6.938893903907228e-17 -0.22644896643963816
0.04999999999999993 -0.17701990596300196
0.09999999999999994 -0.12360091399273004
0.14999999999999994 -0.06552208574403727
0.19999999999999996 -0.0020107213118734017
0.24999999999999994 0.06855715906292909
0.29999999999999993 0.14866504081053944
0.3499999999999999 0.24226916875695836
0.3999999999999999 0.3544290328331444
0.4499999999999999 0.48701087948322586
0.4999999999999999 0.6300256592644862
0.5499999999999999 0.7588488555641153
0.6 0.8522765786847383
0.65 0.9084351359255334
0.7000000000000001 0.9374928851363756
0.7500000000000001 0.9516384941898937
0.8000000000000002 0.9583829044924539
0.8500000000000002 0.9615296876308398
0.9000000000000002 0.9628826603821521
0.9500000000000003 0.9637087127170799
1.0000000000000002 0.964687912703792
1.0500000000000003 0.9658873935653588
1.1000000000000003 0.9671872857346729
1.1500000000000004 0.9685117851949798
1.2000000000000004 0.9699094907686944
1.2500000000000004 0.9713344334086551
1.3000000000000005 0.9727844149610458
1.3500000000000005 0.9742182996627056
1.4000000000000006 0.9756173656474738
1.4500000000000006 0.9769611205105803
1.5000000000000007 0.9782310871438545
1.5500000000000007 0.9794188992990792
1.6000000000000008 0.9805273732576109
1.6500000000000008 0.9815573455683084
1.7000000000000008 0.9825132481125286
1.7500000000000009 0.9833998121513121
1.800000000000001 0.9842220931740873
1.850000000000001 0.9849851508015776
1.900000000000001 0.9856940622080393
1.950000000000001 0.9863535163092589
2.000000000000001 0.9869677868107415
2.0500000000000007 0.9875407620697527
2.1000000000000005 0.9880762077213124
2.1500000000000004 0.9885773020229394
2.2 0.9890469129882313
2.25 0.9894875897182567
2.3 0.989901852560996
2.3499999999999996 0.9902917494480198
2.3999999999999995 0.9906591646665827
2.4499999999999993 0.9910057800114167