
0 0.2528805447853739
0.05 0.2878331295763563
0.1 0.32413830949314154
0.15000000000000002 0.3621127326087051
0.2 0.4022406592309165
0.25 0.4452587650432939
0.3 0.4923264790030576
0.35 0.5452859301062527
0.39999999999999997 0.6066543249903039
0.44999999999999996 0.6778922387640809
0.49999999999999994 0.7533450833680427
0.5499999999999999 0.8197767380988404
0.6 0.8696247290342223
0.65 0.9023849610352884
0.7000000000000001 0.9220386635333117
0.7500000000000001 0.9341752109287198
0.8000000000000002 0.9425673216889783
0.8500000000000002 0.9485488788745243
0.9000000000000002 0.9529452740742113
0.9500000000000003 0.9566448447743937
1.0000000000000002 0.9596230659989843
1.0500000000000003 0.9621703459943587
1.1000000000000003 0.9644936164761377
1.1500000000000004 0.9666958461632674
1.2000000000000004 0.9687645393805914
1.2500000000000004 0.9707321349987426
1.3000000000000005 0.9725682221473168
1.3500000000000005 0.9742601698391953
1.4000000000000006 0.9758256077846955
1.4500000000000006 0.9772689581645064
1.5000000000000007 0.9785996512305254
1.5500000000000007 0.9798302717016146
1.6000000000000008 0.9809593330846565
1.6500000000000008 0.98199606512335
1.7000000000000008 0.9829501977837414
1.7500000000000009 0.9838297944915506
1.800000000000001 0.984642087792598
1.850000000000001 0.9853934765617675
1.900000000000001 0.9860898321990658
1.950000000000001 0.9867364259329533
2.000000000000001 0.9873378832005549
2.0500000000000007 0.9878982780216513
2.1000000000000005 0.9884215285041383
2.1500000000000004 0.9889108604927079
2.2 0.9893690986447796
2.25 0.9897988532756948
2.3 0.9902026569653448
2.3499999999999996 0.9905825937181468
2.3999999999999995 0.9909405002888673
2.4499999999999993 0.9912779273167555
2.499999999999999 0.991596539288845
2.549999999999999 0.9918978555487729
2.5999999999999988 0.99187028094836
2.6499999999999986 0.9916956392572024
2.6999999999999984 0.9914473320224712
2.7499999999999982 0.9911566291239144
2.799999999999998 0.9908362106958759
2.849999999999998 0.9904913469445834
2.8999999999999977 0.9901235322189357
2.9499999999999975 0.9897325614203163
2.9999999999999973 0.9893172179070455
2.9499999999999975 0.9888760485609507
2.8999999999999977 0.9884071496140825
2.849999999999998 0.9879083332021455
2.799999999999998 0.9873769671456103
2.7499999999999982 0.9868102288324501
2.6999999999999984 0.9862050999269576
2.6499999999999986 0.9855580237985201
2.5999999999999988 0.9848651952419207
2.549999999999999 0.9841221880822165
2.499999999999999 0.9833241877117437
2.4499999999999993 0.9824658182564967
2.3999999999999995 0.9815408747349299
2.3499999999999996 0.9805424899802198
2.3 0.9794630396021639
2.25 0.9782936673799482
2.2 0.9770243831054334
2.1500000000000004 0.9756440595269534
2.1000000000000005 0.9741396719895283
2.0500000000000007 0.9724967087898272
2.000000000000001 0.9706982234634148
1.9500000000000008 0.968725104396783
1.9000000000000008 0.9665552079436688
1.8500000000000008 0.9641630649113765
1.8000000000000007 0.9615193013513005
1.7500000000000007 0.958590082029522
1.7000000000000006 0.9553361599883251
1.6500000000000006 0.9517122726580375
1.6000000000000005 0.9476658345651414
1.5500000000000005 0.9431363463040654
1.5000000000000004 0.9380538583749541
1.4500000000000004 0.9323381820805823
1.4000000000000004 0.9258975719950702
1.3500000000000003 0.9186281405644416
1.3000000000000003 0.9104136861908757
1.2500000000000002 0.9011269634761834
1.2000000000000002 0.8906320395780902
1.1500000000000001 0.8787902635328431
1.1 0.865471304348404
1.05 0.850568586686184
1.0 0.8340149345527904
0.95 0.8157930357628097
0.8999999999999999 0.7959388374912645
0.8499999999999999 0.7745335736498971
0.7999999999999998 0.7516884719261681
0.7499999999999998 0.7275319469696127
0.6999999999999997 0.7021809026700085
0.6499999999999997 0.6757045501852105
0.5999999999999996 0.6481241108277603
0.5499999999999996 0.6194425896399569
0.4999999999999996 0.589670515462209
0.4499999999999996 0.558823591809225
0.39999999999999963 0.5268886602529567
0.34999999999999964 0.49379705441149996
0.29999999999999966 0.4594271678246212
0.24999999999999967 0.42362351305612317
0.19999999999999968 0.38620430689477775
0.1499999999999997 0.346966513151276
0.09999999999999969 0.3056700047938813
0.049999999999999684 0.2620350922247729
-3.191891195797325e-16 0.21571553745504773
-0.05000000000000032 0.1662748218422058
-0.10000000000000032 0.11314366764403735
-0.15000000000000033 0.055552396505990934
-0.20000000000000034 -0.007579266033650843
-0.25000000000000033 -0.07784068266205432
-0.3000000000000003 -0.1577101556809048
-0.3500000000000003 -0.2512157710051127
-0.4000000000000003 -0.3642199695726289
-0.4500000000000003 -0.4985908325686868
-0.5000000000000003 -0.6397921142426706
-0.5500000000000004 -0.7633063161939196
-0.6000000000000004 -0.8528890002317484
-0.6500000000000005 -0.9072736918008373
-0.7000000000000005 -0.9355173644224659
-0.7500000000000006 -0.9494943553243952
-0.8000000000000006 -0.9573505671483313
-0.8500000000000006 -0.9615911553918329
-0.9000000000000007 -0.9637261795081743
-0.9500000000000007 -0.9652039166462318
-1.0000000000000007 -0.9661028371496269
-1.0500000000000007 -0.9669486319332964
-1.1000000000000008 -0.9679340895488043
-1.1500000000000008 -0.9691534714556612
-1.2000000000000008 -0.970491544271333
-1.2500000000000009 -0.9719012928753397
-1.300000000000001 -0.9733440958810313
-1.350000000000001 -0.9747719975168369
-1.400000000000001 -0.9761581841199838
-1.450000000000001 -0.9774830274304579
-1.500000000000001 -0.978740988158329
-1.5500000000000012 -0.9799179880277512
-1.6000000000000012 -0.981012366934651
-1.6500000000000012 -0.982028079501603
-1.7000000000000013 -0.9829694256266013
-1.7500000000000013 -0.9838412092060892
-1.8000000000000014 -0.9846487413465517
-1.8500000000000014 -0.9853972497458298
-1.9000000000000015 -0.98609188726905
-1.9500000000000015 -0.9867377891781705
-2.0000000000000013 -0.9873386791400407
-2.050000000000001 -0.9878987370032657
-2.100000000000001 -0.9884217880426059
-2.150000000000001 -0.9889110059432576
-2.2000000000000006 -0.9893691798837693
-2.2500000000000004 -0.9897989004072105
-2.3000000000000003 -0.9902026845117886
-2.35 -0.990582607354791
-2.4 -0.9909405064319489
-2.4499999999999997 -0.9912779310950398
-2.4999999999999996 -0.9915965412084179
-2.5499999999999994 -0.9918978547291757
-2.599999999999999 -0.9918702829442679
-2.649999999999999 -0.9916956412092618
-2.699999999999999 -0.9914473321054044
-2.7499999999999987 -0.9911566286480307
-2.7999999999999985 -0.9908362096054589
-2.8499999999999983 -0.9904913461208235
-2.899999999999998 -0.9901235319275554
-2.949999999999998 -0.9897325605413876
-2.999999999999998 -0.9893172164840993
-2.949999999999998 -0.98887604722261
-2.899999999999998 -0.9884071471273501
-2.8499999999999983 -0.9879083321352574
-2.7999999999999985 -0.9873769668535686
-2.7499999999999987 -0.9868102304240508
-2.699999999999999 -0.9862051001812181
-2.649999999999999 -0.9855580235049135
-2.599999999999999 -0.9848651943829188
-2.5499999999999994 -0.9841221875238356
-2.4999999999999996 -0.9833241872599532
-2.4499999999999997 -0.9824658175869342
-2.4 -0.981540874952526
-2.35 -0.9805424909906725
-2.3000000000000003 -0.9794630406855755
-2.2500000000000004 -0.9782936684764968
-2.2000000000000006 -0.977024383328897
-2.150000000000001 -0.9756440598602307
-2.100000000000001 -0.9741396753531689
-2.050000000000001 -0.97249671151105
-2.0000000000000013 -0.9706982251302516
-1.9500000000000013 -0.9687251064287153
-1.9000000000000012 -0.9665552102434806
-1.8500000000000012 -0.9641630663137587
-1.8000000000000012 -0.9615193059056902
-1.750000000000001 -0.9585900866675652
-1.700000000000001 -0.9553361669488446
-1.650000000000001 -0.9517122784118662
-1.600000000000001 -0.9476658413681279
-1.550000000000001 -0.943136352682434
-1.5000000000000009 -0.9380538670472002
-1.4500000000000008 -0.9323381907717553
-1.4000000000000008 -0.9258975813665987
-1.3500000000000008 -0.9186281450710281
-1.3000000000000007 -0.9104136904201319
-1.2500000000000007 -0.9011269681212054
-1.2000000000000006 -0.8906320417777661
-1.1500000000000006 -0.8787902665132105
-1.1000000000000005 -0.8654713115609504
-1.0500000000000005 -0.85056858749604
-1.0000000000000004 -0.834014939683931
-0.9500000000000004 -0.8157930331110187
-0.9000000000000004 -0.795938826058125
-0.8500000000000003 -0.7745335574457848
-0.8000000000000003 -0.7516884575118024
-0.7500000000000002 -0.7275319310417493
-0.7000000000000002 -0.702180885943067
-0.6500000000000001 -0.675704540360151
-0.6000000000000001 -0.6481241124437088
-0.55 -0.619442610901644
-0.5 -0.5896705522601937
-0.45 -0.5588236391465544
-0.4 -0.5268887105210114
-0.35000000000000003 -0.49379710674214317
-0.30000000000000004 -0.4594272228511411
-0.25000000000000006 -0.42362357525071687
-0.20000000000000007 -0.3862043697511599
-0.15000000000000008 -0.34696658556115434
-0.10000000000000007 -0.30567008138021756
-0.05000000000000007 -0.26203517553232625
-6.938893903907228e-17 -0.21571562928080737
0.04999999999999993 -0.16627492536162902
0.09999999999999994 -0.11314378462272595
0.14999999999999994 -0.05555252820296056
0.19999999999999996 0.0075791165044350114
0.24999999999999994 0.07784050894175962
0.29999999999999993 0.157709958912446
0.3499999999999999 0.2512155429365042
0.3999999999999999 0.3642197020501923
0.4499999999999999 0.498590515612887
0.4999999999999999 0.6397917252937073
0.5499999999999999 0.7633058132815056
0.6 0.8528882769730984
0.65 0.907272634178861
0.7000000000000001 0.9355157758352446
0.7500000000000001 0.9494913593384933
0.8000000000000002 0.9573467161568441
0.8500000000000002 0.961586594607255
0.9000000000000002 0.9637212427394571
0.9500000000000003 0.965200318263981
1.0000000000000002 0.9661010482182304
1.0500000000000003 0.9669481442537387
1.1000000000000003 0.9679350281758093
1.1500000000000004 0.9691556155059744
1.2000000000000004 0.9704932548929522
1.2500000000000004 0.9719026763792897
1.3000000000000005 0.9733446155735207
1.3500000000000005 0.9747722535906065
1.4000000000000006 0.9761586354106774
1.4500000000000006 0.9774852306502055
1.5000000000000007 0.9787430779697245
1.5500000000000007 0.9799185115507615
1.6000000000000008 0.981012471884305
1.6500000000000008 0.9820280983799635
1.7000000000000008 0.9829694281970665
1.7500000000000009 0.9838412090058268
1.800000000000001 0.98464874092874
1.850000000000001 0.9853972495178143
1.900000000000001 0.9860918877941386
1.950000000000001 0.9867377863064855
2.000000000000001 0.9873386784839424
2.0500000000000007 0.9878987369689771
2.1000000000000005 0.9884217879936487
2.1500000000000004 0.9889110058888771
2.2 0.9893691798312688
2.25 0.9897989004991445
2.3 0.9902026845289464
2.3499999999999996 0.9905826071765729
2.3999999999999995 0.990940506502152
2.4499999999999993 0.9912779311066655