0 -0.010322210477254963
0.05 0.00159762924433391
0.1 0.02280581224056781
0.15000000000000002 0.05032744991084499
0.2 0.08129267915005038
0.25 0.11361487211955709
0.3 0.14626664313526766
0.35 0.1790521022098199
0.39999999999999997 0.21217723811529135
0.44999999999999996 0.24599103945840772
0.49999999999999994 0.28087145140541636
0.5499999999999999 0.3171963799267537
0.6 0.35539159205912374
0.65 0.3960007803501553
0.7000000000000001 0.43979868137925465
0.7500000000000001 0.48793828964284347
0.8000000000000002 0.5422325880029576
0.8500000000000002 0.6049669310383662
0.9000000000000002 0.6772104106834617
0.9500000000000003 0.7542354796090678
1.0000000000000002 0.8229815705917716
1.0500000000000003 0.8738590373867703
1.1000000000000003 0.9060309528599012
1.1500000000000004 0.9245969691283571
1.2000000000000004 0.935628857127796
1.2500000000000004 0.94287880395012
1.3000000000000005 0.9481443812525855
1.3500000000000005 0.952450317296325
1.4000000000000006 0.9559301719720708
1.4500000000000006 0.9588751404665338
1.5000000000000007 0.9614519427783556
1.5500000000000007 0.9638450534230905
1.6000000000000008 0.9661008902207009
1.6500000000000008 0.9682092172138395
1.7000000000000008 0.9701666241291239
1.7500000000000009 0.9719876767256903
1.800000000000001 0.9736773293630913
1.850000000000001 0.9752439901567395
1.900000000000001 0.9766984999781622
1.950000000000001 0.9780406393434401
2.000000000000001 0.9792781862683467
2.0500000000000007 0.980416222632708
2.1000000000000005 0.981465157195657
2.1500000000000004 0.9824347591255174
2.2 0.9833282741543226
2.25 0.9841539319459642
2.3 0.9849185846875238
2.3499999999999996 0.9856281686940522
2.3999999999999995 0.986287820955442
2.4499999999999993 0.9869021240503011
2.499999999999999 0.9874751159899346
2.549999999999999 0.9880106424032233
2.5999999999999988 0.9885118894581021
2.6499999999999986 0.9889817741363921
2.6999999999999984 0.9894228683931264
2.7499999999999982 0.9898376691913208
2.799999999999998 0.9902281915703133
2.849999999999998 0.9905962972102258
2.8999999999999977 0.990943658831529
2.9499999999999975 0.9912718633999004
2.9999999999999973 0.9915824324321366
2.9499999999999975 0.9915565154910181
2.8999999999999977 0.9913788134420923
2.849999999999998 0.991124693267092
2.799999999999998 0.9908265885284424
2.7499999999999982 0.9904977962176935
2.6999999999999984 0.9901438884690904
2.6499999999999986 0.9897665900648701
2.5999999999999988 0.9893658077629893
2.549999999999999 0.9889403796327
2.499999999999999 0.9884888254893155
2.4499999999999993 0.9880092968462416
2.3999999999999995 0.9874996281157231
2.3499999999999996 0.9869573150930216
2.3 0.9863795014502648
2.25 0.985763228617208
2.2 0.9851050894982842
2.1500000000000004 0.9844012864939904
2.1000000000000005 0.9836474679756738
2.0500000000000007 0.9828390202517244
2.000000000000001 0.9819706979905142
1.9500000000000008 0.9810365753987561
1.9000000000000008 0.9800300342402616
1.8500000000000008 0.9789436671613215
1.8000000000000007 0.9777689987863737
1.7500000000000007 0.9764965316764861
1.7000000000000006 0.9751156372664906
1.6500000000000006 0.973613991941
1.6000000000000005 0.9719778395688214
1.5500000000000005 0.9701912453409042
1.5000000000000004 0.968236147474963
1.4500000000000004 0.9660917980350302
1.4000000000000004 0.9637344201758228
1.3500000000000003 0.9611366388742609
1.3000000000000003 0.9582668420600445
1.2500000000000002 0.9550885102904426
1.2000000000000002 0.9515596291536038
1.1500000000000001 0.9476313833927722
1.1 0.9432475514749253
1.05 0.9383431835177704
1.0 0.9328434915065621
0.95 0.9266630065670941
0.8999999999999999 0.9197046730701565
0.8499999999999999 0.9118595826190689
0.7999999999999998 0.9030074191103408
0.7499999999999998 0.8930184377764561
0.6999999999999997 0.8817568922797587
0.6499999999999997 0.8690865715653826
0.5999999999999996 0.8548798005854483
0.5499999999999996 0.8390292564661459
0.4999999999999996 0.8214645697186075
0.4499999999999996 0.8021699967500434
0.39999999999999963 0.7811966211951364
0.34999999999999964 0.7586559923278892
0.29999999999999966 0.7346927232294171
0.24999999999999967 0.709451395494483
0.19999999999999968 0.683056062543193
0.1499999999999997 0.6556027536002388
0.09999999999999969 0.6271517034016655
0.049999999999999684 0.5977137552800097
-3.191891195797325e-16 0.5672427643988545
-0.05000000000000032 0.5356535687255213
-0.10000000000000032 0.5028479527325889
-0.15000000000000033 0.46871286693328584
-0.20000000000000034 0.4331064431717094
-0.25000000000000033 0.3958521306304799
-0.3000000000000003 0.3567444660900895
-0.3500000000000003 0.31553741518206513
-0.4000000000000003 0.2719453222505524
-0.4500000000000003 0.22561572289398987
-0.5000000000000003 0.17610770777810775
-0.5500000000000004 0.12284944286925578
-0.6000000000000004 0.0650741192125123
-0.6500000000000005 0.0017170812960868123
-0.7000000000000005 -0.06876613423329589
-0.7500000000000006 -0.14873962605965463
-0.8000000000000006 -0.24187477963612028
-0.8500000000000006 -0.3529351356929558
-0.9000000000000007 -0.48447675906749377
-0.9500000000000007 -0.6276899766427404
-1.0000000000000007 -0.7572159106834017
-1.0500000000000007 -0.8508585388211409
-1.1000000000000008 -0.9063728335330895
-1.1500000000000008 -0.9348178587135573
-1.2000000000000008 -0.9486899293749748
-1.2500000000000009 -0.9557676794410527
-1.300000000000001 -0.9597733952772023
-1.350000000000001 -0.9624073565211813
-1.400000000000001 -0.9640276553326715
-1.450000000000001 -0.9652682101428224
-1.500000000000001 -0.9663453166172254
-1.5500000000000012 -0.9674797280827816
-1.6000000000000012 -0.9687551205408131
-1.6500000000000012 -0.9701029842749479
-1.7000000000000013 -0.9714780985659884
-1.7500000000000013 -0.972868686571028
-1.8000000000000014 -0.9742699937246401
-1.8500000000000014 -0.9756404107548271
-1.9000000000000015 -0.9769540145661767
-1.9500000000000015 -0.9782088704456346
-2.0000000000000013 -0.9793880493593611
-2.050000000000001 -0.9804857700598522
-2.100000000000001 -0.9815074897355016
-2.150000000000001 -0.9824631137005899
-2.2000000000000006 -0.9833452954308427
-2.2500000000000004 -0.9841641554362923
-2.3000000000000003 -0.9849246966468512
-2.35 -0.9856317824443752
-2.4 -0.9862899229932137
-2.4499999999999997 -0.9869033232781359
-2.4999999999999996 -0.9874758318246747
-2.5499999999999994 -0.9880110486815814
-2.599999999999999 -0.988512115246096
-2.649999999999999 -0.9889818964418239
-2.699999999999999 -0.989422932542007
-2.7499999999999987 -0.9898377016099817
-2.7999999999999985 -0.9902282064597588
-2.8499999999999983 -0.9905963028265051
-2.899999999999998 -0.9909436615052513
-2.949999999999998 -0.9912718630823819
-2.999999999999998 -0.9915824295905452
-2.949999999999998 -0.9915565135404252
-2.899999999999998 -0.9913788132874932
-2.8499999999999983 -0.9911246919480124
-2.7999999999999985 -0.9908265880474579
-2.7499999999999987 -0.9904977963232227
-2.699999999999999 -0.9901438881436359
-2.649999999999999 -0.9897665905806775
-2.599999999999999 -0.9893658089718376
-2.5499999999999994 -0.9889403800049172
-2.4999999999999996 -0.9884888267293054
-2.4499999999999997 -0.9880092988374136
-2.4 -0.9874996300777192
-2.35 -0.9869573161390535
-2.3000000000000003 -0.9863795023518479
-2.2500000000000004 -0.9857632295877431
-2.2000000000000006 -0.9851050904320742
-2.150000000000001 -0.984401288336903
-2.100000000000001 -0.9836474705616155
-2.050000000000001 -0.9828390227185347
-2.0000000000000013 -0.9819706996280965
-1.9500000000000013 -0.981036578675015
-1.9000000000000012 -0.9800300364341413
-1.8500000000000012 -0.9789436695711982
-1.8000000000000012 -0.9777690028652062
-1.750000000000001 -0.9764965373065182
-1.700000000000001 -0.9751156433737471
-1.650000000000001 -0.9736139973388881
-1.600000000000001 -0.9719778437433709
-1.550000000000001 -0.9701912519307444
-1.5000000000000009 -0.9682361541285401
-1.4500000000000008 -0.9660918060400271
-1.4000000000000008 -0.9637344270480123
-1.3500000000000008 -0.961136648588349
-1.3000000000000007 -0.9582668517343336
-1.2500000000000007 -0.9550885211439907
-1.2000000000000006 -0.9515596432993727
-1.1500000000000006 -0.9476313989767999
-1.1000000000000005 -0.9432475735934153
-1.0500000000000005 -0.9383432082167864
-1.0000000000000004 -0.9328435172587427
-0.9500000000000004 -0.9266630337079674
-0.9000000000000004 -0.9197047037267551
-0.8500000000000003 -0.9118596199006491
-0.8000000000000003 -0.9030074569321237
-0.7500000000000002 -0.8930184778217758
-0.7000000000000002 -0.8817569398407624
-0.6500000000000001 -0.8690866217373486
-0.6000000000000001 -0.8548798530348118
-0.55 -0.8390293196617585
-0.5 -0.8214646450994714
-0.45 -0.8021700835713866
-0.4 -0.7811967178285835
-0.35000000000000003 -0.7586560995926858
-0.30000000000000004 -0.7346928372314006
-0.25000000000000006 -0.7094515102678292
-0.20000000000000007 -0.6830561798884249
-0.15000000000000008 -0.6556028748010595
-0.10000000000000007 -0.6271518237530288
-0.05000000000000007 -0.5977138727604522
-6.938893903907228e-17 -0.5672428791798029
0.04999999999999993 -0.5356536869993108
0.09999999999999994 -0.5028480727378878
0.14999999999999994 -0.46871299133050753
0.19999999999999996 -0.4331065709171917
0.24999999999999994 -0.39585226606969914
0.29999999999999993 -0.3567446102165496
0.3499999999999999 -0.3155375693557701
0.3999999999999999 -0.27194549078431846
0.4499999999999999 -0.22561590883750066
0.4999999999999999 -0.1761079118845866
0.5499999999999999 -0.12284966439904343
0.6 -0.06507436171454309
0.65 -0.0017173492207398036
0.7000000000000001 0.06876583801080201
0.7500000000000001 0.14873929477734574
0.8000000000000002 0.24187440370510593
0.8500000000000002 0.35293470418733586
0.9000000000000002 0.48447625164846775
0.9500000000000003 0.6276893655440176
1.0000000000000002 0.7572151397161627
1.0500000000000003 0.8508575129910146
1.1000000000000003 0.9063712860057491
1.1500000000000004 0.9348153627077272
1.2000000000000004 0.9486860745898316
1.2500000000000004 0.9557623076937146
1.3000000000000005 0.9597663796353063
1.3500000000000005 0.9624011438471074
1.4000000000000006 0.9640231133741212
1.4500000000000006 0.965265849294932
1.5000000000000007 0.9663450361136704
1.5500000000000007 0.9674813043827286
1.6000000000000008 0.9687591567114493
1.6500000000000008 0.9701079441205737
1.7000000000000008 0.9714824354741284
1.7500000000000009 0.9728733149550407
1.800000000000001 0.9742800959647996
1.850000000000001 0.9756571898596942
1.900000000000001 0.976974002952542
1.950000000000001 0.9782233693429011
2.000000000000001 0.9793964761822284
2.0500000000000007 0.9804925795808076
2.1000000000000005 0.9815138639257701
2.1500000000000004 0.9824634471528707
2.2 0.9833453344316617
2.25 0.9841641562742238
2.3 0.9849246947045271
2.3499999999999996 0.9856317817629869
2.3999999999999995 0.9862899655542687
2.4499999999999993 0.9869033676657804
2.499999999999999 0.9874758302795826
2.549999999999999 0.988011047407824
2.5999999999999988 0.9885121145223636
2.6499999999999986 0.9889818960489589
2.6999999999999984 0.9894229322503671
2.7499999999999982 0.9898377014532177
2.799999999999998 0.9902282063968161
2.849999999999998 0.9905963027492023
2.8999999999999977 0.9909436613699327
2.9499999999999975 0.9912718630433973
2.9999999999999973 0.9915824295173131