
0 0.24803751819416056
0.05 0.28338224635919135
0.1 0.3201814747593653
0.15000000000000002 0.35876847672755
0.2 0.39963910774800643
0.25 0.4435385362747619
0.3 0.491634269951292
0.35 0.5458437043367877
0.39999999999999997 0.6083380299540538
0.44999999999999996 0.6799050655796075
0.49999999999999994 0.7564400093875454
0.5499999999999999 0.825191942825524
0.6 0.87512544492772
0.65 0.9067586262571388
0.7000000000000001 0.9253640119656591
0.7500000000000001 0.9365181894721086
0.8000000000000002 0.9437443472800884
0.8500000000000002 0.9487578712526636
0.9000000000000002 0.9525244415507654
0.9500000000000003 0.955625729694595
1.0000000000000002 0.9584231640763247
1.0500000000000003 0.9610997609698182
1.1000000000000003 0.9635837860528428
1.1500000000000004 0.9658972830671344
1.2000000000000004 0.968057864724276
1.2500000000000004 0.9700559593071642
1.3000000000000005 0.9719062736659052
1.3500000000000005 0.9736301843338748
1.4000000000000006 0.9752346040495433
1.4500000000000006 0.9767126462921456
1.5000000000000007 0.9780687316252566
1.5500000000000007 0.9793144585591302
1.6000000000000008 0.9804601716602409
1.6500000000000008 0.981514819318649
1.7000000000000008 0.9824872980908482
1.7500000000000009 0.9833840958853921
1.800000000000001 0.9842126087121293
1.850000000000001 0.9849794514443232
1.900000000000001 0.9856906575736597
1.950000000000001 0.9863514932464368
2.000000000000001 0.9869665903861998
2.0500000000000007 0.9875400494205513
2.1000000000000005 0.9880757777698468
2.1500000000000004 0.9885770374645663
2.2 0.9890467449105591
2.25 0.9894874746443573
2.3 0.9899017682077177
2.3499999999999996 0.9902916840496342
2.3999999999999995 0.9906591092397191
2.4499999999999993 0.9910057309555997
2.499999999999999 0.9913331180553989
2.549999999999999 0.9916428337897805
2.5999999999999988 0.9916167302794748
2.6499999999999986 0.9914393637334841
2.6999999999999984 0.991185746206346
2.7499999999999982 0.9908882727705363
2.799999999999998 0.9905601336144776
2.849999999999998 0.9902068209720297
2.8999999999999977 0.9898300339648303
2.9499999999999975 0.9894296597484609
2.9999999999999973 0.9890044922443318
2.9499999999999975 0.9885531086149042
2.8999999999999977 0.9880735842207216
2.849999999999998 0.9875636805392323
2.799999999999998 0.9870208814558266
2.7499999999999982 0.9864422903188949
2.6999999999999984 0.9858249162754487
2.6499999999999986 0.9851652693260663
2.5999999999999988 0.9844594859555458
2.549999999999999 0.9837031509041848
2.499999999999999 0.9828916096504285
2.4499999999999993 0.9820194610437062
2.3999999999999995 0.981080650200708
2.3499999999999996 0.9800684088176177
2.3 0.978975170692745
2.25 0.9777923362525287
2.2 0.9765101857694767
2.1500000000000004 0.9751177697944217
2.1000000000000005 0.973602521101902
2.0500000000000007 0.9719503079595799
2.000000000000001 0.9701448309789723
1.9500000000000008 0.9681676150435603
1.9000000000000008 0.9659974383220052
1.8500000000000008 0.9636097948060133
1.8000000000000007 0.9609767637614313
1.7500000000000007 0.9580660790072396
1.7000000000000006 0.9548404332569966
1.6500000000000006 0.9512568848049341
1.6000000000000005 0.9472659152041256
1.5500000000000005 0.9428104212158276
1.5000000000000004 0.9378247174080193
1.4500000000000004 0.9322334407610577
1.4000000000000004 0.925950898083818
1.3500000000000003 0.918880138745309
1.3000000000000003 0.9109131743842366
1.2500000000000002 0.9019318716531337
1.2000000000000002 0.8918105684496819
1.1500000000000001 0.8804212564803469
1.1 0.8676421124329358
1.05 0.8533688386721986
1.0 0.8375261871738116
0.95 0.8200752518797184
0.8999999999999999 0.801015685236289
0.8499999999999999 0.7803841969464685
0.7999999999999998 0.7582511401589798
0.7499999999999998 0.7347090076228736
0.6999999999999997 0.7098527162936822
0.6499999999999997 0.6837617512917029
0.5999999999999996 0.6564952061586866
0.5499999999999996 0.628097693187473
0.4999999999999996 0.5986022105212602
0.4499999999999996 0.5680186618867852
0.39999999999999963 0.5363228852814287
0.34999999999999964 0.503451069282778
0.29999999999999966 0.4692912938838838
0.24999999999999967 0.4336902112572871
0.19999999999999968 0.3964613644889179
0.1499999999999997 0.3573935701205573
0.09999999999999969 0.31613236741180556
0.049999999999999684 0.2722626714655158
-3.191891195797325e-16 0.2257412674256853
-0.05000000000000032 0.17615547395120584
-0.10000000000000032 0.12288579931166478
-0.15000000000000033 0.06513215964915345
-0.20000000000000034 0.001805871189578909
-0.25000000000000033 -0.06866970152655588
-0.3000000000000003 -0.14872996791939364
-0.3500000000000003 -0.24230818646796148
-0.4000000000000003 -0.35445303775507053
-0.4500000000000003 -0.4870256462896443
-0.5000000000000003 -0.6300345908341501
-0.5500000000000004 -0.7588544877254316
-0.6000000000000004 -0.8522807985131612
-0.6500000000000005 -0.9084387623957997
-0.7000000000000005 -0.937496409752625
-0.7500000000000006 -0.951641934991386
-0.8000000000000006 -0.9583872834267303
-0.8500000000000006 -0.961533686370444
-0.9000000000000007 -0.9628861047804009
-0.9500000000000007 -0.9637118915742321
-1.0000000000000007 -0.964690182885551
-1.0500000000000007 -0.9658880213434416
-1.1000000000000008 -0.9671864017283727
-1.1500000000000008 -0.9685094891050424
-1.2000000000000008 -0.9699062493631792
-1.2500000000000009 -0.9713278373491335
-1.300000000000001 -0.9727694813396073
-1.350000000000001 -0.9742083133473365
-1.400000000000001 -0.9756033543390077
-1.450000000000001 -0.9769456084712458
-1.500000000000001 -0.9782125294967978
-1.5500000000000012 -0.979399341367403
-1.6000000000000012 -0.9805080077011005
-1.6500000000000012 -0.9815400789087713
-1.7000000000000013 -0.9825068662070842
-1.7500000000000013 -0.9833984265814452
-1.8000000000000014 -0.9842217775837384
-1.8500000000000014 -0.9849850361196981
-1.9000000000000015 -0.9856939863281813
-1.9500000000000015 -0.9863534489917577
-2.0000000000000013 -0.9869677240362967
-2.050000000000001 -0.9875407015174407
-2.100000000000001 -0.9880761491445743
-2.150000000000001 -0.9885772461656772
-2.2000000000000006 -0.9890468594342382
-2.2500000000000004 -0.9894875384515808
-2.3000000000000003 -0.989901803291887
-2.35 -0.9902917022132857
-2.4 -0.9906591192165817
-2.4499999999999997 -0.9910057363559807
-2.4999999999999996 -0.9913331205349408
-2.5499999999999994 -0.9916428349161872
-2.599999999999999 -0.9916167305770829
-2.649999999999999 -0.9914393635152616
-2.699999999999999 -0.9911857441596955
-2.7499999999999987 -0.9908882713701092
-2.7999999999999985 -0.9905601321867837
-2.8499999999999983 -0.9902068194939074
-2.899999999999998 -0.9898300331285126
-2.949999999999998 -0.9894296584557318
-2.999999999999998 -0.9890044905521649
-2.949999999999998 -0.9885531070600293
-2.899999999999998 -0.9880735845787225
-2.8499999999999983 -0.987563680637205
-2.7999999999999985 -0.9870208810029186
-2.7499999999999987 -0.9864422906864735
-2.699999999999999 -0.9858249170570726
-2.649999999999999 -0.9851652692211832
-2.599999999999999 -0.9844594844044331
-2.5499999999999994 -0.9837031491207011
-2.4999999999999996 -0.9828916074865865
-2.4499999999999997 -0.982019458952345
-2.4 -0.9810806486260666
-2.35 -0.9800684070910065
-2.3000000000000003 -0.978975170081399
-2.2500000000000004 -0.9777923347164854
-2.2000000000000006 -0.9765101843039562
-2.150000000000001 -0.9751177690257634
-2.100000000000001 -0.9736025191012234
-2.050000000000001 -0.971950305592054
-2.0000000000000013 -0.9701448293564331
-1.9500000000000013 -0.9681676123073195
-1.9000000000000012 -0.9659974381543803
-1.8500000000000012 -0.9636097949503966
-1.8000000000000012 -0.9609767609202848
-1.750000000000001 -0.9580660766416538
-1.700000000000001 -0.954840430653043
-1.650000000000001 -0.9512568810872072
-1.600000000000001 -0.9472659109227232
-1.550000000000001 -0.9428104162430532
-1.5000000000000009 -0.9378247096913964
-1.4500000000000008 -0.9322334357896276
-1.4000000000000008 -0.9259508868576116
-1.3500000000000008 -0.9188801258225403
-1.3000000000000007 -0.9109131640383678
-1.2500000000000007 -0.9019318620281559
-1.2000000000000006 -0.8918105525952672
-1.1500000000000006 -0.8804212359666198
-1.1000000000000005 -0.8676420893468177
-1.0500000000000005 -0.8533688139905695
-1.0000000000000004 -0.83752615775048
-0.9500000000000004 -0.8200752168967165
-0.9000000000000004 -0.8010156465847463
-0.8500000000000003 -0.7803841584850236
-0.8000000000000003 -0.7582511057833526
-0.7500000000000002 -0.7347089851573667
-0.7000000000000002 -0.7098527101988837
-0.6500000000000001 -0.6837617700795742
-0.6000000000000001 -0.6564952538764239
-0.55 -0.6280977680294417
-0.5 -0.5986023017284913
-0.45 -0.5680187595961638
-0.4 -0.5363229821249161
-0.35000000000000003 -0.503451157420847
-0.30000000000000004 -0.4692913744791382
-0.25000000000000006 -0.4336902858524504
-0.20000000000000007 -0.3964614380047015
-0.15000000000000008 -0.35739364622283637
-0.10000000000000007 -0.31613244593939077
-0.05000000000000007 -0.27226275386824006
-6.938893903907228e-17 -0.22574135634385412
0.04999999999999993 -0.17615557217335098
0.09999999999999994 -0.12288590638740375
0.14999999999999994 -0.06513227831708802
0.19999999999999996 -0.0018060025390575032
0.24999999999999994 0.06866955266612715
0.29999999999999993 0.14872979988804638
0.3499999999999999 0.24230799371147566
0.3999999999999999 0.3544528142554676
0.4499999999999999 0.48702538227974723
0.4999999999999999 0.630034269869463
0.5499999999999999 0.7588540745558926
0.6 0.8522802295195844
0.65 0.9084378678274219
0.7000000000000001 0.9374948252790333
0.7500000000000001 0.9516398476309652
0.8000000000000002 0.9583838273504206
0.8500000000000002 0.9615302010918221
0.9000000000000002 0.9628828207329269
0.9500000000000003 0.9637086978787186
1.0000000000000002 0.9646878906320991
1.0500000000000003 0.965887366084794
1.1000000000000003 0.9671872071199
1.1500000000000004 0.9685116239875757
1.2000000000000004 0.9699093021440981
1.2500000000000004 0.9713342388639973
1.3000000000000005 0.972784237182751
1.3500000000000005 0.9742181419773285
1.4000000000000006 0.9756172873441628
1.4500000000000006 0.9769608147041774
1.5000000000000007 0.9782308567404251
1.5500000000000007 0.9794187588143187
1.6000000000000008 0.9805272610949856
1.6500000000000008 0.981557246771282
1.7000000000000008 0.9825131556049289
1.7500000000000009 0.9833997266018535
1.800000000000001 0.9842220131838885
1.850000000000001 0.9849850754862967
1.900000000000001 0.9856939905194503
1.950000000000001 0.9863534485064422
2.000000000000001 0.986967722432308
2.0500000000000007 0.9875407007606846
2.1000000000000005 0.9880761487550763
2.1500000000000004 0.9885772459568264
2.2 0.9890468593141682
2.25 0.989487538373998
2.3 0.9899018033467193
2.3499999999999996 0.9902917022085983
2.3999999999999995 0.9906591192714311
2.4499999999999993 0.9910057363521249