
0 0.2528802311495936
0.05 0.2878324940964985
0.1 0.3241373753927768
0.15000000000000002 0.36211150921214774
0.2 0.4022391375933515
0.25 0.44525692658155364
0.3 0.49232426204235247
0.35 0.5452833070838062
0.39999999999999997 0.6066514050235795
0.44999999999999996 0.6778899096769803
0.49999999999999994 0.7533428484099006
0.5499999999999999 0.8197757491323111
0.6 0.8696245074882233
0.65 0.9023853506197852
0.7000000000000001 0.9220388804672427
0.7500000000000001 0.9341750085522452
0.8000000000000002 0.9425662657657493
0.8500000000000002 0.9485481163627304
0.9000000000000002 0.9529439239415961
0.9500000000000003 0.9566440176698309
1.0000000000000002 0.9596227180426813
1.0500000000000003 0.9621700659667659
1.1000000000000003 0.9644932423299762
1.1500000000000004 0.9666955403649528
1.2000000000000004 0.9687641758139812
1.2500000000000004 0.9707320175453892
1.3000000000000005 0.9725680781311162
1.3500000000000005 0.9742599673031966
1.4000000000000006 0.975825436972315
1.4500000000000006 0.9772688753681289
1.5000000000000007 0.9785999496979783
1.5500000000000007 0.9798306742361155
1.6000000000000008 0.9809593028820651
1.6500000000000008 0.9819959439027373
1.7000000000000008 0.9829500720998705
1.7500000000000009 0.9838296797286232
1.800000000000001 0.9846419810843673
1.850000000000001 0.9853933751521561
1.900000000000001 0.9860897344120465
1.950000000000001 0.9867363335588547
2.000000000000001 0.9873377943628505
2.0500000000000007 0.9878981954387138
2.1000000000000005 0.9884214504403853
2.1500000000000004 0.9889107880372101
2.2 0.9893690287985156
2.25 0.9897987864415797
2.3 0.9902025950903536
2.3499999999999996 0.9905825338633792
2.3999999999999995 0.9909404427462191
2.4499999999999993 0.9912778723907973
2.499999999999999 0.9915964867595506
2.549999999999999 0.9918978067404501
2.5999999999999988 0.9918702322648337
2.6499999999999986 0.9916955880720526
2.6999999999999984 0.9914472782857021
2.7499999999999982 0.9911565731269605
2.799999999999998 0.9908361506231381
2.849999999999998 0.99049128471495
2.8999999999999977 0.9901234677543301
2.9499999999999975 0.9897324940721935
2.9999999999999973 0.9893171467846877
2.9499999999999975 0.9888759738892017
2.8999999999999977 0.9884070684588723
2.849999999999998 0.9879082493166906
2.799999999999998 0.9873768796835479
2.7499999999999982 0.9868101365627281
2.6999999999999984 0.9862050023190891
2.6499999999999986 0.9855579192132953
2.5999999999999988 0.9848650834723983
2.549999999999999 0.9841220699732443
2.499999999999999 0.983324061913319
2.4499999999999993 0.9824656827875854
2.3999999999999995 0.9815407319213764
2.3499999999999996 0.9805423361817863
2.3 0.9794628730285906
2.25 0.9782934865991618
2.2 0.9770241878560779
2.1500000000000004 0.9756438454450375
2.1000000000000005 0.9741394405594089
2.0500000000000007 0.9724964573669164
2.000000000000001 0.9706979435807492
1.9500000000000008 0.9687248006082066
1.9000000000000008 0.9665548748253107
1.8500000000000008 0.9641626992313512
1.8000000000000007 0.961518899216259
1.7500000000000007 0.9585896429091691
1.7000000000000006 0.9553356793645419
1.6500000000000006 0.9517117429375287
1.6000000000000005 0.9476652542787252
1.5500000000000005 0.9431357165058317
1.5000000000000004 0.9380531879821856
1.4500000000000004 0.9323374709227846
1.4000000000000004 0.9258968406728115
1.3500000000000003 0.9186274104024819
1.3000000000000003 0.9104130091311302
1.2500000000000002 0.9011264046999402
1.2000000000000002 0.8906316835875359
1.1500000000000001 0.8787901795349801
1.1 0.8654714412262573
1.05 0.8505687651475777
1.0 0.834014879339678
0.95 0.8157923248601162
0.8999999999999999 0.7959368486469386
0.8499999999999999 0.7745296102517233
0.7999999999999998 0.7516825482907761
0.7499999999999998 0.7275252865383354
0.6999999999999997 0.7021751065801928
0.6499999999999997 0.6757010491285509
0.5999999999999996 0.6481247664987959
0.5499999999999996 0.6194495775217357
0.4999999999999996 0.589683676372856
0.4499999999999996 0.5588395450537048
0.39999999999999963 0.5269037015125626
0.34999999999999964 0.49380930308776216
0.29999999999999966 0.4594363972318929
0.24999999999999967 0.42363020088470654
0.19999999999999968 0.38620910911506234
0.1499999999999997 0.34697001337325073
0.09999999999999969 0.3056726718568303
0.049999999999999684 0.262037244700202
-3.191891195797325e-16 0.2157174079208616
-0.05000000000000032 0.16627662248939667
-0.10000000000000032 0.11314553766283839
-0.15000000000000033 0.05555446131790611
-0.20000000000000034 -0.007576882200272674
-0.25000000000000033 -0.07783783776477825
-0.3000000000000003 -0.1577066569898288
-0.3500000000000003 -0.2512114105931049
-0.4000000000000003 -0.36421440161664415
-0.4500000000000003 -0.49858358503584477
-0.5000000000000003 -0.6397849694664374
-0.5500000000000004 -0.7633013762146574
-0.6000000000000004 -0.8528869575702555
-0.6500000000000005 -0.9072736390122959
-0.7000000000000005 -0.9355170399339003
-0.7500000000000006 -0.9494944965963996
-0.8000000000000006 -0.9573509679664557
-0.8500000000000006 -0.9615915372276888
-0.9000000000000007 -0.9637259410635691
-0.9500000000000007 -0.9652033686721807
-1.0000000000000007 -0.9661022524218579
-1.0500000000000007 -0.9669480471326248
-1.1000000000000008 -0.9679336982690945
-1.1500000000000008 -0.9691535271930106
-1.2000000000000008 -0.9704913481376115
-1.2500000000000009 -0.9719012257654627
-1.300000000000001 -0.9733437744537546
-1.350000000000001 -0.9747716558805353
-1.400000000000001 -0.9761579641723573
-1.450000000000001 -0.9774829388604118
-1.500000000000001 -0.9787410301320401
-1.5500000000000012 -0.9799178895477025
-1.6000000000000012 -0.9810122328112079
-1.6500000000000012 -0.9820279464168603
-1.7000000000000013 -0.9829692980800997
-1.7500000000000013 -0.983841090678791
-1.8000000000000014 -0.9846486299795296
-1.8500000000000014 -0.9853971417746636
-1.9000000000000015 -0.986091778661413
-1.9500000000000015 -0.9867373570822588
-2.0000000000000013 -0.9873382162952076
-2.050000000000001 -0.9878982706697156
-2.100000000000001 -0.9884213221715394
-2.150000000000001 -0.9889105470052072
-2.2000000000000006 -0.9893687216559369
-2.2500000000000004 -0.9897984438350221
-2.3000000000000003 -0.9902022298036822
-2.35 -0.9905821567732463
-2.4 -0.9909400605287527
-2.4499999999999997 -0.991277486966798
-2.4999999999999996 -0.9915961001303794
-2.5499999999999994 -0.9918974173766206
-2.599999999999999 -0.9918698455669421
-2.649999999999999 -0.9916952017197475
-2.699999999999999 -0.9914468903302138
-2.7499999999999987 -0.991156185458513
-2.7999999999999985 -0.9908357615543428
-2.8499999999999983 -0.9904908948822553
-2.899999999999998 -0.9901230782178485
-2.949999999999998 -0.9897321038251478
-2.999999999999998 -0.9893167534857931
-2.949999999999998 -0.9888755810603931
-2.899999999999998 -0.9884066776007244
-2.8499999999999983 -0.9879078583390074
-2.7999999999999985 -0.9873764877795205
-2.7499999999999987 -0.9868097451745373
-2.699999999999999 -0.9862046076342498
-2.649999999999999 -0.9855575244174771
-2.599999999999999 -0.9848646884196314
-2.5499999999999994 -0.9841216729795474
-2.4999999999999996 -0.9833236637098378
-2.4499999999999997 -0.9824652832725119
-2.4 -0.981540328000806
-2.35 -0.9805419309126874
-2.3000000000000003 -0.9794624682259996
-2.2500000000000004 -0.9782930810745463
-2.2000000000000006 -0.9770237787642855
-2.150000000000001 -0.9756434361354909
-2.100000000000001 -0.9741390302049195
-2.050000000000001 -0.9724960439498438
-2.0000000000000013 -0.9706975248095587
-1.9500000000000013 -0.9687243791938388
-1.9000000000000012 -0.9665544507699833
-1.8500000000000012 -0.9641622697678495
-1.8000000000000012 -0.9615184726314588
-1.750000000000001 -0.9585892080531478
-1.700000000000001 -0.9553352380450213
-1.650000000000001 -0.9517112943519134
-1.600000000000001 -0.9476647997943352
-1.550000000000001 -0.9431352539670391
-1.5000000000000009 -0.9380527157322863
-1.4500000000000008 -0.9323369884233055
-1.4000000000000008 -0.9258963493128926
-1.3500000000000008 -0.9186269082727304
-1.3000000000000007 -0.910412503089446
-1.2500000000000007 -0.9011258964673312
-1.2000000000000006 -0.8906311819624741
-1.1500000000000006 -0.8787897079724127
-1.1000000000000005 -0.8654710106135851
-1.0500000000000005 -0.8505683965486597
-1.0000000000000004 -0.8340145976209846
-0.9500000000000004 -0.8157921378183483
-0.9000000000000004 -0.795936749261614
-0.8500000000000003 -0.774529583626687
-0.8000000000000003 -0.7516825739677809
-0.7500000000000002 -0.727525348754811
-0.7000000000000002 -0.7021752288498038
-0.6500000000000001 -0.6757013154209304
-0.6000000000000001 -0.6481253058111492
-0.55 -0.6194505016108426
-0.5 -0.5896849077318813
-0.45 -0.5588408325301082
-0.4 -0.5269047913949968
-0.35000000000000003 -0.49381008620481415
-0.30000000000000004 -0.45943686262153793
-0.25000000000000006 -0.42363042504726933
-0.20000000000000007 -0.3862091437846735
-0.15000000000000008 -0.3469699150074232
-0.10000000000000007 -0.30567247145933846
-0.05000000000000007 -0.26203696787360076
-6.938893903907228e-17 -0.21571707186926647
0.04999999999999993 -0.16627623977394165
0.09999999999999994 -0.1131451133422773
0.14999999999999994 -0.05555399993534474
0.19999999999999996 0.007577383562791311
0.24999999999999994 0.07783838837832767
0.29999999999999993 0.1577072783955733
0.3499999999999999 0.2512121349116346
0.3999999999999999 0.36421530175583655
0.4499999999999999 0.49858470607025895
0.4999999999999999 0.6397859021081627
0.5499999999999999 0.763301019381082
0.6 0.8528855396106686
0.65 0.9072725928344457
0.7000000000000001 0.9355163081257539
0.7500000000000001 0.9494929367873847
0.8000000000000002 0.9573480795910005
0.8500000000000002 0.9615874424793113
0.9000000000000002 0.9637212854587626
0.9500000000000003 0.9651999967359634
1.0000000000000002 0.96610076856625
1.0500000000000003 0.9669479257406256
1.1000000000000003 0.9679349865143908
1.1500000000000004 0.969156061331267
1.2000000000000004 0.9704934708946898
1.2500000000000004 0.9719030021275155
1.3000000000000005 0.9733446824670484
1.3500000000000005 0.9747723119119369
1.4000000000000006 0.9761587994750409
1.4500000000000006 0.9774854410201159
1.5000000000000007 0.9787433205761107
1.5500000000000007 0.9799187638570911
1.6000000000000008 0.9810127309505323
1.6500000000000008 0.9820283656948934
1.7000000000000008 0.9829697011915329
1.7500000000000009 0.983841489785876
1.800000000000001 0.9846490276977686
1.850000000000001 0.9853975391103428
1.900000000000001 0.9860921744825396
1.950000000000001 0.9867377517629341
2.000000000000001 0.9873386100301417
2.0500000000000007 0.9878986635776863
2.1000000000000005 0.9884217142942666
2.1500000000000004 0.9889109384924833
2.2 0.9893691139668466
2.25 0.9897988348497178
2.3 0.9902026198931515
2.3499999999999996 0.9905825462337964
2.3999999999999995 0.9909404496509874
2.4499999999999993 0.9912778763955543