0 0.0032714048375326993
0.05 0.013106106129036708
0.1 0.03236474984429171
0.15000000000000002 0.05792004536636973
0.2 0.08712997530090963
0.25 0.11820946260989745
0.3 0.15015756190979873
0.35 0.18257101267253542
0.39999999999999997 0.21552141358406157
0.44999999999999996 0.24932230989929643
0.49999999999999994 0.28424618252311623
0.5499999999999999 0.3205970382343749
0.6 0.35876384101311426
0.65 0.399263774518519
0.7000000000000001 0.44286997383050714
0.7500000000000001 0.4907678117239151
0.8000000000000002 0.5446869964026205
0.8500000000000002 0.6066406955900338
0.9000000000000002 0.6775894794661234
0.9500000000000003 0.7532020441724798
1.0000000000000002 0.8227978593860473
1.0500000000000003 0.8753871382869267
1.1000000000000003 0.9081657269051995
1.1500000000000004 0.9265592086498669
1.2000000000000004 0.9373926955046574
1.2500000000000004 0.9443392625356205
1.3000000000000005 0.9491431415176548
1.3500000000000005 0.9528943296292768
1.4000000000000006 0.9559740217097767
1.4500000000000006 0.958749041213613
1.5000000000000007 0.9613616962438483
1.5500000000000007 0.9637726617703172
1.6000000000000008 0.9659856973888749
1.6500000000000008 0.96808275645647
1.7000000000000008 0.9700655958879975
1.7500000000000009 0.9719148603763491
1.800000000000001 0.9736313722348682
1.850000000000001 0.9752150799197977
1.900000000000001 0.976677432879671
1.950000000000001 0.9780259722884286
2.000000000000001 0.9792686667994366
2.0500000000000007 0.980413291320059
2.1000000000000005 0.9814677970088577
2.1500000000000004 0.9824399539587758
2.2 0.9833372077605413
2.25 0.9841666033861907
2.3 0.984934432251533
2.3499999999999996 0.9856466413167255
2.3999999999999995 0.986308432232926
2.4499999999999993 0.986924418613503
2.499999999999999 0.9874987724982623
2.549999999999999 0.9880353332558288
2.5999999999999988 0.9885374025112473
2.6499999999999986 0.9890078458482645
2.6999999999999984 0.9894492809774112
2.7499999999999982 0.9898642705982127
2.799999999999998 0.9902548758343248
2.849999999999998 0.9906229601985818
2.8999999999999977 0.9909702123722787
2.9499999999999975 0.9912981992763632
2.9999999999999973 0.9916084907332083
2.9499999999999975 0.991583297023382
2.8999999999999977 0.9914065707534856
2.849999999999998 0.9911532847014619
2.799999999999998 0.9908559027799253
2.7499999999999982 0.9905277054948379
2.6999999999999984 0.9901742916616125
2.6499999999999986 0.9897973845957913
2.5999999999999988 0.9893968794712009
2.549999999999999 0.9889715957914199
2.499999999999999 0.9885201081007069
2.4499999999999993 0.9880405273968158
2.3999999999999995 0.9875306521510615
2.3499999999999996 0.9869879197078412
2.3 0.9864094598682519
2.25 0.985792264267662
2.2 0.9851329018057774
2.1500000000000004 0.9844275253058238
2.1000000000000005 0.9836716906502172
2.0500000000000007 0.9828607288048016
2.000000000000001 0.981989333712957
1.9500000000000008 0.9810514402310129
1.9000000000000008 0.9800402675852524
1.8500000000000008 0.9789482993298082
1.8000000000000007 0.9777669448539178
1.7500000000000007 0.9764865614144853
1.7000000000000006 0.9750962204174601
1.6500000000000006 0.9735833637645414
1.6000000000000005 0.9719339682468932
1.5500000000000005 0.9701317780999786
1.5000000000000004 0.968158458889208
1.4500000000000004 0.9659928916808846
1.4000000000000004 0.9636107921130366
1.3500000000000003 0.9609844589779122
1.3000000000000003 0.9580818457102998
1.2500000000000002 0.9548661120291494
1.2000000000000002 0.9512950004836783
1.1500000000000001 0.9473196550648353
1.1 0.9428840523322578
1.05 0.9379238435533891
1.0 0.9323657709843245
0.95 0.9261265264456026
0.8999999999999999 0.9191125713252266
0.8499999999999999 0.911219822760534
0.7999999999999998 0.9023344872920135
0.7499999999999998 0.8923352911025577
0.6999999999999997 0.8810964424885995
0.6499999999999997 0.8684939268480857
0.5999999999999996 0.8544145374131006
0.5499999999999996 0.8387669121714713
0.4999999999999996 0.8214913796157471
0.4499999999999996 0.8025657021759349
0.39999999999999963 0.7820098244268929
0.34999999999999964 0.7598925010433022
0.29999999999999966 0.7363338053676115
0.24999999999999967 0.7114837713101788
0.19999999999999968 0.6854861064162173
0.1499999999999997 0.6584501361572885
0.09999999999999969 0.6304391413033511
0.049999999999999684 0.6014619500449052
-3.191891195797325e-16 0.5714679949206064
-0.05000000000000032 0.5403664541683514
-0.10000000000000032 0.5080465437375915
-0.15000000000000033 0.4743764650728019
-0.20000000000000034 0.4392026782100773
-0.25000000000000033 0.4023477680332416
-0.3000000000000003 0.363610808568889
-0.3500000000000003 0.3227517957494779
-0.4000000000000003 0.27948964868747256
-0.4500000000000003 0.2334756478558304
-0.5000000000000003 0.18427012784601812
-0.5500000000000004 0.1313011583086088
-0.6000000000000004 0.07379920414623689
-0.6500000000000005 0.010691340458720663
-0.7000000000000005 -0.059587099411245154
-0.7500000000000006 -0.1394583192999154
-0.8000000000000006 -0.23266914077781292
-0.8500000000000006 -0.3439633802365716
-0.9000000000000007 -0.4759505125328934
-0.9500000000000007 -0.620266213171797
-1.0000000000000007 -0.7527527693556386
-1.0500000000000007 -0.8492601821272464
-1.1000000000000008 -0.906344232951088
-1.1500000000000008 -0.9359922703312901
-1.2000000000000008 -0.9508319261535402
-1.2500000000000009 -0.9580256949292534
-1.300000000000001 -0.9613813492233211
-1.350000000000001 -0.9630710793357915
-1.400000000000001 -0.9641447273648869
-1.450000000000001 -0.96521336898329
-1.500000000000001 -0.9663665255373196
-1.5500000000000012 -0.9675312644648945
-1.6000000000000012 -0.9687068085730873
-1.6500000000000012 -0.9699766378663991
-1.7000000000000013 -0.9713452987637445
-1.7500000000000013 -0.9727752233158242
-1.8000000000000014 -0.9742010922927943
-1.8500000000000014 -0.9755902306256885
-1.9000000000000015 -0.976923016430249
-1.9500000000000015 -0.9781844688572766
-2.0000000000000013 -0.9793697105443836
-2.050000000000001 -0.9804767618193945
-2.100000000000001 -0.981507890049905
-2.150000000000001 -0.9824646743465382
-2.2000000000000006 -0.9833522750408081
-2.2500000000000004 -0.9841756685273745
-2.3000000000000003 -0.984939846877801
-2.35 -0.9856498442772034
-2.4 -0.9863103067331201
-2.4499999999999997 -0.986925501263936
-2.4999999999999996 -0.9874993905586412
-2.5499999999999994 -0.9880356809826614
-2.599999999999999 -0.9885375940157118
-2.649999999999999 -0.9890079504313539
-2.699999999999999 -0.9894493358407535
-2.7499999999999987 -0.9898642966759845
-2.7999999999999985 -0.9902548876151483
-2.8499999999999983 -0.9906229626036616
-2.899999999999998 -0.9909702106158413
-2.949999999999998 -0.9912981963474561
-2.999999999999998 -0.9916084880940137
-2.949999999999998 -0.9915832995583042
-2.899999999999998 -0.9914065725280016
-2.8499999999999983 -0.9911532851367473
-2.7999999999999985 -0.9908559041769281
-2.7499999999999987 -0.9905277081163881
-2.699999999999999 -0.9901742937856185
-2.649999999999999 -0.9897973856589785
-2.599999999999999 -0.9893968806486154
-2.5499999999999994 -0.9889715976320589
-2.4999999999999996 -0.9885201090589544
-2.4499999999999997 -0.9880405288115068
-2.4 -0.9875306514209592
-2.35 -0.9869879183733603
-2.3000000000000003 -0.9864094598926001
-2.2500000000000004 -0.9857922659840231
-2.2000000000000006 -0.9851329053409931
-2.150000000000001 -0.9844275273806411
-2.100000000000001 -0.9836716933415535
-2.050000000000001 -0.9828607324687925
-2.0000000000000013 -0.9819893362076717
-1.9500000000000013 -0.9810514424209695
-1.9000000000000012 -0.9800402704650709
-1.8500000000000012 -0.9789483007501074
-1.8000000000000012 -0.9777669489872286
-1.750000000000001 -0.9764865671674567
-1.700000000000001 -0.9750962259212741
-1.650000000000001 -0.9735833698879872
-1.600000000000001 -0.9719339740371044
-1.550000000000001 -0.9701317851464376
-1.5000000000000009 -0.968158464773611
-1.4500000000000008 -0.9659929036048476
-1.4000000000000008 -0.9636108063600133
-1.3500000000000008 -0.9609844722616312
-1.3000000000000007 -0.9580818605493249
-1.2500000000000007 -0.9548661298080613
-1.2000000000000006 -0.951295021127014
-1.1500000000000006 -0.947319673816123
-1.1000000000000005 -0.9428840752983664
-1.0500000000000005 -0.9379238721081133
-1.0000000000000004 -0.9323658050132508
-0.9500000000000004 -0.9261265650111823
-0.9000000000000004 -0.9191126225080264
-0.8500000000000003 -0.9112198814961012
-0.8000000000000003 -0.9023345591850574
-0.7500000000000002 -0.8923353728514688
-0.7000000000000002 -0.8810965386253337
-0.6500000000000001 -0.8684940338089439
-0.6000000000000001 -0.8544146515129951
-0.55 -0.8387670381487278
-0.5 -0.8214915144452816
-0.45 -0.8025658448951811
-0.4 -0.7820099754999257
-0.35000000000000003 -0.7598926638467267
-0.30000000000000004 -0.7363339846826948
-0.25000000000000006 -0.7114839560969317
-0.20000000000000007 -0.6854862707191093
-0.15000000000000008 -0.6584502653302012
-0.10000000000000007 -0.6304392382721552
-0.05000000000000007 -0.6014620283407114
-6.938893903907228e-17 -0.5714680677429191
0.04999999999999993 -0.540366529438467
0.09999999999999994 -0.508046628216044
0.14999999999999994 -0.47437656170835224
0.19999999999999996 -0.4392027879971414
0.24999999999999994 -0.4023478932283374
0.29999999999999993 -0.3636109472667474
0.3499999999999999 -0.3227519471345413
0.3999999999999999 -0.27948981375445214
0.4499999999999999 -0.2334758281336364
0.4999999999999999 -0.18427032382214914
0.5499999999999999 -0.13130137140039477
0.6 -0.07379943831169815
0.65 -0.010691599098778114
0.7000000000000001 0.05958680954869953
0.7500000000000001 0.13945799501394482
0.8000000000000002 0.23266877559046745
0.8500000000000002 0.3439629621573759
0.9000000000000002 0.47595002490596533
0.9500000000000003 0.6202656264714708
1.0000000000000002 0.7527520234822239
1.0500000000000003 0.8492591566686979
1.1000000000000003 0.9063426739491758
1.1500000000000004 0.9359897773549046
1.2000000000000004 0.9508279439255887
1.2500000000000004 0.9580196276612686
1.3000000000000005 0.9613748257502696
1.3500000000000005 0.9630651338224342
1.4000000000000006 0.9641400505454017
1.4500000000000006 0.9652103852680824
1.5000000000000007 0.9663656220501972
1.5500000000000007 0.9675320971799513
1.6000000000000008 0.968709874454212
1.6500000000000008 0.9699820237676431
1.7000000000000008 0.9713568455747413
1.7500000000000009 0.9727936963466991
1.800000000000001 0.9742147063532718
1.850000000000001 0.9755983381627937
1.900000000000001 0.9769253078941379
1.950000000000001 0.9781849581360188
2.000000000000001 0.9793698087644246
2.0500000000000007 0.980476779873011
2.1000000000000005 0.9815078924870743
2.1500000000000004 0.9824646742715991
2.2 0.9833522744649661
2.25 0.9841756680801225
2.3 0.9849398466344744
2.3499999999999996 0.9856498440485091
2.3999999999999995 0.9863103065547679
2.4499999999999993 0.9869255012456561
2.499999999999999 0.9874993905096493
2.549999999999999 0.988035680958713
2.5999999999999988 0.9885375939343484
2.6499999999999986 0.9890079503632699
2.6999999999999984 0.9894493357363183
2.7499999999999982 0.9898642965558366
2.799999999999998 0.9902548875959758
2.849999999999998 0.9906229626041974
2.8999999999999977 0.9909702105865628
2.9499999999999975 0.9912981963030765
2.9999999999999973 0.9916084880499408