0 -0.0205565724117476
0.05 -0.008154868815287195
0.1 0.014014265993891351
0.15000000000000002 0.04211520758209966
0.2 0.07306447927806373
0.25 0.10519993411080536
0.3 0.13774331164416975
0.35 0.17058216493526157
0.39999999999999997 0.20379927878164059
0.44999999999999996 0.2376645525777754
0.49999999999999994 0.2726635151411689
0.5499999999999999 0.30925433483318426
0.6 0.34785230772222026
0.65 0.3890147406603891
0.7000000000000001 0.4336480972931939
0.7500000000000001 0.48325244065032724
0.8000000000000002 0.5400968453990619
0.8500000000000002 0.6054792789705762
0.9000000000000002 0.6802390997361755
0.9500000000000003 0.759435478216704
1.0000000000000002 0.8296597330153974
1.0500000000000003 0.8806428835895449
1.1000000000000003 0.9115521473701527
1.1500000000000004 0.9286560135857875
1.2000000000000004 0.937870586145315
1.2500000000000004 0.9437567285216683
1.3000000000000005 0.9483715710077852
1.3500000000000005 0.9521792259292564
1.4000000000000006 0.9554636211606975
1.4500000000000006 0.9583398302584624
1.5000000000000007 0.960978600713091
1.5500000000000007 0.9634209017625878
1.6000000000000008 0.9657345141160385
1.6500000000000008 0.9679124204592446
1.7000000000000008 0.9699497818373136
1.7500000000000009 0.9718174394312646
1.800000000000001 0.973529923176282
1.850000000000001 0.9751129994450956
1.900000000000001 0.9765685930096006
1.950000000000001 0.9779067365046019
2.000000000000001 0.9791378842660876
2.0500000000000007 0.9802710519771247
2.1000000000000005 0.9813150142879478
2.1500000000000004 0.9822779019559694
2.2 0.9831673348862598
2.25 0.9839903806566117
2.3 0.9847532745110452
2.3499999999999996 0.9854617568639307
2.3999999999999995 0.98612098900138
2.4499999999999993 0.9867354235509641
2.499999999999999 0.9873090714969271
2.549999999999999 0.9878456522109743
2.5999999999999988 0.9883483040158046
2.6499999999999986 0.9888198454386105
2.6999999999999984 0.9892627970703799
2.7499999999999982 0.9896796454909228
2.799999999999998 0.9900723923767795
2.849999999999998 0.9904428455557037
2.8999999999999977 0.9907926285866971
2.9499999999999975 0.9911233101332856
2.9999999999999973 0.9914363779149238
2.9499999999999975 0.9914053680319226
2.8999999999999977 0.9912213508017915
2.849999999999998 0.9909614420542119
2.799999999999998 0.9906581267074666
2.7499999999999982 0.9903245999179006
2.6999999999999984 0.9899662162131445
2.6499999999999986 0.9895845487286159
2.5999999999999988 0.9891793786844326
2.549999999999999 0.9887495605675715
2.499999999999999 0.9882935906316674
2.4499999999999993 0.9878096021712235
2.3999999999999995 0.987295423752756
2.3499999999999996 0.9867485453037814
2.3 0.9861661519487526
2.25 0.9855452681532904
2.2 0.9848824460198913
2.1500000000000004 0.9841739762629624
2.1000000000000005 0.9834155799934968
2.0500000000000007 0.9826026444320378
2.000000000000001 0.9817299526008451
1.9500000000000008 0.9807915927179248
1.9000000000000008 0.9797809712713521
1.8500000000000008 0.978690785785826
1.8000000000000007 0.977512671715057
1.7500000000000007 0.9762371592578504
1.7000000000000006 0.9748537884358883
1.6500000000000006 0.9733502702064769
1.6000000000000005 0.9717130264550219
1.5500000000000005 0.9699262641031743
1.5000000000000004 0.9679721522089356
1.4500000000000004 0.9658302031661689
1.4000000000000004 0.9634768690865112
1.3500000000000003 0.9608851321158381
1.3000000000000003 0.9580238452606461
1.2500000000000002 0.9548570725636105
1.2000000000000002 0.9513435115871404
1.1500000000000001 0.9474354587626646
1.1 0.943078049203901
1.05 0.938208157958655
1.0 0.932753693306088
0.95 0.9266329779388331
0.8999999999999999 0.9197539598807263
0.8499999999999999 0.9120143608228427
0.7999999999999998 0.9033028828873539
0.7499999999999998 0.8935010960673652
0.6999999999999997 0.8824879732237197
0.6499999999999997 0.8701459251381446
0.5999999999999996 0.8563690444582501
0.5499999999999996 0.8410712836680624
0.4999999999999996 0.8241927441179151
0.4499999999999996 0.8057035847046912
0.39999999999999963 0.7856123457915334
0.34999999999999964 0.7639746639806705
0.29999999999999966 0.7408941503246739
0.24999999999999967 0.7165075260090404
0.19999999999999968 0.6909638753459234
0.1499999999999997 0.6643996713296184
0.09999999999999969 0.6369014180129978
0.049999999999999684 0.6084772200053777
-3.191891195797325e-16 0.579062953673655
-0.05000000000000032 0.5485458351841743
-0.10000000000000032 0.5167872145022956
-0.15000000000000033 0.48363161192970233
-0.20000000000000034 0.448910529187993
-0.25000000000000033 0.4124364442862765
-0.3000000000000003 0.37399952229789346
-0.3500000000000003 0.3333479194328161
-0.4000000000000003 0.2901840217116024
-0.4500000000000003 0.24413497941209678
-0.5000000000000003 0.19472718716567852
-0.5500000000000004 0.14133935856543745
-0.6000000000000004 0.08312751123858862
-0.6500000000000005 0.018900428427906533
-0.7000000000000005 -0.05311065360822638
-0.7500000000000006 -0.13572692207479314
-0.8000000000000006 -0.23348286225920672
-0.8500000000000006 -0.35041271519147416
-0.9000000000000007 -0.48775126868351987
-0.9500000000000007 -0.6345007110852495
-1.0000000000000007 -0.7645058859205981
-1.0500000000000007 -0.8571594656243173
-1.1000000000000008 -0.9108402898582498
-1.1500000000000008 -0.9378983894630654
-1.2000000000000008 -0.9507605800889978
-1.2500000000000009 -0.9565939019413865
-1.300000000000001 -0.9597258098116277
-1.350000000000001 -0.9617222267991228
-1.400000000000001 -0.963322551482036
-1.450000000000001 -0.9645131246566035
-1.500000000000001 -0.965617903634195
-1.5500000000000012 -0.96684389727684
-1.6000000000000012 -0.9681958910690516
-1.6500000000000012 -0.9696457027908483
-1.7000000000000013 -0.9711539475732801
-1.7500000000000013 -0.9726283203113784
-1.8000000000000014 -0.9740677462481268
-1.8500000000000014 -0.9754574766315528
-1.9000000000000015 -0.9767900017697155
-1.9500000000000015 -0.9780516210268875
-2.0000000000000013 -0.9792338879327057
-2.050000000000001 -0.9803326368170755
-2.100000000000001 -0.9813535819656383
-2.150000000000001 -0.9823017395997968
-2.2000000000000006 -0.9831818934136712
-2.2500000000000004 -0.9839991654055852
-2.3000000000000003 -0.9847585325462499
-2.35 -0.9854648746892923
-2.4 -0.9861228169353763
-2.4499999999999997 -0.9867364788730774
-2.4999999999999996 -0.9873096791725156
-2.5499999999999994 -0.9878459949499513
-2.599999999999999 -0.9883484931037438
-2.649999999999999 -0.9888199470830564
-2.699999999999999 -0.9892628507403454
-2.7499999999999987 -0.9896796733350416
-2.7999999999999985 -0.990072404371548
-2.8499999999999983 -0.9904428482531176
-2.899999999999998 -0.9907926282450905
-2.949999999999998 -0.9911233081503109
-2.999999999999998 -0.9914363757971691
-2.949999999999998 -0.9914053689971126
-2.899999999999998 -0.9912213521187181
-2.8499999999999983 -0.9909614416691304
-2.7999999999999985 -0.9906581251616143
-2.7499999999999987 -0.9903246009553917
-2.699999999999999 -0.9899662171922959
-2.649999999999999 -0.9895845511258943
-2.599999999999999 -0.9891793796252033
-2.5499999999999994 -0.9887495603314784
-2.4999999999999996 -0.9882935926899934
-2.4499999999999997 -0.9878096048653527
-2.4 -0.9872954263744013
-2.35 -0.9867485454903052
-2.3000000000000003 -0.9861661521619015
-2.2500000000000004 -0.985545270530968
-2.2000000000000006 -0.9848824482483297
-2.150000000000001 -0.9841739797044915
-2.100000000000001 -0.9834155842015564
-2.050000000000001 -0.9826026469849696
-2.0000000000000013 -0.9817299552642914
-1.9500000000000013 -0.980791597329787
-1.9000000000000012 -0.9797809767283651
-1.8500000000000012 -0.9786907899611194
-1.8000000000000012 -0.9775126770225911
-1.750000000000001 -0.9762371657513902
-1.700000000000001 -0.9748537939004103
-1.650000000000001 -0.973350276687908
-1.600000000000001 -0.971713034688468
-1.550000000000001 -0.9699262724674341
-1.5000000000000009 -0.9679721607490621
-1.4500000000000008 -0.9658302121920412
-1.4000000000000008 -0.9634768795206062
-1.3500000000000008 -0.9608851499325053
-1.3000000000000007 -0.9580238606499426
-1.2500000000000007 -0.9548570933272009
-1.2000000000000006 -0.9513435295322771
-1.1500000000000006 -0.9474354744080424
-1.1000000000000005 -0.9430780681564954
-1.0500000000000005 -0.9382081816467873
-1.0000000000000004 -0.9327537174505223
-0.9500000000000004 -0.9266330009346179
-0.9000000000000004 -0.9197539872998944
-0.8500000000000003 -0.9120143843415982
-0.8000000000000003 -0.90330290558442
-0.7500000000000002 -0.8935011135717903
-0.7000000000000002 -0.8824879859373197
-0.6500000000000001 -0.8701459336436359
-0.6000000000000001 -0.8563690451373428
-0.55 -0.8410712727830609
-0.5 -0.8241927302983914
-0.45 -0.8057035699216828
-0.4 -0.7856123406511026
-0.35000000000000003 -0.7639746732409051
-0.30000000000000004 -0.7408941781314371
-0.25000000000000006 -0.7165075724872174
-0.20000000000000007 -0.6909639383023979
-0.15000000000000008 -0.6643997455026394
-0.10000000000000007 -0.636901498617537
-0.05000000000000007 -0.60847730509166
-6.938893903907228e-17 -0.579063046681696
0.04999999999999993 -0.5485459295887706
0.09999999999999994 -0.5167873141659826
0.14999999999999994 -0.48363171677772904
0.19999999999999996 -0.44891063688341115
0.24999999999999994 -0.4124365613120096
0.29999999999999993 -0.37399964860579543
0.3499999999999999 -0.3333480549628514
0.3999999999999999 -0.29018416674340974
0.4499999999999999 -0.24413514110580437
0.4999999999999999 -0.19472736132850565
0.5499999999999999 -0.14133954914668273
0.6 -0.08312772392265506
0.65 -0.01890066100546012
0.7000000000000001 0.05311039668983838
0.7500000000000001 0.1357266346880206
0.8000000000000002 0.23348253640398403
0.8500000000000002 0.3504123401942101
0.9000000000000002 0.4877508232760753
0.9500000000000003 0.6345001688471367
1.0000000000000002 0.7645051863170296
1.0500000000000003 0.8571584748666707
1.1000000000000003 0.9108386678523014
1.1500000000000004 0.9378959278626672
1.2000000000000004 0.9507570898451188
1.2500000000000004 0.9565891858467019
1.3000000000000005 0.9597200084566551
1.3500000000000005 0.9617157443340921
1.4000000000000006 0.9633181527919858
1.4500000000000006 0.9645112661725057
1.5000000000000007 0.96561755038126
1.5500000000000007 0.9668448092935527
1.6000000000000008 0.9681984468511836
1.6500000000000008 0.9696524261527777
1.7000000000000008 0.971158577482071
1.7500000000000009 0.9726296869801148
1.800000000000001 0.9740682253316718
1.850000000000001 0.9754581217288415
1.900000000000001 0.9767921554463455
1.950000000000001 0.9780564286233889
2.000000000000001 0.9792354494764496
2.0500000000000007 0.9803329649752215
2.1000000000000005 0.9813536429496563
2.1500000000000004 0.9823017494675503
2.2 0.9831818941250082
2.25 0.9839991650818233
2.3 0.9847585321658505
2.3499999999999996 0.9854648744221406
2.3999999999999995 0.9861228167000277
2.4499999999999993 0.986736478679099
2.499999999999999 0.9873096790548478
2.549999999999999 0.987845994867838
2.5999999999999988 0.9883484930388632
2.6499999999999986 0.9888199470270188
2.6999999999999984 0.9892628508071097
2.7499999999999982 0.9896796733033786
2.799999999999998 0.990072404331181
2.849999999999998 0.9904428482106457
2.8999999999999977 0.9907926282026037
2.9499999999999975 0.9911233081087296
2.9999999999999973 0.9914363757567246