0 0.048079239482766795
0.05 0.057191630603182816
0.1 0.07507049702959163
0.15000000000000002 0.09844471595813883
0.2 0.1246310941562313
0.25 0.15234369262202213
0.3 0.18117705006701607
0.35 0.21106655347783124
0.39999999999999997 0.24204279999033312
0.44999999999999996 0.27421163318325836
0.49999999999999994 0.3077468791057234
0.5499999999999999 0.34283698829421505
0.6 0.37973698888293994
0.65 0.418915034373876
0.7000000000000001 0.46113288784789636
0.7500000000000001 0.5075892218638971
0.8000000000000002 0.5600294652667007
0.8500000000000002 0.6202809149269246
0.9000000000000002 0.6889071637137332
0.9500000000000003 0.7611907580179875
1.0000000000000002 0.8261461809903927
1.0500000000000003 0.8743298362728491
1.1000000000000003 0.9052600362092756
1.1500000000000004 0.9236218686357766
1.2000000000000004 0.9347030717548593
1.2500000000000004 0.9420780294892703
1.3000000000000005 0.9473100925992607
1.3500000000000005 0.951427745512123
1.4000000000000006 0.9549959860144802
1.4500000000000006 0.9582961539016225
1.5000000000000007 0.9610870436138446
1.5500000000000007 0.963531420660364
1.6000000000000008 0.9657891947913505
1.6500000000000008 0.9678892513580829
1.7000000000000008 0.969865286192737
1.7500000000000009 0.9717116750549895
1.800000000000001 0.9734277939939343
1.850000000000001 0.9750239120536017
1.900000000000001 0.976496365647177
1.950000000000001 0.9778543877953847
2.000000000000001 0.9791108144574908
2.0500000000000007 0.9802644501999715
2.1000000000000005 0.9813256494430442
2.1500000000000004 0.9823039134235098
2.2 0.9832070188511134
2.25 0.9840420476790848
2.3 0.9848152968101195
2.3499999999999996 0.9855326996242789
2.3999999999999995 0.98619950671344
2.4499999999999993 0.9868203047450276
2.499999999999999 0.9873992212440975
2.549999999999999 0.9879401285300153
2.5999999999999988 0.9884463068056835
2.6499999999999986 0.9889207020465348
2.6999999999999984 0.9893658649495918
2.7499999999999982 0.989784410549889
2.799999999999998 0.9901784115343943
2.849999999999998 0.9905497264007564
2.8999999999999977 0.9909000288133423
2.9499999999999975 0.9912309295790549
2.9999999999999973 0.9915439749223359
2.9499999999999975 0.9915150029026536
2.8999999999999977 0.9913331307863289
2.849999999999998 0.991074830634335
2.799999999999998 0.9907726074588694
2.7499999999999982 0.9904397325817247
2.6999999999999984 0.9900816134236026
2.6499999999999986 0.9896998518114792
2.5999999999999988 0.9892942441118577
2.549999999999999 0.9888635708628783
2.499999999999999 0.9884063542714292
2.4499999999999993 0.9879206880706553
2.3999999999999995 0.9874043022728234
2.3499999999999996 0.9868545878116816
2.3 0.9862686663741006
2.25 0.9856435071199111
2.2 0.9849755381770254
2.1500000000000004 0.9842607923291531
2.1000000000000005 0.9834949687419584
2.0500000000000007 0.9826732651082383
2.000000000000001 0.9817902213272853
1.9500000000000008 0.9808396850619835
1.9000000000000008 0.9798148094290626
1.8500000000000008 0.9787079927911542
1.8000000000000007 0.9775105149233728
1.7500000000000007 0.9762125297418929
1.7000000000000006 0.9748029884948325
1.6500000000000006 0.9732690999122198
1.6000000000000005 0.9715966967021148
1.5500000000000005 0.9697693392256095
1.5000000000000004 0.9677683903539556
1.4500000000000004 0.9655723669530475
1.4000000000000004 0.9631568263622303
1.3500000000000003 0.9604936330460012
1.3000000000000003 0.9575505498083291
1.2500000000000002 0.9542903849381228
1.2000000000000002 0.9506704942078656
1.1500000000000001 0.9466419840679114
1.1 0.9421485664536525
1.05 0.9371260778157555
1.0 0.9315012127283877
0.95 0.9251909953058411
0.8999999999999999 0.9181019872676226
0.8499999999999999 0.9101303320717649
0.7999999999999998 0.9011617601475876
0.7499999999999998 0.8910730644109243
0.6999999999999997 0.8797340282617738
0.6499999999999997 0.8670113783788925
0.5999999999999996 0.8527755975538474
0.5499999999999996 0.8369172196042435
0.4999999999999996 0.8193674825153148
0.4499999999999996 0.800115273772162
0.39999999999999963 0.779213259702511
0.34999999999999964 0.7567727497534522
0.29999999999999966 0.7329368220119163
0.24999999999999967 0.7078545996080673
0.19999999999999968 0.6816697835918656
0.1499999999999997 0.6544864825071904
0.09999999999999969 0.6263483391126909
0.049999999999999684 0.5972499474579308
-3.191891195797325e-16 0.5671371629917408
-0.05000000000000032 0.5359109074488967
-0.10000000000000032 0.5034423582717705
-0.15000000000000033 0.46958454253876536
-0.20000000000000034 0.43417760085850926
-0.25000000000000033 0.3970431953243975
-0.3000000000000003 0.3579821205503221
-0.3500000000000003 0.31675509762608867
-0.4000000000000003 0.2730796985674094
-0.4500000000000003 0.2266020193425806
-0.5000000000000003 0.17687420222407088
-0.5500000000000004 0.12330967517439743
-0.6000000000000004 0.06511480500883089
-0.6500000000000005 0.0011764710429882658
-0.7000000000000005 -0.0701422810096181
-0.7500000000000006 -0.15140218438072425
-0.8000000000000006 -0.24666474404013988
-0.8500000000000006 -0.3605080946826332
-0.9000000000000007 -0.4937730072100046
-0.9500000000000007 -0.6360384068876495
-1.0000000000000007 -0.7643476147774464
-1.0500000000000007 -0.8566207746474496
-1.1000000000000008 -0.9104306356618448
-1.1500000000000008 -0.937579257915908
-1.2000000000000008 -0.9500338354244827
-1.2500000000000009 -0.9557078902612346
-1.300000000000001 -0.9586811404461801
-1.350000000000001 -0.9608537433558432
-1.400000000000001 -0.9625964505876384
-1.450000000000001 -0.9642461764745356
-1.500000000000001 -0.9655943755011142
-1.5500000000000012 -0.9668864249205147
-1.6000000000000012 -0.9682358740716951
-1.6500000000000012 -0.9696009858389947
-1.7000000000000013 -0.9710427121615868
-1.7500000000000013 -0.9725183844184296
-1.8000000000000014 -0.9739702933930655
-1.8500000000000014 -0.975374988858332
-1.9000000000000015 -0.9767244968017492
-1.9500000000000015 -0.9780030783054787
-2.0000000000000013 -0.9792056257373888
-2.050000000000001 -0.9803243544632522
-2.100000000000001 -0.9813629651228062
-2.150000000000001 -0.9823269160235065
-2.2000000000000006 -0.9832210444744732
-2.2500000000000004 -0.984050505611674
-2.3000000000000003 -0.9848203563432831
-2.35 -0.9855356975095912
-2.4 -0.9862012559350615
-2.4499999999999997 -0.9868213151312387
-2.4999999999999996 -0.9873998016051161
-2.5499999999999994 -0.9879404568192626
-2.599999999999999 -0.988446487087481
-2.649999999999999 -0.988920793906306
-2.699999999999999 -0.9893659129763142
-2.7499999999999987 -0.989784431290768
-2.7999999999999985 -0.9901784201520004
-2.8499999999999983 -0.9905497285983524
-2.899999999999998 -0.9909000280076387
-2.949999999999998 -0.9912309275887284
-2.999999999999998 -0.9915439716143273
-2.949999999999998 -0.9915149985169532
-2.899999999999998 -0.9913331264731489
-2.8499999999999983 -0.9910748285579082
-2.7999999999999985 -0.9907726071160289
-2.7499999999999987 -0.9904397331369071
-2.699999999999999 -0.9900816136787252
-2.649999999999999 -0.9896998514833323
-2.599999999999999 -0.9892942464712149
-2.5499999999999994 -0.988863571167409
-2.4999999999999996 -0.9884063532939855
-2.4499999999999997 -0.9879206881101187
-2.4 -0.9874043043559658
-2.35 -0.9868545894416171
-2.3000000000000003 -0.9862686683746505
-2.2500000000000004 -0.9856435112952417
-2.2000000000000006 -0.9849755410505671
-2.150000000000001 -0.9842607939379381
-2.100000000000001 -0.9834949719650397
-2.050000000000001 -0.9826732671251042
-2.0000000000000013 -0.9817902230066867
-1.9500000000000013 -0.9808396871634107
-1.9000000000000012 -0.9798148136301078
-1.8500000000000012 -0.9787079962905851
-1.8000000000000012 -0.9775105199966041
-1.750000000000001 -0.9762125352695125
-1.700000000000001 -0.9748029937946997
-1.650000000000001 -0.973269105250184
-1.600000000000001 -0.9715967014111969
-1.550000000000001 -0.9697693455306512
-1.5000000000000009 -0.9677683969458144
-1.4500000000000008 -0.9655723733862367
-1.4000000000000008 -0.9631568336968651
-1.3500000000000008 -0.9604936491861729
-1.3000000000000007 -0.9575505650289651
-1.2500000000000007 -0.9542904003364727
-1.2000000000000006 -0.9506705082669092
-1.1500000000000006 -0.9466419981148458
-1.1000000000000005 -0.9421485896862216
-1.0500000000000005 -0.9371261015568216
-1.0000000000000004 -0.9315012375529531
-0.9500000000000004 -0.9251910224083915
-0.9000000000000004 -0.9181020161859806
-0.8500000000000003 -0.9101303637034038
-0.8000000000000003 -0.9011617948029442
-0.7500000000000002 -0.8910731039653444
-0.7000000000000002 -0.8797340697683168
-0.6500000000000001 -0.8670114236975357
-0.6000000000000001 -0.8527756478588232
-0.55 -0.8369172756509882
-0.5 -0.8193675463037358
-0.45 -0.8001153459004638
-0.4 -0.7792133419080977
-0.35000000000000003 -0.7567728375413283
-0.30000000000000004 -0.7329369003185293
-0.25000000000000006 -0.7078546578577691
-0.20000000000000007 -0.6816698053864706
-0.15000000000000008 -0.654486456444396
-0.10000000000000007 -0.6263482923835471
-0.05000000000000007 -0.5972499093147872
-6.938893903907228e-17 -0.5671371538366724
0.04999999999999993 -0.5359109271237917
0.09999999999999994 -0.5034424058952585
0.14999999999999994 -0.46958461453876166
0.19999999999999996 -0.4341776913264227
0.24999999999999994 -0.39704330000548665
0.29999999999999993 -0.357982241590206
0.3499999999999999 -0.3167552315891839
0.3999999999999999 -0.273079848859606
0.4499999999999999 -0.22660218708475588
0.4999999999999999 -0.17687438544037445
0.5499999999999999 -0.12330987926008441
0.6 -0.06511503184764016
0.65 -0.0011767229753516784
0.7000000000000001 0.0701419954033655
0.7500000000000001 0.1514018593574483
0.8000000000000002 0.2466643719636065
0.8500000000000002 0.36050766155663083
0.9000000000000002 0.4937724958303098
0.9500000000000003 0.6360377835072053
1.0000000000000002 0.764346809128976
1.0500000000000003 0.8566196382612071
1.1000000000000003 0.9104288897179448
1.1500000000000004 0.9375765545708851
1.2000000000000004 0.950029726971885
1.2500000000000004 0.9557027982919167
1.3000000000000005 0.9586735264003095
1.3500000000000005 0.9608462371436327
1.4000000000000006 0.9625902269097426
1.4500000000000006 0.9642424264512154
1.5000000000000007 0.9655934853626619
1.5500000000000007 0.966887161103943
1.6000000000000008 0.9682371469041373
1.6500000000000008 0.9696043280357212
1.7000000000000008 0.9710476864631289
1.7500000000000009 0.9725231565761201
1.800000000000001 0.973972826667436
1.850000000000001 0.9753799353925388
1.900000000000001 0.976726760758833
1.950000000000001 0.9780065212184
2.000000000000001 0.9792075714293832
2.0500000000000007 0.9803248036945781
2.1000000000000005 0.9813630531030738
2.1500000000000004 0.9823269329816648
2.2 0.9832210480526845
2.25 0.9840505066961412
2.3 0.9848203568577184
2.3499999999999996 0.9855356977860648
2.3999999999999995 0.9862012561117267
2.4499999999999993 0.9868213152284434
2.499999999999999 0.9873998019255837
2.549999999999999 0.9879404570681343
2.5999999999999988 0.9884464871587063
2.6499999999999986 0.9889207938947544
2.6999999999999984 0.9893659129389824
2.7499999999999982 0.9897844312428861
2.799999999999998 0.9901784200995493
2.849999999999998 0.9905497285430693
2.8999999999999977 0.9909000279532065
2.9499999999999975 0.9912309276308706
2.9999999999999973 0.991543971578262