0 -0.030039550634584442
0.05 -0.017936114972680852
0.1 0.003381220824755103
0.15000000000000002 0.030969869325198924
0.2 0.06200113937995519
0.25 0.09446743012396833
0.3 0.1274644542443841
0.35 0.1607973379097437
0.39999999999999997 0.19455211094647745
0.44999999999999996 0.22889881973713072
0.49999999999999994 0.2641050793545478
0.5499999999999999 0.3005786730218992
0.6 0.33886318568329943
0.65 0.379481513375729
0.7000000000000001 0.423113770605786
0.7500000000000001 0.4708491884079315
0.8000000000000002 0.5243673398150981
0.8500000000000002 0.5861655651028764
0.9000000000000002 0.6578047730674493
0.9500000000000003 0.7356033095398827
1.0000000000000002 0.8077061706011806
1.0500000000000003 0.8627987125099045
1.1000000000000003 0.8984930557167391
1.1500000000000004 0.920305750479345
1.2000000000000004 0.9337977255631764
1.2500000000000004 0.9425064386995606
1.3000000000000005 0.9486554198236689
1.3500000000000005 0.9531672630661499
1.4000000000000006 0.9566951738470825
1.4500000000000006 0.9596196522371492
1.5000000000000007 0.9621701769300708
1.5500000000000007 0.964525363373587
1.6000000000000008 0.9667500021097787
1.6500000000000008 0.9688195323924278
1.7000000000000008 0.9707594869659334
1.7500000000000009 0.9725675366826048
1.800000000000001 0.9742346488795612
1.850000000000001 0.9757757470007742
1.900000000000001 0.9771996527948282
1.950000000000001 0.9785144752178748
2.000000000000001 0.9797268852352893
2.0500000000000007 0.9808447348217805
2.1000000000000005 0.981874235567219
2.1500000000000004 0.9828232221613027
2.2 0.9836992452897801
2.25 0.9845090807959115
2.3 0.9852588804006508
2.3499999999999996 0.985954391061867
2.3999999999999995 0.9866007240002334
2.4499999999999993 0.9872023826572859
2.499999999999999 0.9877634002737788
2.549999999999999 0.9882875654031453
2.5999999999999988 0.9887780480729426
2.6499999999999986 0.989237704919205
2.6999999999999984 0.9896690538802685
2.7499999999999982 0.9900745873706954
2.799999999999998 0.990456318188385
2.849999999999998 0.99081606892925
2.8999999999999977 0.991155527503654
2.9499999999999975 0.9914761856663235
2.9999999999999973 0.9917795652863622
2.9499999999999975 0.9917549101362526
2.8999999999999977 0.9915820539510868
2.849999999999998 0.991334362450155
2.799999999999998 0.9910436039456912
2.7499999999999982 0.9907227542952732
2.6999999999999984 0.990377279278476
2.6499999999999986 0.9900088866130685
2.5999999999999988 0.9896174814825872
2.549999999999999 0.9892019203480487
2.499999999999999 0.9887607934873778
2.4499999999999993 0.9882922762319336
2.3999999999999995 0.9877942326472502
2.3499999999999996 0.9872641445694029
2.3 0.9866992039713942
2.25 0.9860965114826306
2.2 0.9854527078714257
2.1500000000000004 0.9847640672455062
2.1000000000000005 0.9840262603385257
2.0500000000000007 0.9832347279325694
2.000000000000001 0.9823842512018215
1.9500000000000008 0.9814689561136865
1.9000000000000008 0.9804822162318203
1.8500000000000008 0.9794167256567918
1.8000000000000007 0.9782640679336981
1.7500000000000007 0.9770147633831668
1.7000000000000006 0.9756581875747625
1.6500000000000006 0.9741819878888482
1.6000000000000005 0.9725723947100989
1.5500000000000005 0.9708134698537633
1.5000000000000004 0.9688870753233356
1.4500000000000004 0.966772385895838
1.4000000000000004 0.964445397473963
1.3500000000000003 0.9618785379764971
1.3000000000000003 0.9590398492504562
1.2500000000000002 0.955892560407383
1.2000000000000002 0.9523940273933721
1.1500000000000001 0.948494872306707
1.1 0.9441382294168
1.05 0.9392582637155077
1.0 0.9337792770186516
0.95 0.9276149643755414
0.8999999999999999 0.9206677832629631
0.8499999999999999 0.9128289195336634
0.7999999999999998 0.9039796837504241
0.7499999999999998 0.893994371786008
0.6999999999999997 0.8827450324123699
0.6499999999999997 0.8701079088098927
0.5999999999999996 0.8559710941461385
0.5499999999999996 0.8402421802750542
0.4999999999999996 0.8228555697550188
0.4499999999999996 0.8037800923971882
0.39999999999999963 0.7830286940455398
0.34999999999999964 0.7606708089092693
0.29999999999999966 0.7368365153040781
0.24999999999999967 0.7116965769313429
0.19999999999999968 0.6854228378793841
0.1499999999999997 0.6581489140178377
0.09999999999999969 0.629948474787563
0.049999999999999684 0.6008341337777273
-3.191891195797325e-16 0.5707645239552428
-0.05000000000000032 0.5396537112773974
-0.10000000000000032 0.507382281684909
-0.15000000000000033 0.47380667539978044
-0.20000000000000034 0.43876740816988535
-0.25000000000000033 0.40208682127317286
-0.3000000000000003 0.36356672031961074
-0.3500000000000003 0.32297145333646915
-0.4000000000000003 0.28002584296845445
-0.4500000000000003 0.23438776682114784
-0.5000000000000003 0.1856272934413469
-0.5500000000000004 0.1331852672026219
-0.6000000000000004 0.07631076943474668
-0.6500000000000005 0.01396109800247443
-0.7000000000000005 -0.05537407875616296
-0.7500000000000006 -0.1339958601468968
-0.8000000000000006 -0.22555782257132254
-0.8500000000000006 -0.33530760203466703
-0.9000000000000007 -0.4653153382336865
-0.9500000000000007 -0.607473831242564
-1.0000000000000007 -0.7386430320453078
-1.0500000000000007 -0.8362480723426848
-1.1000000000000008 -0.896053861732543
-1.1500000000000008 -0.9290170392619913
-1.2000000000000008 -0.9464892879339403
-1.2500000000000009 -0.9556065604726545
-1.300000000000001 -0.9607068415287017
-1.350000000000001 -0.9634243166186608
-1.400000000000001 -0.9650710195562225
-1.450000000000001 -0.966197066386455
-1.500000000000001 -0.967155970226444
-1.5500000000000012 -0.9681972324381034
-1.6000000000000012 -0.9694177017476454
-1.6500000000000012 -0.9707247284023617
-1.7000000000000013 -0.9720694119418343
-1.7500000000000013 -0.9734464440784646
-1.8000000000000014 -0.9748203061427136
-1.8500000000000014 -0.976164642259493
-1.9000000000000015 -0.9774563786528071
-1.9500000000000015 -0.978682205675751
-2.0000000000000013 -0.9798354507153072
-2.050000000000001 -0.980913183401729
-2.100000000000001 -0.9819166916956212
-2.150000000000001 -0.9828493300886959
-2.2000000000000006 -0.9837151148293256
-2.2500000000000004 -0.9845185924806302
-2.3000000000000003 -0.9852645130242438
-2.35 -0.9859577867373064
-2.4 -0.986602729628404
-2.4499999999999997 -0.9872035415386908
-2.4999999999999996 -0.9877640619143816
-2.5499999999999994 -0.9882879395719864
-2.599999999999999 -0.9887782560965439
-2.649999999999999 -0.9892378155712646
-2.699999999999999 -0.9896691108013574
-2.7499999999999987 -0.9900746157745904
-2.7999999999999985 -0.9904563295374997
-2.8499999999999983 -0.9908160721364588
-2.899999999999998 -0.9911555257000517
-2.949999999999998 -0.9914761816326386
-2.999999999999998 -0.9917795600426973
-2.949999999999998 -0.9917549071814364
-2.899999999999998 -0.9915820528205825
-2.8499999999999983 -0.991334362896555
-2.7999999999999985 -0.9910436050764063
-2.7499999999999987 -0.9907227544691544
-2.699999999999999 -0.9903772789196562
-2.649999999999999 -0.9900088871169246
-2.599999999999999 -0.989617483317584
-2.5499999999999994 -0.9892019205112338
-2.4999999999999996 -0.9887607941024384
-2.4499999999999997 -0.9882922781763601
-2.4 -0.9877942358576975
-2.35 -0.9872641476394813
-2.3000000000000003 -0.9866992076021656
-2.2500000000000004 -0.9860965149977003
-2.2000000000000006 -0.985452710131065
-2.150000000000001 -0.9847640702824215
-2.100000000000001 -0.9840262625562689
-2.050000000000001 -0.9832347295785644
-2.0000000000000013 -0.9823842521328663
-1.9500000000000013 -0.9814689595217034
-1.9000000000000012 -0.9804822215593441
-1.8500000000000012 -0.9794167320893454
-1.8000000000000012 -0.9782640762666154
-1.750000000000001 -0.9770147706500719
-1.700000000000001 -0.9756581930322239
-1.650000000000001 -0.9741819950595789
-1.600000000000001 -0.9725724003373556
-1.550000000000001 -0.9708134759890479
-1.5000000000000009 -0.9688870860627968
-1.4500000000000008 -0.9667724012816805
-1.4000000000000008 -0.9644454113986926
-1.3500000000000008 -0.9618785520588045
-1.3000000000000007 -0.95903986382877
-1.2500000000000007 -0.9558925752813346
-1.2000000000000006 -0.9523940487055825
-1.1500000000000006 -0.9484948993076348
-1.1000000000000005 -0.9441382556822445
-1.0500000000000005 -0.9392582909036961
-1.0000000000000004 -0.9337792998649553
-0.9500000000000004 -0.9276149884529463
-0.9000000000000004 -0.9206678104184438
-0.8500000000000003 -0.9128289510545484
-0.8000000000000003 -0.903979716177799
-0.7500000000000002 -0.8939943996637816
-0.7000000000000002 -0.8827450608156758
-0.6500000000000001 -0.8701079380265898
-0.6000000000000001 -0.8559711163266475
-0.55 -0.8402421952030809
-0.5 -0.82285557963368
-0.45 -0.8037801068712329
-0.4 -0.7830287144702422
-0.35000000000000003 -0.7606708324305104
-0.30000000000000004 -0.7368365531751992
-0.25000000000000006 -0.7116966325984962
-0.20000000000000007 -0.685422903914685
-0.15000000000000008 -0.6581489935016408
-0.10000000000000007 -0.6299485665997341
-0.05000000000000007 -0.6008342312661398
-6.938893903907228e-17 -0.5707646294335065
0.04999999999999993 -0.5396538244123212
0.09999999999999994 -0.5073824011030015
0.14999999999999994 -0.4738068042410516
0.19999999999999996 -0.4387675461543208
0.24999999999999994 -0.40208697030914897
0.29999999999999993 -0.36356687911537133
0.3499999999999999 -0.3229716286009648
0.3999999999999999 -0.28002603615575417
0.4499999999999999 -0.23438797816424545
0.4999999999999999 -0.18562751915188527
0.5499999999999999 -0.1331855164933484
0.6 -0.07631104276580115
0.65 -0.013961401120193274
0.7000000000000001 0.055373744834665214
0.7500000000000001 0.13399548846708323
0.8000000000000002 0.2255574011304972
0.8500000000000002 0.33530711627262283
0.9000000000000002 0.46531476920028664
0.9500000000000003 0.6074731461034997
1.0000000000000002 0.738642164086066
1.0500000000000003 0.8362468803512457
1.1000000000000003 0.8960520709468017
1.1500000000000004 0.9290140552125369
1.2000000000000004 0.946484794262057
1.2500000000000004 0.9555998714340097
1.3000000000000005 0.9606994540775607
1.3500000000000005 0.9634176921936414
1.4000000000000006 0.9650662892342519
1.4500000000000006 0.9661948553577826
1.5000000000000007 0.9671556982457732
1.5500000000000007 0.968198961571012
1.6000000000000008 0.9694251537304277
1.6500000000000008 0.9707318016566067
1.7000000000000008 0.9720768883680669
1.7500000000000009 0.9734505650061052
1.800000000000001 0.9748254247019639
1.850000000000001 0.9761721432266736
1.900000000000001 0.9774614627074881
1.950000000000001 0.9786845463889553
2.000000000000001 0.9798361199052323
2.0500000000000007 0.9809133233518257
2.1000000000000005 0.981916715115429
2.1500000000000004 0.9828493331107255
2.2 0.9837151146743385
2.25 0.9845185912055517
2.3 0.9852645077763917
2.3499999999999996 0.9859577905815683
2.3999999999999995 0.9866027302721778
2.4499999999999993 0.9872035416129575
2.499999999999999 0.9877640618552609
2.549999999999999 0.9882879395637488
2.5999999999999988 0.9887782560700235
2.6499999999999986 0.9892378155631818
2.6999999999999984 0.989669110753483
2.7499999999999982 0.9900746157699205
2.799999999999998 0.9904563294945239
2.849999999999998 0.9908160720847176
2.8999999999999977 0.9911555256773416
2.9499999999999975 0.9914761815201932
2.9999999999999973 0.9917795600383698