0 0.010661013415100945
0.05 0.022100981910605
0.1 0.04270910784541751
0.15000000000000002 0.06917911566028837
0.2 0.09845765559213017
0.25 0.1288220504590956
0.3 0.159672811804978
0.35 0.19094677288373205
0.39999999999999997 0.2228129933896744
0.44999999999999996 0.2554418027215015
0.49999999999999994 0.28904640435884416
0.5499999999999999 0.3239841622486941
0.6 0.36071097621440446
0.65 0.39979083435719587
0.7000000000000001 0.44199480662441687
0.7500000000000001 0.4884893152196537
0.8000000000000002 0.5411747508981972
0.8500000000000002 0.6027772843235069
0.9000000000000002 0.6736592070202343
0.9500000000000003 0.7489193858207064
1.0000000000000002 0.8174537500151051
1.0500000000000003 0.869364010145985
1.1000000000000003 0.9028907772800283
1.1500000000000004 0.9226818182117704
1.2000000000000004 0.934657651453721
1.2500000000000004 0.9424298686304705
1.3000000000000005 0.9477345518100573
1.3500000000000005 0.9519280247811361
1.4000000000000006 0.9555464610699532
1.4500000000000006 0.9586090479740041
1.5000000000000007 0.9613291281250642
1.5500000000000007 0.9638080079438477
1.6000000000000008 0.9660607876651777
1.6500000000000008 0.9681755432512497
1.7000000000000008 0.9701585367896048
1.7500000000000009 0.9719850483003634
1.800000000000001 0.9736763473133653
1.850000000000001 0.975246824110824
1.900000000000001 0.9766938795944062
1.950000000000001 0.9780261822327899
2.000000000000001 0.9792551124505221
2.0500000000000007 0.9803866559155358
2.1000000000000005 0.9814294815138126
2.1500000000000004 0.9823930237273687
2.2 0.9832819420010555
2.25 0.9841039572191613
2.3 0.9848656400160264
2.3499999999999996 0.9855728318171815
2.3999999999999995 0.9862306445718916
2.4499999999999993 0.9868434882172301
2.499999999999999 0.9874154516638085
2.549999999999999 0.9879502525677542
2.5999999999999988 0.9884510678736173
2.6499999999999986 0.9889207296115048
2.6999999999999984 0.9893617628372768
2.7499999999999982 0.9897766566968806
2.799999999999998 0.9901674152071441
2.849999999999998 0.9905358636570972
2.8999999999999977 0.9908836759418786
2.9499999999999975 0.9912123951005369
2.9999999999999973 0.9915235374370918
2.9499999999999975 0.9914971073081033
2.8999999999999977 0.9913186233926725
2.849999999999998 0.9910637139740073
2.799999999999998 0.9907648891115766
2.7499999999999982 0.9904354404684431
2.6999999999999984 0.9900809512331392
2.6499999999999986 0.9897031379575277
2.5999999999999988 0.9893019206972802
2.549999999999999 0.9888761795129517
2.499999999999999 0.9884244599463337
2.4499999999999993 0.9879448940728037
2.3999999999999995 0.9874353522459111
2.3499999999999996 0.9868933216661838
2.3 0.9863160100594334
2.25 0.9857004956053435
2.2 0.9850433880289079
2.1500000000000004 0.9843409619048265
2.1000000000000005 0.9835889513516555
2.0500000000000007 0.9827827835023384
2.000000000000001 0.9819172886187673
1.9500000000000008 0.9809866401089954
1.9000000000000008 0.9799842720942249
1.8500000000000008 0.9789029738519739
1.8000000000000007 0.9777343809224917
1.7500000000000007 0.9764692712584233
1.7000000000000006 0.9750971972931093
1.6500000000000006 0.9736060284827063
1.6000000000000005 0.9719823501143496
1.5500000000000005 0.9702106445162137
1.5000000000000004 0.9682732888439453
1.4500000000000004 0.966150216008404
1.4000000000000004 0.9638182095315748
1.3500000000000003 0.961250802615608
1.3000000000000003 0.9584174317346159
1.2500000000000002 0.9552829202417835
1.2000000000000002 0.9518067384020268
1.1500000000000001 0.9479422126476899
1.1 0.9436354760791649
1.05 0.938824576754475
1.0 0.9334384744836995
0.95 0.9273960544899247
0.8999999999999999 0.9206056384218271
0.8499999999999999 0.9129644223614776
0.7999999999999998 0.9043596460695621
0.7499999999999998 0.8946700544997033
0.6999999999999997 0.8837701781871057
0.6499999999999997 0.8715360351049974
0.5999999999999996 0.8578537462957735
0.5499999999999996 0.84262987589835
0.4999999999999996 0.8258012976354077
0.4499999999999996 0.8073417589963626
0.39999999999999963 0.7872638366153626
0.34999999999999964 0.7656209007798397
0.29999999999999966 0.7425084490904539
0.24999999999999967 0.7180606622648436
0.19999999999999968 0.6924284634193317
0.1499999999999997 0.6657372058279402
0.09999999999999969 0.63805760072376
0.049999999999999684 0.6094113815051057
-3.191891195797325e-16 0.5797748322566905
-0.05000000000000032 0.5490729017587107
-0.10000000000000032 0.5171863299448708
-0.15000000000000033 0.4839653141279965
-0.20000000000000034 0.44924116222963506
-0.25000000000000033 0.41282661676951343
-0.3000000000000003 0.3745130156049183
-0.3500000000000003 0.334052940275161
-0.4000000000000003 0.29115739784936767
-0.4500000000000003 0.24546769111065078
-0.5000000000000003 0.1965316211113228
-0.5500000000000004 0.14375986390165685
-0.6000000000000004 0.08635900169840377
-0.6500000000000005 0.02322048111997986
-0.7000000000000005 -0.04727560565418201
-0.7500000000000006 -0.12764484837354775
-0.8000000000000006 -0.22192261411674574
-0.8500000000000006 -0.33536629794338946
-0.9000000000000007 -0.46992611743828583
-0.9500000000000007 -0.6147850978077064
-1.0000000000000007 -0.7463087837127401
-1.0500000000000007 -0.8434938301182092
-1.1000000000000008 -0.9023002732723691
-1.1500000000000008 -0.9331960751650292
-1.2000000000000008 -0.9489088684025916
-1.2500000000000009 -0.9567359817673631
-1.300000000000001 -0.9602676276635154
-1.350000000000001 -0.9621437680642977
-1.400000000000001 -0.9635680990084159
-1.450000000000001 -0.9648005919718491
-1.500000000000001 -0.9660344427485622
-1.5500000000000012 -0.9672914195607896
-1.6000000000000012 -0.9686068608630088
-1.6500000000000012 -0.9699838702763548
-1.7000000000000013 -0.9713977768854445
-1.7500000000000013 -0.9728300790020066
-1.8000000000000014 -0.9742452409984921
-1.8500000000000014 -0.9756199495410929
-1.9000000000000015 -0.9769356746539969
-1.9500000000000015 -0.9781831171927612
-2.0000000000000013 -0.9793549363523019
-2.050000000000001 -0.9804480622098521
-2.100000000000001 -0.9814657562725134
-2.150000000000001 -0.9824119695230065
-2.2000000000000006 -0.9832905904641721
-2.2500000000000004 -0.9841069827288733
-2.3000000000000003 -0.9848695913842205
-2.35 -0.9855758326495495
-2.4 -0.9862325303552381
-2.4499999999999997 -0.9868446018591264
-2.4999999999999996 -0.9874160936080172
-2.5499999999999994 -0.9879506167243969
-2.599999999999999 -0.9884512682443807
-2.649999999999999 -0.9889208356187856
-2.699999999999999 -0.9893618175345328
-2.7499999999999987 -0.9897766838869246
-2.7999999999999985 -0.9901674249783913
-2.8499999999999983 -0.9905358678709526
-2.899999999999998 -0.9908836758330049
-2.949999999999998 -0.9912123918504153
-2.999999999999998 -0.991523533593725
-2.949999999999998 -0.9914971063938411
-2.899999999999998 -0.9913186243247165
-2.8499999999999983 -0.9910637142005219
-2.7999999999999985 -0.9907648892948075
-2.7499999999999987 -0.9904354416378841
-2.699999999999999 -0.9900809531731539
-2.649999999999999 -0.9897031403951266
-2.599999999999999 -0.9893019214465403
-2.5499999999999994 -0.9888761804687083
-2.4999999999999996 -0.9884244602613167
-2.4499999999999997 -0.9879448951024091
-2.4 -0.9874353532271881
-2.35 -0.9868933233502155
-2.3000000000000003 -0.9863160113638341
-2.2500000000000004 -0.985700498113577
-2.2000000000000006 -0.9850433900328976
-2.150000000000001 -0.9843409644888902
-2.100000000000001 -0.9835889536903694
-2.050000000000001 -0.9827827861798266
-2.0000000000000013 -0.981917291237922
-1.9500000000000013 -0.9809866443471872
-1.9000000000000012 -0.9799842764466931
-1.8500000000000012 -0.9789029786739709
-1.8000000000000012 -0.9777343844998035
-1.750000000000001 -0.9764692756104525
-1.700000000000001 -0.9750972025009755
-1.650000000000001 -0.9736060349360779
-1.600000000000001 -0.9719823563305554
-1.550000000000001 -0.9702106515734489
-1.5000000000000009 -0.9682732979478129
-1.4500000000000008 -0.9661502252531873
-1.4000000000000008 -0.9638182197812099
-1.3500000000000008 -0.9612508148227342
-1.3000000000000007 -0.9584174441042269
-1.2500000000000007 -0.9552829329174884
-1.2000000000000006 -0.9518067517446983
-1.1500000000000006 -0.9479422274401726
-1.1000000000000005 -0.9436354906105635
-1.0500000000000005 -0.9388245966176358
-1.0000000000000004 -0.9334384969898007
-0.9500000000000004 -0.9273960816726379
-0.9000000000000004 -0.9206056718435104
-0.8500000000000003 -0.9129644629558183
-0.8000000000000003 -0.9043596900622427
-0.7500000000000002 -0.8946701093158592
-0.7000000000000002 -0.8837702465160748
-0.6500000000000001 -0.8715361142966415
-0.6000000000000001 -0.857853840761539
-0.55 -0.8426299882195416
-0.5 -0.8258014241458067
-0.45 -0.8073418943669587
-0.4 -0.787263984390251
-0.35000000000000003 -0.7656210554268997
-0.30000000000000004 -0.742508602681174
-0.25000000000000006 -0.7180608100532891
-0.20000000000000007 -0.6924286038010491
-0.15000000000000008 -0.6657373312936886
-0.10000000000000007 -0.6380577151029011
-0.05000000000000007 -0.6094114896227759
-6.938893903907228e-17 -0.5797749390201926
0.04999999999999993 -0.5490730093265099
0.09999999999999994 -0.5171864424089886
0.14999999999999994 -0.48396543139743825
0.19999999999999996 -0.44924128621983195
0.24999999999999994 -0.41282674994388
0.29999999999999993 -0.37451315987104583
0.3499999999999999 -0.33405309559489776
0.3999999999999999 -0.29115756803334863
0.4499999999999999 -0.24546787558426844
0.4999999999999999 -0.19653182248792417
0.5499999999999999 -0.14376008712888072
0.6 -0.0863592468921627
0.65 -0.023220749753751005
0.7000000000000001 0.04727530877478757
0.7500000000000001 0.127644516263031
0.8000000000000002 0.22192223644766276
0.8500000000000002 0.33536586593602
0.9000000000000002 0.46992560883682744
0.9500000000000003 0.6147844769354895
1.0000000000000002 0.7463079902076092
1.0500000000000003 0.8434927360619443
1.1000000000000003 0.9022986419331754
1.1500000000000004 0.9331932911706673
1.2000000000000004 0.9489048734628172
1.2500000000000004 0.9567308006442783
1.3000000000000005 0.9602611677475809
1.3500000000000005 0.9621374144168591
1.4000000000000006 0.9635632884078584
1.4500000000000006 0.9647979539181797
1.5000000000000007 0.9660340617192783
1.5500000000000007 0.967294273312461
1.6000000000000008 0.9686125423133765
1.6500000000000008 0.9699962865574565
1.7000000000000008 0.9714084674548298
1.7500000000000009 0.9728360105868127
1.800000000000001 0.9742504733853041
1.850000000000001 0.9756236987640294
1.900000000000001 0.9769403910080108
1.950000000000001 0.9781879124408883
2.000000000000001 0.9793612189436134
2.0500000000000007 0.9804549028142838
2.1000000000000005 0.9814727163966506
2.1500000000000004 0.9824189322995464
2.2 0.9832974592629694
2.25 0.9841132753627163
2.3 0.9848712162501803
2.3499999999999996 0.9855761400966281
2.3999999999999995 0.9862325862975929
2.4499999999999993 0.986844612585746
2.499999999999999 0.9874160960475591
2.549999999999999 0.9879506173745801
2.5999999999999988 0.988451268461617
2.6499999999999986 0.9889208357022756
2.6999999999999984 0.9893618175928308
2.7499999999999982 0.9897766838131495
2.799999999999998 0.9901674248415324
2.849999999999998 0.990535867879229
2.8999999999999977 0.9908836757860444
2.9499999999999975 0.9912123917970426
2.9999999999999973 0.9915235333240375