0 -0.006040812427065559
0.05 0.006997483895564678
0.1 0.029432964690586347
0.15000000000000002 0.05818993578889178
0.2 0.09023851070231458
0.25 0.12358140939859445
0.3 0.15717605308929133
0.35 0.19075262237239496
0.39999999999999997 0.224513461721697
0.44999999999999996 0.2587420367660994
0.49999999999999994 0.2937388393188229
0.5499999999999999 0.32987732484994503
0.6 0.36755351594075
0.65 0.4072871271911549
0.7000000000000001 0.4498400388543139
0.7500000000000001 0.4963415954651274
0.8000000000000002 0.5485334154482872
0.8500000000000002 0.6085994405570498
0.9000000000000002 0.6776786204463291
0.9500000000000003 0.7513795003952719
1.0000000000000002 0.8191357594720479
1.0500000000000003 0.8709870934346305
1.1000000000000003 0.9047204198916694
1.1500000000000004 0.9245182490044492
1.2000000000000004 0.9362805818187669
1.2500000000000004 0.943756141605852
1.3000000000000005 0.9489452490382925
1.3500000000000005 0.9530374724851438
1.4000000000000006 0.9563163378555124
1.4500000000000006 0.9591317290903449
1.5000000000000007 0.9617062853035582
1.5500000000000007 0.9641307482360227
1.6000000000000008 0.9663741512686436
1.6500000000000008 0.9684712819737797
1.7000000000000008 0.9704328855672008
1.7500000000000009 0.9722599127275537
1.800000000000001 0.9739577129679584
1.850000000000001 0.9755252143567208
1.900000000000001 0.9769749481877568
1.950000000000001 0.9783071858349502
2.000000000000001 0.9795329505032646
2.0500000000000007 0.9806613497054341
2.1000000000000005 0.9817007014522078
2.1500000000000004 0.9826592215120663
2.2 0.9835500202164094
2.25 0.9843698849124052
2.3 0.9851270644514188
2.3499999999999996 0.9858318141021156
2.3999999999999995 0.9864843978527671
2.4499999999999993 0.9870915029763236
2.499999999999999 0.9876575582497068
2.549999999999999 0.9881864031163187
2.5999999999999988 0.9886812726449897
2.6499999999999986 0.9891450196890241
2.6999999999999984 0.9895802056833048
2.7499999999999982 0.9899893609756816
2.799999999999998 0.9903744926132514
2.849999999999998 0.9907374743940853
2.8999999999999977 0.9910799472829734
2.9499999999999975 0.9914034322280965
2.9999999999999973 0.9917094939617085
2.9499999999999975 0.9916846567711958
2.8999999999999977 0.9915102839970359
2.849999999999998 0.9912604267102229
2.799999999999998 0.9909670574765179
2.7499999999999982 0.9906433478083434
2.6999999999999984 0.990294803850491
2.6499999999999986 0.9899231203039558
2.5999999999999988 0.9895281935335424
2.549999999999999 0.9891089107743365
2.499999999999999 0.9886638082097153
2.4499999999999993 0.9881910598731649
2.3999999999999995 0.9876885003534408
2.3499999999999996 0.9871536359780843
2.3 0.986583599016065
2.25 0.9859754532531083
2.2 0.9853258229933658
2.1500000000000004 0.9846309276485197
2.1000000000000005 0.9838864322233632
2.0500000000000007 0.9830877449108618
2.000000000000001 0.9822296149069727
1.9500000000000008 0.9813060589974899
1.9000000000000008 0.9803104393082027
1.8500000000000008 0.9792354221032886
1.8000000000000007 0.9780725035555204
1.7500000000000007 0.9768121599528656
1.7000000000000006 0.9754436998550805
1.6500000000000006 0.9739547040129166
1.6000000000000005 0.9723313574517563
1.5500000000000005 0.9705576267874225
1.5000000000000004 0.9686153682129743
1.4500000000000004 0.9664836878239849
1.4000000000000004 0.9641385332613744
1.3500000000000003 0.9615523137591645
1.3000000000000003 0.958693210360782
1.2500000000000002 0.9555244563531073
1.2000000000000002 0.952003668008588
1.1500000000000001 0.9480818441024254
1.1 0.9437025348049527
1.05 0.9388007664343143
1.0 0.9333020495979754
0.95 0.9271215885811798
0.8999999999999999 0.9201636672621429
0.8499999999999999 0.9123216754968823
0.7999999999999998 0.9034790392297161
0.7499999999999998 0.8935112699878028
0.6999999999999997 0.8822904728386207
0.6499999999999997 0.8696921133571549
0.5999999999999996 0.855603963042621
0.5499999999999996 0.8399359321779621
0.4999999999999996 0.822630764567763
0.4499999999999996 0.8036738171021204
0.39999999999999963 0.7830990415868712
0.34999999999999964 0.7609840068857469
0.29999999999999966 0.7374371113590061
0.24999999999999967 0.7125818573161008
0.19999999999999968 0.6865405195939678
0.1499999999999997 0.6594095864335716
0.09999999999999969 0.6312382067505646
0.049999999999999684 0.602029507191295
-3.191891195797325e-16 0.5717578749784091
-0.05000000000000032 0.5403730025753929
-0.10000000000000032 0.507787345266766
-0.15000000000000033 0.47387476543325563
-0.20000000000000034 0.43848200610395816
-0.25000000000000033 0.40144058100736113
-0.3000000000000003 0.36257360113221965
-0.3500000000000003 0.3216578538793836
-0.4000000000000003 0.27841411234250574
-0.4500000000000003 0.232488704038048
-0.5000000000000003 0.18343882493050306
-0.5500000000000004 0.13069392981835953
-0.6000000000000004 0.07349158041351533
-0.6500000000000005 0.010776810760414096
-0.7000000000000005 -0.058977712683330075
-0.7500000000000006 -0.1381127468347572
-0.8000000000000006 -0.2303810744738379
-0.8500000000000006 -0.3407669294416574
-0.9000000000000007 -0.47190173508275673
-0.9500000000000007 -0.6153061133047407
-1.0000000000000007 -0.7475429902604297
-1.0500000000000007 -0.8453631212863002
-1.1000000000000008 -0.9042704457616905
-1.1500000000000008 -0.9350609705914539
-1.2000000000000008 -0.9502373656710805
-1.2500000000000009 -0.9576930949425809
-1.300000000000001 -0.9614435046547463
-1.350000000000001 -0.9636059073062057
-1.400000000000001 -0.9648554458395918
-1.450000000000001 -0.9657804529204307
-1.500000000000001 -0.9666945254312609
-1.5500000000000012 -0.9678144751906279
-1.6000000000000012 -0.9690846136196188
-1.6500000000000012 -0.9704055369294495
-1.7000000000000013 -0.9717772663209416
-1.7500000000000013 -0.9731903043213412
-1.8000000000000014 -0.9745940110739156
-1.8500000000000014 -0.975956669587892
-1.9000000000000015 -0.977258180968069
-1.9500000000000015 -0.9784929299855624
-2.0000000000000013 -0.9796551674650933
-2.050000000000001 -0.9807443077708984
-2.100000000000001 -0.9817583874343474
-2.150000000000001 -0.9826998697236335
-2.2000000000000006 -0.9835735008615686
-2.2500000000000004 -0.9843841529683586
-2.3000000000000003 -0.9851366749069346
-2.35 -0.9858359669814749
-2.4 -0.9864865938144202
-2.4499999999999997 -0.9870927299026099
-2.4999999999999996 -0.9876582579363373
-2.5499999999999994 -0.9881867990307794
-2.599999999999999 -0.9886814907979443
-2.649999999999999 -0.989145138207264
-2.699999999999999 -0.9895802672105657
-2.7499999999999987 -0.9899893929238667
-2.7999999999999985 -0.9903745070074834
-2.8499999999999983 -0.9907374785225812
-2.899999999999998 -0.991079945990925
-2.949999999999998 -0.991403429202247
-2.999999999999998 -0.9917094908251388
-2.949999999999998 -0.9916846564299578
-2.899999999999998 -0.9915102832607706
-2.8499999999999983 -0.9912604261676626
-2.7999999999999985 -0.9909670565797606
-2.7499999999999987 -0.9906433476034917
-2.699999999999999 -0.9902948044294397
-2.649999999999999 -0.9899231215779511
-2.599999999999999 -0.989528195293192
-2.5499999999999994 -0.9891089112561744
-2.4999999999999996 -0.9886638092318393
-2.4499999999999997 -0.9881910608422202
-2.4 -0.9876885014531066
-2.35 -0.9871536370629932
-2.3000000000000003 -0.9865835995350374
-2.2500000000000004 -0.985975454082285
-2.2000000000000006 -0.9853258244020869
-2.150000000000001 -0.9846309295388966
-2.100000000000001 -0.9838864347122854
-2.050000000000001 -0.9830877484849041
-2.0000000000000013 -0.9822296175504611
-1.9500000000000013 -0.9813060613795833
-1.9000000000000012 -0.9803104420887412
-1.8500000000000012 -0.9792354247001815
-1.8000000000000012 -0.9780725085859064
-1.750000000000001 -0.97681216569367
-1.700000000000001 -0.975443705949405
-1.650000000000001 -0.9739547111592156
-1.600000000000001 -0.9723313635460552
-1.550000000000001 -0.9705576343061822
-1.5000000000000009 -0.9686153763789486
-1.4500000000000008 -0.9664836962797126
-1.4000000000000008 -0.9641385441327397
-1.3500000000000008 -0.9615523230952074
-1.3000000000000007 -0.9586932206901291
-1.2500000000000007 -0.9555244663870893
-1.2000000000000006 -0.9520036797716879
-1.1500000000000006 -0.94808185958501
-1.1000000000000005 -0.9437025522458347
-1.0500000000000005 -0.9388007858122827
-1.0000000000000004 -0.9333020700298704
-0.9500000000000004 -0.9271216118975995
-0.9000000000000004 -0.9201636940307537
-0.8500000000000003 -0.9123217050556779
-0.8000000000000003 -0.9034790708374746
-0.7500000000000002 -0.8935113066310331
-0.7000000000000002 -0.8822905128479251
-0.6500000000000001 -0.8696921553790545
-0.6000000000000001 -0.8556040090873521
-0.55 -0.8399359802254824
-0.5 -0.8226308137900866
-0.45 -0.8036738707601483
-0.4 -0.7830991030740504
-0.35000000000000003 -0.7609840771265574
-0.30000000000000004 -0.7374371849215811
-0.25000000000000006 -0.7125819310717516
-0.20000000000000007 -0.6865405931241164
-0.15000000000000008 -0.6594096635320393
-0.10000000000000007 -0.6312382970795297
-0.05000000000000007 -0.6020296281894446
-6.938893903907228e-17 -0.5717580540969398
0.04999999999999993 -0.5403732916707135
0.09999999999999994 -0.5077877713116918
0.14999999999999994 -0.47387527239259375
0.19999999999999996 -0.4384825139593547
0.24999999999999994 -0.4014410357722216
0.29999999999999993 -0.3625739894736268
0.3499999999999999 -0.3216581840002999
0.3999999999999999 -0.2784144016137973
0.4499999999999999 -0.23248896929883953
0.4999999999999999 -0.1834390788090506
0.5499999999999999 -0.13069418473121192
0.6 -0.07349184440425698
0.65 -0.010777089580658582
0.7000000000000001 0.05897741021790818
0.7500000000000001 0.13811241333831867
0.8000000000000002 0.23038070304738661
0.8500000000000002 0.3407665048478547
0.9000000000000002 0.4719012399687669
0.9500000000000003 0.6153055220664968
1.0000000000000002 0.7475422475461668
1.0500000000000003 0.8453621154141913
1.1000000000000003 0.9042689646096124
1.1500000000000004 0.9350585929054424
1.2000000000000004 0.9502334635738913
1.2500000000000004 0.9576875375210308
1.3000000000000005 0.9614366633209542
1.3500000000000005 0.9635999637929046
1.4000000000000006 0.9648513708323668
1.4500000000000006 0.9657784859247264
1.5000000000000007 0.9666948509355654
1.5500000000000007 0.9678176498745472
1.6000000000000008 0.969092902964209
1.6500000000000008 0.9704109011043369
1.7000000000000008 0.9717891345554266
1.7500000000000009 0.9732044532924015
1.800000000000001 0.9746037140944165
1.850000000000001 0.9759591757089753
1.900000000000001 0.9772587634445247
1.950000000000001 0.9784933181095024
2.000000000000001 0.9796570417182044
2.0500000000000007 0.9807453354066442
2.1000000000000005 0.9817586154978716
2.1500000000000004 0.9826999097410938
2.2 0.9835735054022442
2.25 0.9843841519343248
2.3 0.9851366736277349
2.3499999999999996 0.985835965985606
2.3999999999999995 0.9864865931614084
2.4499999999999993 0.987092729509646
2.499999999999999 0.9876582576670785
2.549999999999999 0.9881867988588178
2.5999999999999988 0.9886814906782851
2.6499999999999986 0.9891451380815977
2.6999999999999984 0.9895802671975781
2.7499999999999982 0.9899893928850779
2.799999999999998 0.9903745069855774
2.849999999999998 0.9907374784504891
2.8999999999999977 0.9910799461420492
2.9499999999999975 0.9914034291612183
2.9999999999999973 0.9917094907828252