0 -0.012082328096227684
0.05 0.0023553547016337555
0.1 0.026892922667887627
0.15000000000000002 0.05758496715766935
0.2 0.09084175345826215
0.25 0.12485463725041625
0.3 0.15895370606852757
0.35 0.19295603577715803
0.39999999999999997 0.22703699925937754
0.44999999999999996 0.26153579075450434
0.49999999999999994 0.29682838801254413
0.5499999999999999 0.33331714235306986
0.6 0.3714322904528102
0.65 0.411690682450664
0.7000000000000001 0.45484638122333415
0.7500000000000001 0.5020831047007495
0.8000000000000002 0.555289268833075
0.8500000000000002 0.6164669442278186
0.9000000000000002 0.6862789215791403
0.9500000000000003 0.7605575959029923
1.0000000000000002 0.8270448261219747
1.0500000000000003 0.8756132588383693
1.1000000000000003 0.9068001068814731
1.1500000000000004 0.9253403365596156
1.2000000000000004 0.9364736488638581
1.2500000000000004 0.9437051078883062
1.3000000000000005 0.9486811669430906
1.3500000000000005 0.9524663071038056
1.4000000000000006 0.9556152389272455
1.4500000000000006 0.9584118929920091
1.5000000000000007 0.961046324937645
1.5500000000000007 0.963529604629954
1.6000000000000008 0.9658510704504378
1.6500000000000008 0.9680192576563257
1.7000000000000008 0.9700288175846693
1.7500000000000009 0.9719084918476109
1.800000000000001 0.9736454895989096
1.850000000000001 0.9752432150476277
1.900000000000001 0.9767145446442265
1.950000000000001 0.9780688505710882
2.000000000000001 0.979314791493513
2.0500000000000007 0.9804609508532194
2.1000000000000005 0.9815158398089905
2.1500000000000004 0.9824877085168505
2.2 0.9833843147908712
2.25 0.9842128339721716
2.3 0.9849797000618422
2.3499999999999996 0.9856909177909284
2.3999999999999995 0.9863517527730249
2.4499999999999993 0.9869668496976093
2.499999999999999 0.9875403015191492
2.549999999999999 0.9880760234662748
2.5999999999999988 0.9885772723427599
2.6499999999999986 0.9890469693919508
2.6999999999999984 0.9894876898804713
2.7499999999999982 0.9899019726865954
2.799999999999998 0.9902918804585997
2.849999999999998 0.9906592985285995
2.8999999999999977 0.9910059124704478
2.9499999999999975 0.9913332926398905
2.9999999999999973 0.9916430000086869
2.9499999999999975 0.9916168937946773
2.8999999999999977 0.9914395312168184
2.849999999999998 0.9911859167852789
2.799999999999998 0.9908884506448662
2.7499999999999982 0.9905603182782003
2.6999999999999984 0.9902070139386316
2.6499999999999986 0.9898302339653278
2.5999999999999988 0.9894298676430897
2.549999999999999 0.9890047084284969
2.499999999999999 0.9885533339610005
2.4499999999999993 0.9880738205969708
2.3999999999999995 0.9875639283675205
2.3499999999999996 0.9870211423885601
2.3 0.9864425623759264
2.25 0.9858252017652821
2.2 0.9851655694168236
2.1500000000000004 0.9844598019781202
2.1000000000000005 0.9837034836130858
2.0500000000000007 0.9828919621549203
2.000000000000001 0.9820198314218928
1.9500000000000008 0.9810810417664029
1.9000000000000008 0.9800688245208466
1.8500000000000008 0.9789756135054836
1.8000000000000007 0.9777928064444639
1.7500000000000007 0.9765106873822096
1.7000000000000006 0.975118307304679
1.6500000000000006 0.9736030936916548
1.6000000000000005 0.9719509234027675
1.5500000000000005 0.9701454946744872
1.5000000000000004 0.9681683334043033
1.4500000000000004 0.9659982198755775
1.4000000000000004 0.9636106468500165
1.3500000000000003 0.960977697170109
1.3000000000000003 0.9580671052239236
1.2500000000000002 0.9548415639904476
1.2000000000000002 0.9512581428370069
1.1500000000000001 0.9472673130613505
1.1 0.9428119814895627
1.05 0.9378264699443957
1.0 0.9322354063674599
0.95 0.9259530897704803
0.8999999999999999 0.9188825893605339
0.8499999999999999 0.910915920746233
0.7999999999999998 0.9019349269458704
0.7499999999999998 0.8918139460553987
0.6999999999999997 0.8804249525212127
0.6499999999999997 0.8676461138570966
0.5999999999999996 0.8533731007838187
0.5499999999999996 0.8375305298679833
0.4999999999999996 0.8200793242285612
0.4499999999999996 0.8010186948412356
0.39999999999999963 0.7803844270811153
0.34999999999999964 0.7582439408818994
0.29999999999999966 0.7346764842837031
0.24999999999999967 0.7097430892530066
0.19999999999999968 0.683521289994883
0.1499999999999997 0.6561244799989947
0.09999999999999969 0.6276274043780066
0.049999999999999684 0.5980585942711013
-3.191891195797325e-16 0.5674163408920003
-0.05000000000000032 0.5356685807217335
-0.10000000000000032 0.5027485632198745
-0.15000000000000033 0.4685438099861349
-0.20000000000000034 0.4329006653538189
-0.25000000000000033 0.3956321072252602
-0.3000000000000003 0.35652634343915235
-0.3500000000000003 0.3153340914519242
-0.4000000000000003 0.27176771292508545
-0.4500000000000003 0.22547385073499165
-0.5000000000000003 0.17601041949664098
-0.5500000000000004 0.12280416052309286
-0.6000000000000004 0.0650840305662794
-0.6500000000000005 0.0017758433271652606
-0.7000000000000005 -0.06868985888853182
-0.7500000000000006 -0.14874478640360297
-0.8000000000000006 -0.24232020301659363
-0.8500000000000006 -0.3544643321470507
-0.9000000000000007 -0.48703746206431553
-0.9500000000000007 -0.6300468524172105
-1.0000000000000007 -0.7588650842579466
-1.0500000000000007 -0.8522880623965393
-1.1000000000000008 -0.9084432715261024
-1.1500000000000008 -0.9374998583541815
-1.2000000000000008 -0.9516449212128871
-1.2500000000000009 -0.9583901217954179
-1.300000000000001 -0.9615359026344312
-1.350000000000001 -0.9628878573231752
-1.400000000000001 -0.9637127963327399
-1.450000000000001 -0.9646901477696855
-1.500000000000001 -0.9658866483006491
-1.5500000000000012 -0.9671820965127899
-1.6000000000000012 -0.9684947039072138
-1.6500000000000012 -0.9698850955844989
-1.7000000000000013 -0.9713113986588005
-1.7500000000000013 -0.9727670797664602
-1.8000000000000014 -0.9742064464257522
-1.8500000000000014 -0.9756035809923429
-1.9000000000000015 -0.976946447680424
-1.9500000000000015 -0.9782129224159875
-2.0000000000000013 -0.9794001680016355
-2.050000000000001 -0.9805107066310382
-2.100000000000001 -0.9815458856568089
-2.150000000000001 -0.9825090510837965
-2.2000000000000006 -0.9833991427559611
-2.2500000000000004 -0.9842221680951749
-2.3000000000000003 -0.9849853513815096
-2.35 -0.985694275904435
-2.4 -0.9863537245471197
-2.4499999999999997 -0.9869679847889105
-2.4999999999999996 -0.9875409521413786
-2.5499999999999994 -0.9880763884607803
-2.599999999999999 -0.9885774736273542
-2.649999999999999 -0.9890470771406763
-2.699999999999999 -0.9894877467499524
-2.7499999999999987 -0.9899020015100373
-2.7999999999999985 -0.9902918926413918
-2.8499999999999983 -0.9906593021485259
-2.899999999999998 -0.9910059137018195
-2.949999999999998 -0.9913332921009533
-2.999999999999998 -0.991642998040656
-2.949999999999998 -0.9916168942129895
-2.899999999999998 -0.9914395313638313
-2.8499999999999983 -0.9911859170661712
-2.7999999999999985 -0.9908884500803117
-2.7499999999999987 -0.9905603172720832
-2.699999999999999 -0.9902070114937421
-2.649999999999999 -0.9898302336270159
-2.599999999999999 -0.989429867449258
-2.5499999999999994 -0.9890047084974087
-2.4999999999999996 -0.9885533346648459
-2.4499999999999997 -0.9880738222070208
-2.4 -0.9875639292766684
-2.35 -0.9870211420979332
-2.3000000000000003 -0.9864425624126488
-2.2500000000000004 -0.9858252031552165
-2.2000000000000006 -0.9851655693146266
-2.150000000000001 -0.9844598018628092
-2.100000000000001 -0.983703483607894
-2.050000000000001 -0.9828919616736373
-2.0000000000000013 -0.9820198314932634
-1.9500000000000013 -0.9810810442337372
-1.9000000000000012 -0.980068825875095
-1.8500000000000012 -0.9789756145249725
-1.8000000000000012 -0.9777928079106306
-1.750000000000001 -0.9765106900427881
-1.700000000000001 -0.975118309911567
-1.650000000000001 -0.9736030948227501
-1.600000000000001 -0.9719509241751604
-1.550000000000001 -0.9701454989819696
-1.5000000000000009 -0.9681683372325434
-1.4500000000000008 -0.9659982264416468
-1.4000000000000008 -0.9636106537079265
-1.3500000000000008 -0.9609777051716109
-1.3000000000000007 -0.9580671163353738
-1.2500000000000007 -0.9548415740406633
-1.2000000000000006 -0.9512581522191017
-1.1500000000000006 -0.9472673235263099
-1.1000000000000005 -0.9428119916824388
-1.0500000000000005 -0.9378264814583975
-1.0000000000000004 -0.9322354201077592
-0.9500000000000004 -0.9259531101908923
-0.9000000000000004 -0.9188826159012952
-0.8500000000000003 -0.9109159479322796
-0.8000000000000003 -0.9019349580166778
-0.7500000000000002 -0.8918139796003748
-0.7000000000000002 -0.880424982923373
-0.6500000000000001 -0.8676461436127699
-0.6000000000000001 -0.8533731202767865
-0.55 -0.8375305463225979
-0.5 -0.8200793297895724
-0.45 -0.8010186892783745
-0.4 -0.7803844075903263
-0.35000000000000003 -0.7582438886867283
-0.30000000000000004 -0.7346763034593288
-0.25000000000000006 -0.7097426749395637
-0.20000000000000007 -0.6835208297687997
-0.15000000000000008 -0.6561241807208372
-0.10000000000000007 -0.6276272894142083
-0.05000000000000007 -0.5980586174786866
-6.938893903907228e-17 -0.5674164482162324
0.04999999999999993 -0.5356687321303445
0.09999999999999994 -0.5027487271051003
0.14999999999999994 -0.4685439736305867
0.19999999999999996 -0.43290082688841103
0.24999999999999994 -0.3956322665841351
0.29999999999999993 -0.35652650645535094
0.3499999999999999 -0.3153342590218835
0.3999999999999999 -0.2717678905357872
0.4499999999999999 -0.22547403873894883
0.4999999999999999 -0.1760106227171317
0.5499999999999999 -0.12280438152222953
0.6 -0.06508427220367348
0.65 -0.001776105985128001
0.7000000000000001 0.0686895682568983
0.7500000000000001 0.14874446336646144
0.8000000000000002 0.2423198381983774
0.8500000000000002 0.3544639163019224
0.9000000000000002 0.48703697782560634
0.9500000000000003 0.6300462641932054
1.0000000000000002 0.7588643271573755
1.0500000000000003 0.8522870001288088
1.1000000000000003 0.9084415806781222
1.1500000000000004 0.9374968975598391
1.2000000000000004 0.9516410004030177
1.2500000000000004 0.9583845069146777
1.3000000000000005 0.9615306565367634
1.3500000000000005 0.9628834822540246
1.4000000000000006 0.9637093872195155
1.4500000000000006 0.9646885385038046
1.5000000000000007 0.9658880162752292
1.5500000000000007 0.9671876429832644
1.6000000000000008 0.9685116194936781
1.6500000000000008 0.9699097159584282
1.7000000000000008 0.9713349546249795
1.7500000000000009 0.9727854420624068
1.800000000000001 0.9742190350080028
1.850000000000001 0.9756172939205127
1.900000000000001 0.9769636263035467
1.950000000000001 0.9782320077489758
2.000000000000001 0.9794193935070037
2.0500000000000007 0.9805277300843221
2.1000000000000005 0.9815576449145211
2.1500000000000004 0.9825135286473794
2.2 0.9834000736637919
2.25 0.9842223405651293
2.3 0.9849853838222409
2.3499999999999996 0.9856942829006825
2.3999999999999995 0.9863537266364937
2.4499999999999993 0.9869679856989353
2.499999999999999 0.9875409524918383
2.549999999999999 0.9880763885880729
2.5999999999999988 0.9885774736668105
2.6499999999999986 0.989047077147393
2.6999999999999984 0.9894877466799822
2.7499999999999982 0.989902001521578
2.799999999999998 0.9902918926144472
2.849999999999998 0.9906593021852981
2.8999999999999977 0.991005913589973
2.9499999999999975 0.991333292112808
2.9999999999999973 0.9916429980575912