0 0.04807908994553447
0.05 0.057191305769539375
0.1 0.0750700707195992
0.15000000000000002 0.09844425885330628
0.2 0.12463066624250879
0.25 0.15234335990803566
0.3 0.18117689524144964
0.35 0.21106659944781822
0.39999999999999997 0.24204299407093738
0.44999999999999996 0.2742119478240196
0.49999999999999994 0.3077472562264586
0.5499999999999999 0.3428372917594488
0.6 0.37973718504958803
0.65 0.4189152574801084
0.7000000000000001 0.4611332928464718
0.7500000000000001 0.5075899633492366
0.8000000000000002 0.5600308636718706
0.8500000000000002 0.6202827608020153
0.9000000000000002 0.688908636454977
0.9500000000000003 0.7611915992302463
1.0000000000000002 0.8261461549305651
1.0500000000000003 0.8743294278093366
1.1000000000000003 0.9052604823565719
1.1500000000000004 0.923622702209087
1.2000000000000004 0.9347036204973183
1.2500000000000004 0.9420779508753228
1.3000000000000005 0.9473095597110459
1.3500000000000005 0.9514270580143702
1.4000000000000006 0.9549953760057204
1.4500000000000006 0.9582956644089075
1.5000000000000007 0.9610863039301241
1.5500000000000007 0.9635312520523157
1.6000000000000008 0.9657890313962407
1.6500000000000008 0.9678888891334171
1.7000000000000008 0.9698649534326214
1.7500000000000009 0.971711386127965
1.800000000000001 0.9734274917807141
1.850000000000001 0.975023602825064
1.900000000000001 0.9764960500043712
1.950000000000001 0.9778538528786928
2.000000000000001 0.979110338268249
2.0500000000000007 0.9802642144038323
2.1000000000000005 0.9813254835315892
2.1500000000000004 0.982303768918734
2.2 0.9832068842396593
2.25 0.9840419233862971
2.3 0.9848151781495944
2.3499999999999996 0.985532587446805
2.3999999999999995 0.9861994012340057
2.4499999999999993 0.9868202051422366
2.499999999999999 0.9873991242957797
2.549999999999999 0.9879400370878544
2.5999999999999988 0.9884462209587205
2.6499999999999986 0.9889206197363676
2.6999999999999984 0.989365786903289
2.7499999999999982 0.9897843365050877
2.799999999999998 0.9901783409912851
2.849999999999998 0.9905496588475078
2.8999999999999977 0.990899964463481
2.9499999999999975 0.9912308686724315
2.9999999999999973 0.9915439161819232
2.9499999999999975 0.9915149437215132
2.8999999999999977 0.991333068385067
2.849999999999998 0.991074766683371
2.799999999999998 0.9907725412000893
2.7499999999999982 0.9904396631919411
2.6999999999999984 0.9900815414583004
2.6499999999999986 0.9896997770623387
2.5999999999999988 0.989294165836252
2.549999999999999 0.9888634886711426
2.499999999999999 0.9884062685991352
2.4499999999999993 0.9879205982559784
2.3999999999999995 0.9874042073813862
2.3499999999999996 0.9868544872365068
2.3 0.9862685615646477
2.25 0.9856433963240745
2.2 0.9849754202146556
2.1500000000000004 0.9842606675920087
2.1000000000000005 0.9834948366253762
2.0500000000000007 0.9826731248442988
2.000000000000001 0.9817900718535267
1.9500000000000008 0.9808395266773825
1.9000000000000008 0.9798146405742666
1.8500000000000008 0.9787078128761624
1.8000000000000007 0.9775103217714523
1.7500000000000007 0.9762123236236954
1.7000000000000006 0.9748027685936556
1.6500000000000006 0.9732688647947323
1.6000000000000005 0.9715964460143177
1.5500000000000005 0.9697690714123273
1.5000000000000004 0.9677681020772253
1.4500000000000004 0.965572064932302
1.4000000000000004 0.963156504157527
1.3500000000000003 0.9604932920952167
1.3000000000000003 0.9575501926343312
1.2500000000000002 0.9542900135220038
1.2000000000000002 0.9506701125533423
1.1500000000000001 0.946641598127357
1.1 0.9421481813078199
1.05 0.9371257042569459
1.0 0.9315008594944797
0.95 0.9251906757010624
0.8999999999999999 0.9181017343225407
0.8499999999999999 0.9101301610392055
0.7999999999999998 0.9011616778545716
0.7499999999999998 0.8910730595181644
0.6999999999999997 0.8797340548307327
0.6499999999999997 0.867011324005247
0.5999999999999996 0.8527752766601578
0.5499999999999996 0.8369163765677187
0.4999999999999996 0.8193657886106294
0.4499999999999996 0.8001122597665113
0.39999999999999963 0.7792083425817721
0.34999999999999964 0.7567653817959181
0.29999999999999966 0.7329265894835421
0.24999999999999967 0.7078409067686405
0.19999999999999968 0.6816516498226053
0.1499999999999997 0.6544641187007353
0.09999999999999969 0.6263249105405501
0.049999999999999684 0.5972293237240889
-3.191891195797325e-16 0.5671212027971089
-0.05000000000000032 0.5358995236982941
-0.10000000000000032 0.5034346574939185
-0.15000000000000033 0.4695795721498431
-0.20000000000000034 0.434174540657682
-0.25000000000000033 0.3970414614432652
-0.3000000000000003 0.35798131601721267
-0.3500000000000003 0.316754940847896
-0.4000000000000003 0.27308000916931696
-0.4500000000000003 0.22660267708757204
-0.5000000000000003 0.17687513335227154
-0.5500000000000004 0.12331081115724488
-0.6000000000000004 0.0651161109762579
-0.6500000000000005 0.001177912773092966
-0.7000000000000005 -0.07014071321622767
-0.7500000000000006 -0.15140048739262343
-0.8000000000000006 -0.24666297669681123
-0.8500000000000006 -0.36050599690933666
-0.9000000000000007 -0.4937714792270625
-0.9500000000000007 -0.6360376142944663
-1.0000000000000007 -0.7643469369151806
-1.0500000000000007 -0.8566203698062896
-1.1000000000000008 -0.9104301823464434
-1.1500000000000008 -0.9375786513251497
-1.2000000000000008 -0.9500337713846316
-1.2500000000000009 -0.95570809094266
-1.300000000000001 -0.9586813938549298
-1.350000000000001 -0.9608536405426373
-1.400000000000001 -0.9625962472555242
-1.450000000000001 -0.9642458679089815
-1.500000000000001 -0.9655939165027805
-1.5500000000000012 -0.9668861156212041
-1.6000000000000012 -0.9682356752965977
-1.6500000000000012 -0.9696008955672857
-1.7000000000000013 -0.9710425915103604
-1.7500000000000013 -0.972518170531219
-1.8000000000000014 -0.9739700805257608
-1.8500000000000014 -0.9753748298021898
-1.9000000000000015 -0.976724237463924
-1.9500000000000015 -0.9780027174582762
-2.0000000000000013 -0.9792053207285406
-2.050000000000001 -0.9803241644787999
-2.100000000000001 -0.9813628106871666
-2.150000000000001 -0.9823267741032095
-2.2000000000000006 -0.9832209103758474
-2.2500000000000004 -0.9840503813669469
-2.3000000000000003 -0.9848202377921657
-2.35 -0.9855355858289374
-2.4 -0.9862011498857185
-2.4499999999999997 -0.9868212154868732
-2.4999999999999996 -0.987399704905016
-2.5499999999999994 -0.9879403655760527
-2.599999999999999 -0.9884464007685557
-2.649999999999999 -0.9889207136702737
-2.699999999999999 -0.9893658370008525
-2.7499999999999987 -0.989784357385576
-2.7999999999999985 -0.9901783500614791
-2.8499999999999983 -0.9905496614550237
-2.899999999999998 -0.9908999637284098
-2.949999999999998 -0.9912308660022277
-2.999999999999998 -0.9915439123815769
-2.949999999999998 -0.9915149395910096
-2.899999999999998 -0.9913330642479251
-2.8499999999999983 -0.9910747647603269
-2.7999999999999985 -0.9907725413194807
-2.7499999999999987 -0.9904396647024107
-2.699999999999999 -0.9900815423124352
-2.649999999999999 -0.9896997771338318
-2.599999999999999 -0.9892941687273025
-2.5499999999999994 -0.9888634893078068
-2.4999999999999996 -0.9884062678844785
-2.4499999999999997 -0.9879205979080296
-2.4 -0.9874042089967487
-2.35 -0.986854489169207
-2.3000000000000003 -0.9862685611784894
-2.2500000000000004 -0.9856433986937579
-2.2000000000000006 -0.984975423104521
-2.150000000000001 -0.9842606690262747
-2.100000000000001 -0.9834948387086535
-2.050000000000001 -0.9826731263356288
-2.0000000000000013 -0.9817900737796499
-1.9500000000000013 -0.9808395275805012
-1.9000000000000012 -0.9798146440783556
-1.8500000000000012 -0.9787078148485797
-1.8000000000000012 -0.9775103268417517
-1.750000000000001 -0.9762123289701903
-1.700000000000001 -0.974802773263492
-1.650000000000001 -0.9732688697591042
-1.600000000000001 -0.9715964496338054
-1.550000000000001 -0.9697690761313302
-1.5000000000000009 -0.9677681099179896
-1.4500000000000008 -0.9655720701078643
-1.4000000000000008 -0.9631565114842493
-1.3500000000000008 -0.9604933080360583
-1.3000000000000007 -0.957550207469078
-1.2500000000000007 -0.9542900290012858
-1.2000000000000006 -0.9506701280556676
-1.1500000000000006 -0.9466416124175546
-1.1000000000000005 -0.942148202847853
-1.0500000000000005 -0.9371257260782828
-1.0000000000000004 -0.9315008825430727
-0.9500000000000004 -0.9251907044746301
-0.9000000000000004 -0.91810176269458
-0.8500000000000003 -0.9101301899915968
-0.8000000000000003 -0.9011617043470151
-0.7500000000000002 -0.8910730843359059
-0.7000000000000002 -0.8797340725234755
-0.6500000000000001 -0.8670113365393867
-0.6000000000000001 -0.8527752845881275
-0.55 -0.8369163789370336
-0.5 -0.8193657887745224
-0.45 -0.8001122580102948
-0.4 -0.7792083474960494
-0.35000000000000003 -0.7567653962077867
-0.30000000000000004 -0.7329266066055304
-0.25000000000000006 -0.7078409197020263
-0.20000000000000007 -0.6816516407514505
-0.15000000000000008 -0.6544640771407657
-0.10000000000000007 -0.6263248609809755
-0.05000000000000007 -0.5972292893971173
-6.938893903907228e-17 -0.567121198546731
0.04999999999999993 -0.5358995478964502
0.09999999999999994 -0.5034347073725502
0.14999999999999994 -0.4695796458863246
0.19999999999999996 -0.43417463212678886
0.24999999999999994 -0.3970415686389857
0.29999999999999993 -0.357981437994525
0.3499999999999999 -0.31675507616786175
0.3999999999999999 -0.27308015646086625
0.4499999999999999 -0.226602840439723
0.4999999999999999 -0.17687531245063862
0.5499999999999999 -0.12331101150325968
0.6 -0.0651163358801922
0.65 -0.0011781626064495487
0.7000000000000001 0.0701404304718787
0.7500000000000001 0.15140016508083132
0.8000000000000002 0.2466626075780487
0.8500000000000002 0.3605055670550558
0.9000000000000002 0.49377097177205576
0.9500000000000003 0.6360369958977682
1.0000000000000002 0.7643461370797455
1.0500000000000003 0.8566192468036459
1.1000000000000003 0.9104284460585866
1.1500000000000004 0.9375759658096776
1.2000000000000004 0.9500297151457219
1.2500000000000004 0.9557029966015682
1.3000000000000005 0.9586737413973058
1.3500000000000005 0.9608461231766278
1.4000000000000006 0.9625900486947093
1.4500000000000006 0.9642421334407433
1.5000000000000007 0.9655930234899919
1.5500000000000007 0.9668868441250966
1.6000000000000008 0.9682369560498918
1.6500000000000008 0.9696042930196445
1.7000000000000008 0.9710475994493613
1.7500000000000009 0.9725229860734199
1.800000000000001 0.9739726862407145
1.850000000000001 0.9753798298168286
1.900000000000001 0.9767264821465501
1.950000000000001 0.9780060335900478
2.000000000000001 0.9792072697316061
2.0500000000000007 0.9803246171515284
2.1000000000000005 0.9813628998071176
2.1500000000000004 0.9823267911859835
2.2 0.983220913951741
2.25 0.9840503829222776
2.3 0.9848202383483877
2.3499999999999996 0.985535586125892
2.3999999999999995 0.9862011498375907
2.4499999999999993 0.9868212154923808
2.499999999999999 0.9873997049074994
2.549999999999999 0.9879403654813192
2.5999999999999988 0.9884464007051927
2.6499999999999986 0.9889207136066813
2.6999999999999984 0.9893658369437995
2.7499999999999982 0.9897843573302535
2.799999999999998 0.9901783500068392
2.849999999999998 0.9905496614008745
2.8999999999999977 0.9908999636723715
2.9499999999999975 0.9912308659487837
2.9999999999999973 0.9915439123298823