
0 0.2528802313488117
0.05 0.2878324712463397
0.1 0.32413733550504276
0.15000000000000002 0.36211145620004903
0.2 0.40223907204588627
0.25 0.4452568433203639
0.3 0.4923241621412579
0.35 0.5452831743455666
0.39999999999999997 0.6066512382826238
0.44999999999999996 0.6778896899839819
0.49999999999999994 0.7533426373013548
0.5499999999999999 0.8197755785753463
0.6 0.8696244478073275
0.65 0.9023852842346208
0.7000000000000001 0.9220387708327569
0.7500000000000001 0.9341749204794796
0.8000000000000002 0.9425663771588711
0.8500000000000002 0.9485482123778931
0.9000000000000002 0.9529440463633043
0.9500000000000003 0.956644070242594
1.0000000000000002 0.9596227248052034
1.0500000000000003 0.9621700666756108
1.1000000000000003 0.9644932376978269
1.1500000000000004 0.9666955362341864
1.2000000000000004 0.9687641786285445
1.2500000000000004 0.9707320087365534
1.3000000000000005 0.9725680737778104
1.3500000000000005 0.9742599631109732
1.4000000000000006 0.975825435714137
1.4500000000000006 0.9772688737201066
1.5000000000000007 0.9785999239935675
1.5500000000000007 0.9798306486871153
1.6000000000000008 0.9809593012402936
1.6500000000000008 0.9819959482558412
1.7000000000000008 0.9829500769057435
1.7500000000000009 0.9838296844129664
1.800000000000001 0.9846419855221004
1.850000000000001 0.9853933794031743
1.900000000000001 0.986089738476443
1.950000000000001 0.986736337443678
2.000000000000001 0.987337798077592
2.0500000000000007 0.9878981988647552
2.1000000000000005 0.9884214537743455
2.1500000000000004 0.988910791696581
2.2 0.9893690320908549
2.25 0.989798789518561
2.3 0.9902025980158522
2.3499999999999996 0.9905825365206115
2.3999999999999995 0.9909404453847701
2.4499999999999993 0.9912778749667265
2.499999999999999 0.991596489258201
2.549999999999999 0.9918978091577142
2.5999999999999988 0.9918702349237503
2.6499999999999986 0.9916955906436081
2.6999999999999984 0.9914472809000683
2.7499999999999982 0.9911565758237745
2.799999999999998 0.9908361534174557
2.849999999999998 0.9904912876160965
2.8999999999999977 0.9901234707682967
2.9499999999999975 0.9897324972054401
2.9999999999999973 0.9893171500455484
2.9499999999999975 0.9888759772863799
2.8999999999999977 0.9884070746675242
2.849999999999998 0.9879082543873482
2.799999999999998 0.9873768842627447
2.7499999999999982 0.9868101409801284
2.6999999999999984 0.9862050067675378
2.6499999999999986 0.9855579237640755
2.5999999999999988 0.9848650881918546
2.549999999999999 0.9841220750407144
2.499999999999999 0.9833240671355856
2.4499999999999993 0.9824656882521148
2.3999999999999995 0.98154073767395
2.3499999999999996 0.9805423422609276
2.3 0.9794628802731224
2.25 0.97829349406116
2.2 0.9770241956192416
2.1500000000000004 0.9756438537772408
2.1000000000000005 0.9741394492310458
2.0500000000000007 0.9724964664900891
2.000000000000001 0.9706979535408607
1.9500000000000008 0.9687248109979814
1.9000000000000008 0.9665548858060256
1.8500000000000008 0.964162710888726
1.8000000000000007 0.9615189115975696
1.7500000000000007 0.9585896559511193
1.7000000000000006 0.9553356931640308
1.6500000000000006 0.951711757391293
1.6000000000000005 0.9476652692118784
1.5500000000000005 0.9431357316290151
1.5000000000000004 0.9380532028288076
1.4500000000000004 0.9323374847574701
1.4000000000000004 0.9258968524371477
1.3500000000000003 0.918627418210787
1.3000000000000003 0.9104130103148368
1.2500000000000002 0.9011263973262612
1.2000000000000002 0.89063166200137
1.1500000000000001 0.8787901442934511
1.1 0.8654713926325653
1.05 0.8505687126764223
1.0 0.8340148360557362
0.95 0.8157923069385093
0.8999999999999999 0.7959368819982106
0.8499999999999999 0.7745297237659128
0.7999999999999998 0.7516827422642578
0.7499999999999998 0.7275255044222881
0.6999999999999997 0.7021752833857974
0.6499999999999997 0.6757011354967062
0.5999999999999996 0.648124692896981
0.5499999999999996 0.6194492443983464
0.4999999999999996 0.5896830662890966
0.4499999999999996 0.5588387935329613
0.39999999999999963 0.526902977103258
0.34999999999999964 0.4938086979217395
0.29999999999999966 0.4594359270959994
0.24999999999999967 0.42362984565205397
0.19999999999999968 0.3862088406481649
0.1499999999999997 0.3469698055023734
0.09999999999999969 0.30567250476216995
0.049999999999999684 0.26203710380869455
-3.191891195797325e-16 0.21571728240139895
-0.05000000000000032 0.1662765054294312
-0.10000000000000032 0.11314542365948944
-0.15000000000000033 0.055554346261383517
-0.20000000000000034 -0.007577001584253377
-0.25000000000000033 -0.07783796413895598
-0.3000000000000003 -0.15770679250885983
-0.3500000000000003 -0.2512115583944799
-0.4000000000000003 -0.3642145960894179
-0.4500000000000003 -0.498583895798599
-0.5000000000000003 -0.6397851590633524
-0.5500000000000004 -0.763301386802976
-0.6000000000000004 -0.8528869643599654
-0.6500000000000005 -0.9072736155857098
-0.7000000000000005 -0.9355169895114944
-0.7500000000000006 -0.9494944610131408
-0.8000000000000006 -0.957350998391859
-0.8500000000000006 -0.9615915880835936
-0.9000000000000007 -0.9637260434655102
-0.9500000000000007 -0.9652034305485715
-1.0000000000000007 -0.9661022823006925
-1.0500000000000007 -0.966948073306068
-1.1000000000000008 -0.9679337116084354
-1.1500000000000008 -0.96915352541079
-1.2000000000000008 -0.970491357851533
-1.2500000000000009 -0.9719012336863135
-1.300000000000001 -0.9733437914798363
-1.350000000000001 -0.9747716643069546
-1.400000000000001 -0.9761579698252958
-1.450000000000001 -0.9774829358230698
-1.500000000000001 -0.978741020512478
-1.5500000000000012 -0.9799178921445981
-1.6000000000000012 -0.9810122406354648
-1.6500000000000012 -0.9820279535598163
-1.7000000000000013 -0.9829693043236473
-1.7500000000000013 -0.9838410962092131
-1.8000000000000014 -0.9846486349716203
-1.8500000000000014 -0.9853971463630868
-1.9000000000000015 -0.9860917829380458
-1.9500000000000015 -0.9867373611061437
-2.0000000000000013 -0.987338220105513
-2.050000000000001 -0.9878982742967309
-2.100000000000001 -0.9884213255857986
-2.150000000000001 -0.9889105491209661
-2.2000000000000006 -0.989368724209002
-2.2500000000000004 -0.989798446566306
-2.3000000000000003 -0.9902022325756882
-2.35 -0.9905821595163024
-2.4 -0.9909400632101494
-2.4499999999999997 -0.9912774903994547
-2.4999999999999996 -0.9915961029816491
-2.5499999999999994 -0.9918974199468946
-2.599999999999999 -0.9918698480955505
-2.649999999999999 -0.991695204283978
-2.699999999999999 -0.9914468929636631
-2.7499999999999987 -0.9911561881831454
-2.7999999999999985 -0.9908357643790429
-2.8499999999999983 -0.9904908978150505
-2.899999999999998 -0.9901230812646138
-2.949999999999998 -0.9897321069924209
-2.999999999999998 -0.9893167567820192
-2.949999999999998 -0.9888755844943304
-2.899999999999998 -0.9884066811807659
-2.8499999999999983 -0.9879078620749292
-2.7999999999999985 -0.987376491683603
-2.7499999999999987 -0.9868097492572786
-2.699999999999999 -0.986204613031056
-2.649999999999999 -0.9855575296185861
-2.599999999999999 -0.9848646935941185
-2.5499999999999994 -0.9841216782351007
-2.4999999999999996 -0.983323669124573
-2.4499999999999997 -0.9824652889059903
-2.4 -0.9815403338973363
-2.35 -0.9805419371159452
-2.3000000000000003 -0.9794624747737947
-2.2500000000000004 -0.978293088067168
-2.2000000000000006 -0.9770237861692016
-2.150000000000001 -0.9756434439965025
-2.100000000000001 -0.9741390385689563
-2.050000000000001 -0.9724960528624944
-2.0000000000000013 -0.9706975343200696
-1.9500000000000013 -0.9687243893494477
-1.9000000000000012 -0.9665544616173941
-1.8500000000000012 -0.9641622813428306
-1.8000000000000012 -0.961518484958255
-1.750000000000001 -0.9585892211362381
-1.700000000000001 -0.9553352518530174
-1.650000000000001 -0.9517113087973543
-1.600000000000001 -0.9476648147081177
-1.550000000000001 -0.9431352690586386
-1.5000000000000009 -0.938052730815546
-1.4500000000000008 -0.9323370023474401
-1.4000000000000008 -0.9258963609812036
-1.3500000000000008 -0.9186269115132424
-1.3000000000000007 -0.9104124993105129
-1.2500000000000007 -0.9011258817865077
-1.2000000000000006 -0.8906311517735774
-1.1500000000000006 -0.8787896590353166
-1.1000000000000005 -0.8654709447371631
-1.0500000000000005 -0.850568322337311
-1.0000000000000004 -0.8340145278748292
-0.9500000000000004 -0.8157920893123451
-0.9000000000000004 -0.7959367480568823
-0.8500000000000003 -0.774529659254513
-0.8000000000000003 -0.7516827275965806
-0.7500000000000002 -0.7275255294607438
-0.7000000000000002 -0.7021753765826172
-0.6500000000000001 -0.6757013830779451
-0.6000000000000001 -0.6481252227665846
-0.55 -0.6194501666458109
-0.5 -0.5896843121438541
-0.45 -0.5588400991523488
-0.4 -0.5269040844582358
-0.35000000000000003 -0.493809495159423
-0.30000000000000004 -0.45943641835760124
-0.25000000000000006 -0.4236300881845312
-0.20000000000000007 -0.38620888754791877
-0.15000000000000008 -0.3469697152863717
-0.10000000000000007 -0.30567230959907327
-0.05000000000000007 -0.262036830176511
-6.938893903907228e-17 -0.2157169485119913
0.04999999999999993 -0.166276123706978
0.09999999999999994 -0.11314499941107774
0.14999999999999994 -0.05555388421219917
0.19999999999999996 0.007577504099329757
0.24999999999999994 0.07783851661375821
0.29999999999999993 0.157707416837451
0.3499999999999999 0.25121228693061637
0.3999999999999999 0.3642155018624105
0.4499999999999999 0.49858502034812413
0.4999999999999999 0.6397860916854485
0.5499999999999999 0.7633010270846291
0.6 0.8528855351810608
0.65 0.9072725613414628
0.7000000000000001 0.9355162514710577
0.7500000000000001 0.9494928854819396
0.8000000000000002 0.9573480972621496
0.8500000000000002 0.9615874780953803
0.9000000000000002 0.9637213545499156
0.9500000000000003 0.9652000457996424
1.0000000000000002 0.9661007945458051
1.0500000000000003 0.9669479510702698
1.1000000000000003 0.9679350056521007
1.1500000000000004 0.9691560701934261
1.2000000000000004 0.9704934841662085
1.2500000000000004 0.9719030120437672
1.3000000000000005 0.973344699396486
1.3500000000000005 0.9747723197968746
1.4000000000000006 0.9761588071244224
1.4500000000000006 0.9774854501007968
1.5000000000000007 0.9787433281584993
1.5500000000000007 0.979918770087466
1.6000000000000008 0.9810127388523152
1.6500000000000008 0.9820283724284862
1.7000000000000008 0.9829697070930339
1.7500000000000009 0.9838414950851389
1.800000000000001 0.9846490325371507
1.850000000000001 0.9853975435936908
1.900000000000001 0.9860921786818869
1.950000000000001 0.9867377557255624
2.000000000000001 0.9873386137885749
2.0500000000000007 0.9878986671585219
2.1000000000000005 0.9884217177153435
2.1500000000000004 0.988910940587087
2.2 0.9893691155934329
2.25 0.9897988372176619
2.3 0.9902026225110558
2.3499999999999996 0.9905825489002154
2.3999999999999995 0.990940452284604
2.4499999999999993 0.9912778789642652