
0 0.25287850335774364
0.05 0.28783110602014444
0.1 0.32413620868172127
0.15000000000000002 0.3621104661570185
0.2 0.40223814940132396
0.25 0.4452559214627626
0.3 0.4923231819893462
0.35 0.5452820810451758
0.39999999999999997 0.6066499604584386
0.44999999999999996 0.6778877821579046
0.49999999999999994 0.7533411776286689
0.5499999999999999 0.8197746623378964
0.6 0.869623680502707
0.65 0.9023845004803526
0.7000000000000001 0.9220382032040768
0.7500000000000001 0.9341746665248987
0.8000000000000002 0.9425669814449333
0.8500000000000002 0.9485486269623589
0.9000000000000002 0.9529446166803197
0.9500000000000003 0.9566442736230413
1.0000000000000002 0.9596226642058171
1.0500000000000003 0.9621699905534349
1.1000000000000003 0.9644931754483482
1.1500000000000004 0.9666955282906528
1.2000000000000004 0.9687641485029281
1.2500000000000004 0.9707318642320808
1.3000000000000005 0.9725680018884029
1.3500000000000005 0.9742599411315239
1.4000000000000006 0.9758254127940929
1.4500000000000006 0.9772688113039681
1.5000000000000007 0.9785996598675051
1.5500000000000007 0.9798303545767296
1.6000000000000008 0.9809592430583264
1.6500000000000008 0.9819959453044032
1.7000000000000008 0.982950081421145
1.7500000000000009 0.9838296860348528
1.800000000000001 0.9846419853640989
1.850000000000001 0.9853933810433733
1.900000000000001 0.9860897426218417
1.950000000000001 0.9867363413855638
2.000000000000001 0.9873378016086266
2.0500000000000007 0.9878982017089764
2.1000000000000005 0.9884214562969063
2.1500000000000004 0.9889107941627459
2.2 0.9893690338837512
2.25 0.9897987914670071
2.3 0.9902025995313694
2.3499999999999996 0.9905825378847649
2.3999999999999995 0.990940446493688
2.4499999999999993 0.9912778757237631
2.499999999999999 0.9915964897362031
2.549999999999999 0.9918978084679682
2.5999999999999988 0.9918702346643086
2.6499999999999986 0.9916955911960709
2.6999999999999984 0.9914472817102565
2.7499999999999982 0.9911565768117596
2.799999999999998 0.9908361563348103
2.849999999999998 0.9904912900110662
2.8999999999999977 0.9901234725943838
2.9499999999999975 0.9897324994089283
2.9999999999999973 0.9893171527205189
2.9499999999999975 0.9888759804193183
2.8999999999999977 0.9884070783402927
2.849999999999998 0.9879082585602281
2.799999999999998 0.987376888754393
2.7499999999999982 0.9868101463355778
2.6999999999999984 0.9862050128734433
2.6499999999999986 0.985557930871413
2.5999999999999988 0.984865097349784
2.549999999999999 0.9841220848273197
2.499999999999999 0.9833240780468858
2.4499999999999993 0.9824657015455047
2.3999999999999995 0.9815407520504785
2.3499999999999996 0.9805423581699251
2.3 0.97946289769679
2.25 0.9782935142038023
2.2 0.977024217872459
2.1500000000000004 0.975643880657888
2.1000000000000005 0.9741394798357361
2.0500000000000007 0.972496500014053
2.000000000000001 0.9706979912948936
1.9500000000000008 0.9687248527083967
1.9000000000000008 0.9665549339801933
1.8500000000000008 0.9641627632607096
1.8000000000000007 0.9615189716066894
1.7500000000000007 0.9585897207542856
1.7000000000000006 0.9553357626529085
1.6500000000000006 0.9517118371875999
1.6000000000000005 0.9476653565353589
1.5500000000000005 0.943135825493788
1.5000000000000004 0.9380532956499363
1.4500000000000004 0.9323375724276438
1.4000000000000004 0.9258969336206492
1.3500000000000003 0.9186274971079768
1.3000000000000003 0.9104130683445436
1.2500000000000002 0.9011264086676918
1.2000000000000002 0.8906316108311806
1.1500000000000001 0.8787900158454487
1.1 0.865471213054058
1.05 0.8505685439370226
1.0 0.8340147310214602
0.95 0.8157923516651657
0.8999999999999999 0.7959371959201906
0.8499999999999999 0.7745304654232248
0.7999999999999998 0.7516838477196466
0.7499999999999998 0.7275266173863669
0.6999999999999997 0.7021759940333038
0.6499999999999997 0.6757011332204229
0.5999999999999996 0.6481232946007408
0.5499999999999996 0.6194453518653796
0.4999999999999996 0.5896764274365208
0.4499999999999996 0.5588308121420391
0.39999999999999963 0.5268954158730844
0.34999999999999964 0.4938025044170427
0.29999999999999966 0.4594312525558777
0.24999999999999967 0.4236264917296723
0.19999999999999968 0.38620647098532535
0.1499999999999997 0.3469681770130671
0.09999999999999969 0.30567139653364733
0.049999999999999684 0.2620363910611375
-3.191891195797325e-16 0.21571685094350201
-0.05000000000000032 0.16627629273164612
-0.10000000000000032 0.11314539326831198
-0.15000000000000033 0.05555447142719573
-0.20000000000000034 -0.007576734411140045
-0.25000000000000033 -0.07783755621745231
-0.3000000000000003 -0.15770625428396362
-0.3500000000000003 -0.25121083672604055
-0.4000000000000003 -0.36421376944012834
-0.4500000000000003 -0.498583213176877
-0.5000000000000003 -0.6397843474464489
-0.5500000000000004 -0.7633004785600466
-0.6000000000000004 -0.8528861282414798
-0.6500000000000005 -0.9072729122233901
-0.7000000000000005 -0.9355163716107365
-0.7500000000000006 -0.9494941358882316
-0.8000000000000006 -0.957350854125834
-0.8500000000000006 -0.9615913496126672
-0.9000000000000007 -0.9637260405603657
-0.9500000000000007 -0.9652034906078866
-1.0000000000000007 -0.9661024341225118
-1.0500000000000007 -0.9669482346988226
-1.1000000000000008 -0.9679337935873252
-1.1500000000000008 -0.9691534949557848
-1.2000000000000008 -0.9704913806013363
-1.2500000000000009 -0.9719011829378632
-1.300000000000001 -0.9733438378486443
-1.350000000000001 -0.974771718838086
-1.400000000000001 -0.9761579948398369
-1.450000000000001 -0.9774829335449187
-1.500000000000001 -0.9787409854552116
-1.5500000000000012 -0.9799178879163678
-1.6000000000000012 -0.9810122450863212
-1.6500000000000012 -0.9820279562822146
-1.7000000000000013 -0.9829693092377394
-1.7500000000000013 -0.9838410985653653
-1.8000000000000014 -0.9846486370509029
-1.8500000000000014 -0.9853971495427473
-1.9000000000000015 -0.9860917864316889
-1.9500000000000015 -0.9867373642366208
-2.0000000000000013 -0.987338220859455
-2.050000000000001 -0.9878982762067972
-2.100000000000001 -0.9884213276331086
-2.150000000000001 -0.9889105478364849
-2.2000000000000006 -0.9893687249624094
-2.2500000000000004 -0.9897984471465865
-2.3000000000000003 -0.9902022332654223
-2.35 -0.990582160074593
-2.4 -0.9909400635860021
-2.4499999999999997 -0.9912774905842324
-2.4999999999999996 -0.9915961029965186
-2.5499999999999994 -0.9918974186867415
-2.599999999999999 -0.9918698472190453
-2.649999999999999 -0.9916952038357164
-2.699999999999999 -0.9914468928507381
-2.7499999999999987 -0.9911561870765643
-2.7999999999999985 -0.9908357643229805
-2.8499999999999983 -0.9904908989850054
-2.899999999999998 -0.9901230821269305
-2.949999999999998 -0.989732108239624
-2.999999999999998 -0.9893167586993541
-2.949999999999998 -0.9888755867571688
-2.899999999999998 -0.9884066838451676
-2.8499999999999983 -0.987907865060725
-2.7999999999999985 -0.9873764950715846
-2.7499999999999987 -0.9868097533815725
-2.699999999999999 -0.9862046180881772
-2.649999999999999 -0.9855575357912619
-2.599999999999999 -0.984864700184147
-2.5499999999999994 -0.9841216872891408
-2.4999999999999996 -0.9833236789803809
-2.4499999999999997 -0.9824653007000419
-2.4 -0.9815403468534528
-2.35 -0.9805419515269204
-2.3000000000000003 -0.9794624903178552
-2.2500000000000004 -0.9782931064740638
-2.2000000000000006 -0.9770238079081552
-2.150000000000001 -0.9756434682068411
-2.100000000000001 -0.974139065690214
-2.050000000000001 -0.972496083254701
-2.0000000000000013 -0.9706975707511238
-1.9500000000000013 -0.9687244315024452
-1.9000000000000012 -0.9665545080582134
-1.8500000000000012 -0.9641623316907505
-1.8000000000000012 -0.9615185371288631
-1.750000000000001 -0.9585892806833818
-1.700000000000001 -0.955335316749508
-1.650000000000001 -0.9517113835304898
-1.600000000000001 -0.9476648926527046
-1.550000000000001 -0.9431353525029348
-1.5000000000000009 -0.9380528151544678
-1.4500000000000008 -0.9323370827892832
-1.4000000000000008 -0.9258964321181721
-1.3500000000000008 -0.9186269816149029
-1.3000000000000007 -0.9104125459774609
-1.2500000000000007 -0.9011258827211959
-1.2000000000000006 -0.8906310875994508
-1.1500000000000006 -0.8787895129049984
-1.1000000000000005 -0.8654707434527953
-1.0500000000000005 -0.8505681262000458
-1.0000000000000004 -0.834014394719559
-0.9500000000000004 -0.8157921026551396
-0.9000000000000004 -0.795937029203868
-0.8500000000000003 -0.774530371619931
-0.8000000000000003 -0.7516838117892283
-0.7500000000000002 -0.7275266285716405
-0.7000000000000002 -0.7021760725982144
-0.6500000000000001 -0.675701347655551
-0.6000000000000001 -0.6481237574558648
-0.55 -0.6194461595990088
-0.5 -0.5896775145076707
-0.45 -0.5588319396332193
-0.4 -0.5268963543507539
-0.35000000000000003 -0.49380315892434823
-0.30000000000000004 -0.45943163124418174
-0.25000000000000006 -0.42362664453724413
-0.20000000000000007 -0.38620644513288116
-0.15000000000000008 -0.34696802355390005
-0.10000000000000007 -0.3056711455956356
-0.05000000000000007 -0.2620360650673405
-6.938893903907228e-17 -0.21571646667349068
0.04999999999999993 -0.16627586236088687
0.09999999999999994 -0.11314493125547594
0.14999999999999994 -0.055553968594960514
0.19999999999999996 0.007577280578288258
0.24999999999999994 0.07783815662945454
0.29999999999999993 0.15770693177035172
0.3499999999999999 0.25121162723321644
0.3999999999999999 0.36421474803949366
0.4499999999999999 0.49858442752127685
0.4999999999999999 0.6397853781913757
0.5499999999999999 0.7633002196491405
0.6 0.8528847950034822
0.65 0.90727192370737
0.7000000000000001 0.9355156484587365
0.7500000000000001 0.9494925397776437
0.8000000000000002 0.9573479594147333
0.8500000000000002 0.9615872552120664
0.9000000000000002 0.9637213571686278
0.9500000000000003 0.9652000935978858
1.0000000000000002 0.966100910974663
1.0500000000000003 0.9669480872919161
1.1000000000000003 0.9679351048531352
1.1500000000000004 0.9691560525729402
1.2000000000000004 0.9704935029900994
1.2500000000000004 0.9719029657273391
1.3000000000000005 0.9733447508280371
1.3500000000000005 0.9747723794222952
1.4000000000000006 0.9761588528909372
1.4500000000000006 0.977485539334791
1.5000000000000007 0.9787433783154357
1.5500000000000007 0.9799187894898844
1.6000000000000008 0.9810127499249762
1.6500000000000008 0.9820283780239832
1.7000000000000008 0.9829697139103251
1.7500000000000009 0.9838414993493972
1.800000000000001 0.9846490359157926
1.850000000000001 0.9853975478286064
1.900000000000001 0.9860921832455185
1.950000000000001 0.9867377598962431
2.000000000000001 0.9873386155411034
2.0500000000000007 0.9878986699441283
2.1000000000000005 0.9884217206434607
2.1500000000000004 0.9889109406289914
2.2 0.9893691168466283
2.25 0.9897988384666191
2.3 0.9902026239203866
2.3499999999999996 0.9905825500036154
2.3999999999999995 0.9909404531468291
2.4499999999999993 0.9912778797544971