
0 0.25287968732068206
0.05 0.28783199319146396
0.1 0.3241368888029098
0.15000000000000002 0.36211101031392895
0.2 0.40223860215326934
0.25 0.4452562985342737
0.3 0.49232349450746676
0.35 0.5452822900753275
0.39999999999999997 0.6066499636752283
0.44999999999999996 0.677887567010986
0.49999999999999994 0.7533408592297867
0.5499999999999999 0.8197743131801302
0.6 0.8696237786200687
0.65 0.9023848869626029
0.7000000000000001 0.9220385796805819
0.7500000000000001 0.9341748564856419
0.8000000000000002 0.9425674215176553
0.8500000000000002 0.948548965824821
0.9000000000000002 0.9529452085505586
0.9500000000000003 0.9566444733074277
1.0000000000000002 0.9596227219998787
1.0500000000000003 0.9621700145036002
1.1000000000000003 0.9644932431342168
1.1500000000000004 0.9666956009069633
1.2000000000000004 0.9687642314685756
1.2500000000000004 0.9707319405373735
1.3000000000000005 0.9725680676344295
1.3500000000000005 0.9742600117185615
1.4000000000000006 0.975825465917149
1.4500000000000006 0.9772688376232354
1.5000000000000007 0.9785995950966035
1.5500000000000007 0.9798302531107257
1.6000000000000008 0.9809592512418644
1.6500000000000008 0.9819959756412411
1.7000000000000008 0.982950114199292
1.7500000000000009 0.9838297175135472
1.800000000000001 0.98464201511198
1.850000000000001 0.9853934089877016
1.900000000000001 0.9860897685541874
1.950000000000001 0.9867363660849308
2.000000000000001 0.9873378266986631
2.0500000000000007 0.9878982245273715
2.1000000000000005 0.9884214777860054
2.1500000000000004 0.9889108125439726
2.2 0.9893690523023964
2.25 0.9897988093297464
2.3 0.9902026160598645
2.3499999999999996 0.9905825540302047
2.3999999999999995 0.9909404621906802
2.4499999999999993 0.9912778907506083
2.499999999999999 0.9915965042107987
2.549999999999999 0.9918978224157294
2.5999999999999988 0.9918702501983161
2.6499999999999986 0.9916956063262287
2.6999999999999984 0.9914472972905989
2.7499999999999982 0.9911565927112135
2.799999999999998 0.9908361726908758
2.849999999999998 0.9904913070294284
2.8999999999999977 0.9901234903564603
2.9499999999999975 0.9897325178744631
2.9999999999999973 0.9893171720227533
2.9499999999999975 0.9888760008172022
2.8999999999999977 0.9884070996773834
2.849999999999998 0.9879082809621902
2.799999999999998 0.9873769123445765
2.7499999999999982 0.9868101712270235
2.6999999999999984 0.9862050392060261
2.6499999999999986 0.9855579579917332
2.5999999999999988 0.9848651268407874
2.549999999999999 0.9841221163005618
2.499999999999999 0.9833241116427001
2.4499999999999993 0.9824657374720133
2.3999999999999995 0.9815407905892694
2.3499999999999996 0.9805423996253293
2.3 0.9794629428108912
2.25 0.978293563359289
2.2 0.9770242710998862
2.1500000000000004 0.9756439385092869
2.1000000000000005 0.9741395423482705
2.0500000000000007 0.9724965683425193
2.000000000000001 0.970698067422006
1.9500000000000008 0.9687249361082962
1.9000000000000008 0.9665550258581053
1.8500000000000008 0.9641628666794475
1.8000000000000007 0.9615190848437177
1.7500000000000007 0.9585898454704342
1.7000000000000006 0.955335901992902
1.6500000000000006 0.9517119919274242
1.6000000000000005 0.9476655285357322
1.5500000000000005 0.9431360146296822
1.5000000000000004 0.9380535044141851
1.4500000000000004 0.9323378090319066
1.4000000000000004 0.9258971891942032
1.3500000000000003 0.9186277701312275
1.3000000000000003 0.9104133439697494
1.2500000000000002 0.9011266844170265
1.2000000000000002 0.8906318725895246
1.1500000000000001 0.8787902567889541
1.1 0.8654714511572384
1.05 0.8505688304450566
1.0 0.8340151398999758
0.95 0.8157929707840657
0.8999999999999999 0.795938147500072
0.8499999999999999 0.7745318542143714
0.7999999999999998 0.7516855953193655
0.7499999999999998 0.7275283694020709
0.6999999999999997 0.7021773434223196
0.6499999999999997 0.6757017443122569
0.5999999999999996 0.6481227572971213
0.5499999999999996 0.6194431724843008
0.4999999999999996 0.5896726685378615
0.4499999999999996 0.5588263576345739
0.39999999999999963 0.5268912470479631
0.34999999999999964 0.49379911530014525
0.29999999999999966 0.459428704525631
0.24999999999999967 0.4236246503911873
0.19999999999999968 0.38620514901480846
0.1499999999999997 0.34696721859336205
0.09999999999999969 0.30567068295127586
0.049999999999999684 0.26203583207849024
-3.191891195797325e-16 0.2157164043756143
-0.05000000000000032 0.16627589534786102
-0.10000000000000032 0.11314502590921245
-0.15000000000000033 0.05555410342096549
-0.20000000000000034 -0.007577119394238352
-0.25000000000000033 -0.07783796683904658
-0.3000000000000003 -0.15770668783432681
-0.3500000000000003 -0.25121130260264396
-0.4000000000000003 -0.3642142456711721
-0.4500000000000003 -0.49858369483767234
-0.5000000000000003 -0.6397846641555159
-0.5500000000000004 -0.7633007868025379
-0.6000000000000004 -0.8528865123843945
-0.6500000000000005 -0.9072733466608177
-0.7000000000000005 -0.9355164657361432
-0.7500000000000006 -0.9494937700046612
-0.8000000000000006 -0.9573506667285056
-0.8500000000000006 -0.9615912244934731
-0.9000000000000007 -0.9637262681282439
-0.9500000000000007 -0.9652035570768934
-1.0000000000000007 -0.9661024995829348
-1.0500000000000007 -0.9669483454314405
-1.1000000000000008 -0.9679339203512676
-1.1500000000000008 -0.9691535314289511
-1.2000000000000008 -0.970491443022013
-1.2500000000000009 -0.9719012074109002
-1.300000000000001 -0.9733439143439502
-1.350000000000001 -0.974771784757223
-1.400000000000001 -0.9761580420831301
-1.450000000000001 -0.9774829586318834
-1.500000000000001 -0.9787409946508158
-1.5500000000000012 -0.9799179122546572
-1.6000000000000012 -0.9810122757014111
-1.6500000000000012 -0.9820279882661239
-1.7000000000000013 -0.9829693406022645
-1.7500000000000013 -0.9838411288349559
-1.8000000000000014 -0.9846486668831467
-1.8500000000000014 -0.9853971789091422
-1.9000000000000015 -0.9860918215584096
-1.9500000000000015 -0.9867377272922733
-2.0000000000000013 -0.987338622865423
-2.050000000000001 -0.9878986843032384
-2.100000000000001 -0.9884217380207055
-2.150000000000001 -0.9889109587001544
-2.2000000000000006 -0.9893691337532767
-2.2500000000000004 -0.9897988563449261
-2.3000000000000003 -0.9902026426386039
-2.35 -0.9905825672554652
-2.4 -0.9909404681569867
-2.4499999999999997 -0.9912778944557508
-2.4999999999999996 -0.9915965060808825
-2.5499999999999994 -0.9918978209755561
-2.599999999999999 -0.9918702502913523
-2.649999999999999 -0.9916956072414426
-2.699999999999999 -0.9914472968475855
-2.7499999999999987 -0.9911565919567757
-2.7999999999999985 -0.9908361698996312
-2.8499999999999983 -0.9904913054958667
-2.899999999999998 -0.9901234899614756
-2.949999999999998 -0.98973251744016
-2.999999999999998 -0.9893171707541801
-2.949999999999998 -0.9888759995576591
-2.899999999999998 -0.9884070969127013
-2.8499999999999983 -0.9879082797854061
-2.7999999999999985 -0.987376912014091
-2.7499999999999987 -0.9868101728105692
-2.699999999999999 -0.9862050395294003
-2.649999999999999 -0.9855579597175675
-2.599999999999999 -0.9848651268702652
-2.5499999999999994 -0.9841221169300219
-2.4999999999999996 -0.9833241118931955
-2.4499999999999997 -0.9824657372344766
-2.4 -0.9815407873097378
-2.35 -0.9805423980603777
-2.3000000000000003 -0.9794629414234771
-2.2500000000000004 -0.9782935626441106
-2.2000000000000006 -0.9770242700035909
-2.150000000000001 -0.975643936698992
-2.100000000000001 -0.9741395433154759
-2.050000000000001 -0.9724965689689775
-2.0000000000000013 -0.9706980663215419
-1.9500000000000013 -0.9687249379343301
-1.9000000000000012 -0.9665550269945276
-1.8500000000000012 -0.9641628648460073
-1.8000000000000012 -0.9615190860785869
-1.750000000000001 -0.9585898478959534
-1.700000000000001 -0.9553359050127351
-1.650000000000001 -0.9517119944402453
-1.600000000000001 -0.9476655324664816
-1.550000000000001 -0.9431360194863911
-1.5000000000000009 -0.938053511458931
-1.4500000000000008 -0.9323378141663908
-1.4000000000000008 -0.9258971940732945
-1.3500000000000008 -0.9186277693388833
-1.3000000000000007 -0.9104133419565716
-1.2500000000000007 -0.9011266794451108
-1.2000000000000006 -0.8906318636100375
-1.1500000000000006 -0.8787902473266173
-1.1000000000000005 -0.8654714366173405
-1.0500000000000005 -0.8505688081096985
-1.0000000000000004 -0.8340151165449845
-0.9500000000000004 -0.8157929414221596
-0.9000000000000004 -0.7959381071652294
-0.8500000000000003 -0.7745318059837395
-0.8000000000000003 -0.7516855469577808
-0.7500000000000002 -0.7275283220845319
-0.7000000000000002 -0.7021772997216994
-0.6500000000000001 -0.6757017133420861
-0.6000000000000001 -0.6481227354120165
-0.55 -0.619443167297267
-0.5 -0.5896726771674191
-0.45 -0.5588263776438691
-0.4 -0.5268912733592959
-0.35000000000000003 -0.49379914914205447
-0.30000000000000004 -0.45942874759698404
-0.25000000000000006 -0.42362470532257757
-0.20000000000000007 -0.3862052072356623
-0.15000000000000008 -0.3469672872495727
-0.10000000000000007 -0.30567075778488023
-0.05000000000000007 -0.2620359142255838
-6.938893903907228e-17 -0.21571649329067283
0.04999999999999993 -0.16627599663551496
0.09999999999999994 -0.11314514090111408
0.14999999999999994 -0.055554232382235044
0.19999999999999996 0.007576969974006604
0.24999999999999994 0.07783779520645004
0.29999999999999993 0.15770649340793252
0.3499999999999999 0.2512110760941985
0.3999999999999999 0.36421398050934745
0.4499999999999999 0.4985833804784653
0.4999999999999999 0.639784278844067
0.5499999999999999 0.7633002869436389
0.6 0.8528857909911274
0.65 0.9072722912486292
0.7000000000000001 0.9355148911936136
0.7500000000000001 0.9494908568491693
0.8000000000000002 0.9573468434447491
0.8500000000000002 0.9615866377666181
0.9000000000000002 0.9637212864751187
0.9500000000000003 0.9651999257418169
1.0000000000000002 0.966100693435185
1.0500000000000003 0.9669478613846648
1.1000000000000003 0.9679348537104515
1.1500000000000004 0.9691557091630798
1.2000000000000004 0.9704931805247663
1.2500000000000004 0.9719025948728185
1.3000000000000005 0.9733444343908599
1.3500000000000005 0.9747720405764521
1.4000000000000006 0.9761584934368158
1.4500000000000006 0.9774851962886377
1.5000000000000007 0.978743020826565
1.5500000000000007 0.9799184163405795
1.6000000000000008 0.9810123764057089
1.6500000000000008 0.9820280061980142
1.7000000000000008 0.9829693430074068
1.7500000000000009 0.9838411285773322
1.800000000000001 0.9846486666255941
1.850000000000001 0.9853971786599938
1.900000000000001 0.9860918215307014
1.950000000000001 0.9867377268838334
2.000000000000001 0.9873386227793934
2.0500000000000007 0.987898684100788
2.1000000000000005 0.9884217379167486
2.1500000000000004 0.9889109586369006
2.2 0.9893691337082416
2.25 0.9897988564416897
2.3 0.990202642660005
2.3499999999999996 0.990582567221483
2.3999999999999995 0.9909404681266311
2.4499999999999993 0.9912778944280571