0 0.04807970802188561
0.05 0.05719246072365771
0.1 0.07507146967612122
0.15000000000000002 0.09844568087529837
0.2 0.12463197696338263
0.25 0.15234477043508993
0.3 0.1811788068710388
0.35 0.21106908705448307
0.39999999999999997 0.2420457652480718
0.44999999999999996 0.2742147006388325
0.49999999999999994 0.3077498036294068
0.5499999999999999 0.3428394461892261
0.6 0.3797388449721341
0.65 0.4189163903043853
0.7000000000000001 0.461133779680747
0.7500000000000001 0.507589774290794
0.8000000000000002 0.5600307783151797
0.8500000000000002 0.6202832476039535
0.9000000000000002 0.6889093068728298
0.9500000000000003 0.7611925233067994
1.0000000000000002 0.8261477776099461
1.0500000000000003 0.8743310670157707
1.1000000000000003 0.9052597210920185
1.1500000000000004 0.9236207735147759
1.2000000000000004 0.9347016852002011
1.2500000000000004 0.9420772697003883
1.3000000000000005 0.9473098384310028
1.3500000000000005 0.9514277192456011
1.4000000000000006 0.954996238798499
1.4500000000000006 0.9582963809719091
1.5000000000000007 0.961087432867884
1.5500000000000007 0.9635315777935876
1.6000000000000008 0.9657893527364483
1.6500000000000008 0.9678894012587292
1.7000000000000008 0.9698654169557045
1.7500000000000009 0.9717117924438214
1.800000000000001 0.9734279302605561
1.850000000000001 0.9750240379262586
1.900000000000001 0.9764964729348791
1.950000000000001 0.9778545077151797
2.000000000000001 0.9791109119918318
2.0500000000000007 0.9802645140629399
2.1000000000000005 0.9813257005115181
2.1500000000000004 0.9823039596253168
2.2 0.9832070613454709
2.25 0.9840420869063813
2.3 0.9848153323712288
2.3499999999999996 0.9855327326673167
2.3999999999999995 0.986199536758747
2.4499999999999993 0.9868203327172624
2.499999999999999 0.9873992451268436
2.549999999999999 0.9879401515676333
2.5999999999999988 0.9884463286136631
2.6499999999999986 0.9889207222230867
2.6999999999999984 0.9893658839818185
2.7499999999999982 0.9897844272717652
2.799999999999998 0.9901784280799162
2.849999999999998 0.99054974216465
2.8999999999999977 0.9909000442810881
2.9499999999999975 0.9912309438768739
2.9999999999999973 0.9915439883904464
2.9499999999999975 0.9915150160112138
2.8999999999999977 0.9913331442540281
2.849999999999998 0.9910748446620662
2.799999999999998 0.9907726223214776
2.7499999999999982 0.9904397473576412
2.6999999999999984 0.9900816290560179
2.6499999999999986 0.9896998688514784
2.5999999999999988 0.9892942624518897
2.549999999999999 0.9888635906105079
2.499999999999999 0.9884063753194795
2.4499999999999993 0.9879207107316309
2.3999999999999995 0.9874043264261471
2.3499999999999996 0.9868546134212058
2.3 0.9862686939902161
2.25 0.9856435368554446
2.2 0.9849755685358336
2.1500000000000004 0.9842608259010432
2.1000000000000005 0.9834950054899635
2.0500000000000007 0.9826733051383526
2.000000000000001 0.9817902648682585
1.9500000000000008 0.9808397324303165
1.9000000000000008 0.9798148616769248
1.8500000000000008 0.9787080492781787
1.8000000000000007 0.9775105763704566
1.7500000000000007 0.9762125967979622
1.7000000000000006 0.9748030589450245
1.6500000000000006 0.97326917844613
1.6000000000000005 0.9715967842114384
1.5500000000000005 0.9697694349740843
1.5000000000000004 0.9677684957678753
1.4500000000000004 0.9655724861342001
1.4000000000000004 0.9631569556861646
1.3500000000000003 0.9604937779458409
1.3000000000000003 0.9575507064099466
1.2500000000000002 0.9542905543220545
1.2000000000000002 0.9506706758774347
1.1500000000000001 0.9466421814234718
1.1 0.9421487785067192
1.05 0.9371263024729142
1.0 0.9315014496054604
0.95 0.9251912425833528
0.8999999999999999 0.918102241516446
0.8499999999999999 0.9101305981974301
0.7999999999999998 0.9011620401659989
0.7499999999999998 0.8910733743771435
0.6999999999999997 0.879734409019202
0.6499999999999997 0.8670119073712194
0.5999999999999996 0.8527763896189191
0.5499999999999996 0.8369183970321408
0.4999999999999996 0.8193692152022296
0.4499999999999996 0.8001177808279205
0.39999999999999963 0.7792168292371435
0.34999999999999964 0.756777674828732
0.29999999999999966 0.7329432682284793
0.24999999999999967 0.7078624931325016
0.19999999999999968 0.6816789261841845
0.1499999999999997 0.6544964678065047
0.09999999999999969 0.6263581095518076
0.049999999999999684 0.5972583113269119
-3.191891195797325e-16 0.5671435877545862
-0.05000000000000032 0.5359155160935969
-0.10000000000000032 0.5034455104208856
-0.15000000000000033 0.46958661903616855
-0.20000000000000034 0.43417888535008736
-0.25000000000000033 0.39704390362804576
-0.3000000000000003 0.35798240305591617
-0.3500000000000003 0.31675505474843724
-0.4000000000000003 0.2730793947746806
-0.4500000000000003 0.22660150345895022
-0.5000000000000003 0.1768734912675039
-0.5500000000000004 0.12330877747107984
-0.6000000000000004 0.06511372879069455
-0.6500000000000005 0.0011752029887572887
-0.7000000000000005 -0.0701437580216125
-0.7500000000000006 -0.15140389309116337
-0.8000000000000006 -0.2466667207954958
-0.8500000000000006 -0.3605105045832003
-0.9000000000000007 -0.49377579491329265
-0.9500000000000007 -0.6360415229048627
-1.0000000000000007 -0.7643504212141783
-1.0500000000000007 -0.8566222366442461
-1.1000000000000008 -0.9104306631598746
-1.1500000000000008 -0.937578703289105
-1.2000000000000008 -0.950033372929412
-1.2500000000000009 -0.9557072953229043
-1.300000000000001 -0.9586804462882901
-1.350000000000001 -0.9608533152646908
-1.400000000000001 -0.9625961426491766
-1.450000000000001 -0.9642460337213258
-1.500000000000001 -0.9655942575634928
-1.5500000000000012 -0.9668861638259901
-1.6000000000000012 -0.9682357397422963
-1.6500000000000012 -0.9696009982198605
-1.7000000000000013 -0.9710426983729583
-1.7500000000000013 -0.9725183573376927
-1.8000000000000014 -0.9739703396568586
-1.8500000000000014 -0.97537509898165
-1.9000000000000015 -0.9767246162445938
-1.9500000000000015 -0.9780032208390096
-2.0000000000000013 -0.9792057817888
-2.050000000000001 -0.9803244331205533
-2.100000000000001 -0.9813630173691817
-2.150000000000001 -0.9823269607583328
-2.2000000000000006 -0.9832210861492423
-2.2500000000000004 -0.9840505440536537
-2.3000000000000003 -0.9848203899885364
-2.35 -0.9855357294881696
-2.4 -0.9862012853417121
-2.4499999999999997 -0.9868213426422157
-2.4999999999999996 -0.987399825546726
-2.5499999999999994 -0.9879404798417258
-2.599999999999999 -0.9884465098273983
-2.649999999999999 -0.9889208145626074
-2.699999999999999 -0.9893659325669597
-2.7499999999999987 -0.9897844494807304
-2.7999999999999985 -0.9901784371535164
-2.8499999999999983 -0.9905497447118572
-2.899999999999998 -0.9909000429140933
-2.949999999999998 -0.991230941666845
-2.999999999999998 -0.9915439852833526
-2.949999999999998 -0.9915150108869056
-2.899999999999998 -0.9913331392152489
-2.8499999999999983 -0.9910748422028637
-2.7999999999999985 -0.990772621656973
-2.7499999999999987 -0.9904397488741655
-2.699999999999999 -0.9900816311763955
-2.649999999999999 -0.9896998692849883
-2.599999999999999 -0.9892942651377967
-2.5499999999999994 -0.988863590960983
-2.4999999999999996 -0.9884063743770318
-2.4499999999999997 -0.9879207106500253
-2.4 -0.9874043283300842
-2.35 -0.9868546152178975
-2.3000000000000003 -0.9862686960653525
-2.2500000000000004 -0.9856435410627482
-2.2000000000000006 -0.9849755730979862
-2.150000000000001 -0.9842608284982106
-2.100000000000001 -0.9834950092924323
-2.050000000000001 -0.9826733075221074
-2.0000000000000013 -0.9817902667620774
-1.9500000000000013 -0.9808397343399246
-1.9000000000000012 -0.9798148651329995
-1.8500000000000012 -0.9787080524820663
-1.8000000000000012 -0.9775105813286058
-1.750000000000001 -0.97621260127572
-1.700000000000001 -0.9748030634995183
-1.650000000000001 -0.9732691837428917
-1.600000000000001 -0.9715967877593924
-1.550000000000001 -0.9697694409627836
-1.5000000000000009 -0.9677685026378923
-1.4500000000000008 -0.9655724926222213
-1.4000000000000008 -0.9631569629418252
-1.3500000000000008 -0.9604937939556099
-1.3000000000000007 -0.9575507213868638
-1.2500000000000007 -0.95429056949445
-1.2000000000000006 -0.9506706911134899
-1.1500000000000006 -0.9466421949519436
-1.1000000000000005 -0.9421488007665283
-1.0500000000000005 -0.9371263254684942
-1.0000000000000004 -0.9315014737473375
-0.9500000000000004 -0.9251912686595293
-0.9000000000000004 -0.9181022683632357
-0.8500000000000003 -0.9101306256882046
-0.8000000000000003 -0.901162069830593
-0.7500000000000002 -0.8910734090299927
-0.7000000000000002 -0.879734444188849
-0.6500000000000001 -0.8670119441510956
-0.6000000000000001 -0.8527764278046954
-0.55 -0.8369184420784656
-0.5 -0.8193692647105613
-0.45 -0.8001178399557771
-0.4 -0.7792169035475635
-0.35000000000000003 -0.7567777583714775
-0.30000000000000004 -0.7329433495062648
-0.25000000000000006 -0.7078625584319602
-0.20000000000000007 -0.6816789580815196
-0.15000000000000008 -0.6544964510241169
-0.10000000000000007 -0.6263580692171504
-0.05000000000000007 -0.5972582774651618
-6.938893903907228e-17 -0.567143581967457
0.04999999999999993 -0.5359155383462311
0.09999999999999994 -0.5034455603013972
0.14999999999999994 -0.469586693081652
0.19999999999999996 -0.43417897824405205
0.24999999999999994 -0.3970440116602948
0.29999999999999993 -0.35798252726043206
0.3499999999999999 -0.3167551914078703
0.3999999999999999 -0.2730795473886309
0.4499999999999999 -0.22660167349677904
0.4999999999999999 -0.1768736769082189
0.5499999999999999 -0.12330898503583383
0.6 -0.0651139611445439
0.65 -0.0011754603511326576
0.7000000000000001 0.07014346679671243
0.7500000000000001 0.15140356210977193
0.8000000000000002 0.24666634241786842
0.8500000000000002 0.36051006476296343
0.9000000000000002 0.4937752755528037
0.9500000000000003 0.6360408899833577
1.0000000000000002 0.7643496039150109
1.0500000000000003 0.8566210799815184
1.1000000000000003 0.9104288957381897
1.1500000000000004 0.9375759674468487
1.2000000000000004 0.9500291842811143
1.2500000000000004 0.9557021710730851
1.3000000000000005 0.9586728097184509
1.3500000000000005 0.9608457961753741
1.4000000000000006 0.962589920437834
1.4500000000000006 0.9642422897701967
1.5000000000000007 0.965593367434561
1.5500000000000007 0.9668869001514901
1.6000000000000008 0.9682370079344629
1.6500000000000008 0.9696043111826608
1.7000000000000008 0.9710476574907793
1.7500000000000009 0.9725231635839696
1.800000000000001 0.973972886515502
1.850000000000001 0.9753800093540309
1.900000000000001 0.9767268616785308
1.950000000000001 0.9780067495335252
2.000000000000001 0.9792076918647193
2.0500000000000007 0.9803248696171399
2.1000000000000005 0.9813631022603041
2.1500000000000004 0.9823269765748077
2.2 0.9832210892953922
2.25 0.98405054508984
2.3 0.9848203903935767
2.3499999999999996 0.9855357297048689
2.3999999999999995 0.9862012854856227
2.4499999999999993 0.9868213427215163
2.499999999999999 0.9873998255767846
2.549999999999999 0.9879404798253724
2.5999999999999988 0.9884465097951411
2.6499999999999986 0.9889208145109312
2.6999999999999984 0.9893659325141777
2.7499999999999982 0.9897844494266727
2.799999999999998 0.990178437098911
2.849999999999998 0.990549744657415
2.8999999999999977 0.9909000428595497
2.9499999999999975 0.9912309417088628
2.9999999999999973 0.9915439852477641