0 0.002511964568718946
0.05 0.016984318278713263
0.1 0.03965852476185896
0.15000000000000002 0.0676570380613247
0.2 0.09839404965431374
0.25 0.1302589453244568
0.3 0.16257512578157057
0.35 0.19502155945913824
0.39999999999999997 0.22764388962805743
0.44999999999999996 0.26075764543090096
0.49999999999999994 0.2947714031597449
0.5499999999999999 0.3300844416547613
0.6 0.36710986977260457
0.65 0.40635888982168916
0.7000000000000001 0.44851368420011933
0.7500000000000001 0.4946108195553397
0.8000000000000002 0.5464201626118136
0.8500000000000002 0.6063894459065005
0.9000000000000002 0.6757352870420933
0.9500000000000003 0.7500991139451413
1.0000000000000002 0.8176576923343856
1.0500000000000003 0.8679701949937557
1.1000000000000003 0.9003041667448755
1.1500000000000004 0.9204834339858474
1.2000000000000004 0.9334352790115654
1.2500000000000004 0.9418890423119678
1.3000000000000005 0.9477598921660807
1.3500000000000005 0.9521403325954527
1.4000000000000006 0.9556192142024399
1.4500000000000006 0.958556381013331
1.5000000000000007 0.9612401203643587
1.5500000000000007 0.9637115464857653
1.6000000000000008 0.9660043977285067
1.6500000000000008 0.9681548787581792
1.7000000000000008 0.9701666699518553
1.7500000000000009 0.9720306613500703
1.800000000000001 0.973751709393456
1.850000000000001 0.9753390992390532
1.900000000000001 0.9768019791942819
1.950000000000001 0.9781528246894216
2.000000000000001 0.9793953938527308
2.0500000000000007 0.980537705074705
2.1000000000000005 0.9815870642002802
2.1500000000000004 0.9825531191629485
2.2 0.9834443324550168
2.25 0.9842679847792515
2.3 0.9850304596956486
2.3499999999999996 0.9857377072991539
2.3999999999999995 0.9863948882199443
2.4499999999999993 0.9870066598869485
2.499999999999999 0.9875771040495426
2.549999999999999 0.9881100833921435
2.5999999999999988 0.9886088159983032
2.6499999999999986 0.9890761901638288
2.6999999999999984 0.9895147861686107
2.7499999999999982 0.9899271304300812
2.799999999999998 0.9903152630168446
2.849999999999998 0.9906810337706737
2.8999999999999977 0.9910261368250036
2.9499999999999975 0.9913521157061014
2.9999999999999973 0.9916605203664812
2.9499999999999975 0.9916353010434062
2.8999999999999977 0.9914593206306165
2.849999999999998 0.9912072848205108
2.799999999999998 0.9909114520927551
2.7499999999999982 0.9905850325007463
2.6999999999999984 0.9902335821909382
2.6499999999999986 0.9898588024234726
2.5999999999999988 0.9894605805512587
2.549999999999999 0.9890377486353958
2.499999999999999 0.9885888754485423
2.4499999999999993 0.9881121133499244
2.3999999999999995 0.9876052542281325
2.3499999999999996 0.9870657343988636
2.3 0.9864907281439226
2.25 0.9858772610708756
2.2 0.9852219003904419
2.1500000000000004 0.9845208204409852
2.1000000000000005 0.9837696790260271
2.0500000000000007 0.9829638201364376
2.000000000000001 0.9820979140212575
1.9500000000000008 0.9811659818993067
1.9000000000000008 0.9801612922812605
1.8500000000000008 0.9790764439872484
1.8000000000000007 0.9779028534562756
1.7500000000000007 0.9766309111613336
1.7000000000000006 0.9752498436928899
1.6500000000000006 0.9737471741245978
1.6000000000000005 0.9721089429154908
1.5500000000000005 0.9703190273435235
1.5000000000000004 0.9683591318330022
1.4500000000000004 0.9662082624944917
1.4000000000000004 0.9638422720100055
1.3500000000000003 0.9612334551310654
1.3000000000000003 0.9583498999440364
1.2500000000000002 0.9551546759981127
1.2000000000000002 0.951605420414558
1.1500000000000001 0.9476530073032211
1.1 0.9432409466047202
1.05 0.9383041019000856
1.0 0.932767750140577
0.95 0.9265465222396896
0.8999999999999999 0.9195436842109439
0.8499999999999999 0.9116510011922783
0.7999999999999998 0.9027491214476738
0.7499999999999998 0.8927098682559856
0.6999999999999997 0.8814006873332637
0.6499999999999997 0.8686919666181727
0.5999999999999996 0.8544675222366946
0.5499999999999996 0.8386364366228725
0.4999999999999996 0.8211438216657789
0.4499999999999996 0.8019774604118165
0.39999999999999963 0.7811713499847875
0.34999999999999964 0.7588057080694408
0.29999999999999966 0.7350037040174702
0.24999999999999967 0.7099178853805915
0.19999999999999968 0.6836971357663914
0.1499999999999997 0.6564535357903627
0.09999999999999969 0.6282436990432841
0.049999999999999684 0.5990683579481769
-3.191891195797325e-16 0.5688849530731369
-0.05000000000000032 0.5376173389015064
-0.10000000000000032 0.5051579353949441
-0.15000000000000033 0.47137047674191274
-0.20000000000000034 0.43609772300174077
-0.25000000000000033 0.3991614315287382
-0.3000000000000003 0.36036204136152994
-0.3500000000000003 0.3194619041110502
-0.4000000000000003 0.27618340550670534
-0.4500000000000003 0.2301820854256678
-0.5000000000000003 0.1810247190461202
-0.5500000000000004 0.12814854965764957
-0.6000000000000004 0.07079769741201206
-0.6500000000000005 0.007922337801540124
-0.7000000000000005 -0.0619996913995201
-0.7500000000000006 -0.14129765569234817
-0.8000000000000006 -0.2336638835483601
-0.8500000000000006 -0.3440929525116059
-0.9000000000000007 -0.47487406317260394
-0.9500000000000007 -0.6172630664701437
-1.0000000000000007 -0.7471717040416267
-1.0500000000000007 -0.8423488582492434
-1.1000000000000008 -0.9001924191237484
-1.1500000000000008 -0.9320523131623453
-1.2000000000000008 -0.9486643034740476
-1.2500000000000009 -0.9567210913949322
-1.300000000000001 -0.9606060153572553
-1.350000000000001 -0.9628179398224411
-1.400000000000001 -0.9642636049649437
-1.450000000000001 -0.9653702457256758
-1.500000000000001 -0.9663979267502818
-1.5500000000000012 -0.9675206078912023
-1.6000000000000012 -0.9687250186610877
-1.6500000000000012 -0.9700686838580359
-1.7000000000000013 -0.9714906591847191
-1.7500000000000013 -0.9729277253296812
-1.8000000000000014 -0.9743555969807393
-1.8500000000000014 -0.9757489746032979
-1.9000000000000015 -0.9770755898658565
-1.9500000000000015 -0.9783317235822571
-2.0000000000000013 -0.979508888431346
-2.050000000000001 -0.9806079057317357
-2.100000000000001 -0.9816303010049051
-2.150000000000001 -0.9825798659553476
-2.2000000000000006 -0.9834606983024795
-2.2500000000000004 -0.98427787726416
-2.3000000000000003 -0.9850363805925338
-2.35 -0.9857412170271624
-2.4 -0.9863969429859478
-2.4499999999999997 -0.9870078459742659
-2.4999999999999996 -0.9875777845193279
-2.5499999999999994 -0.9881104671822261
-2.599999999999999 -0.9886090306928556
-2.649999999999999 -0.9890763062797902
-2.699999999999999 -0.989514846569798
-2.7499999999999987 -0.9899271592902569
-2.7999999999999985 -0.9903152743784158
-2.8499999999999983 -0.9906810376003123
-2.899999999999998 -0.9910261367758387
-2.949999999999998 -0.9913521120810832
-2.999999999999998 -0.9916605157219358
-2.949999999999998 -0.9916352981316107
-2.899999999999998 -0.9914593194724777
-2.8499999999999983 -0.9912072858273081
-2.7999999999999985 -0.9909114529220288
-2.7499999999999987 -0.9905850335651291
-2.699999999999999 -0.9902335832571831
-2.649999999999999 -0.9898588036995855
-2.599999999999999 -0.9894605806512997
-2.5499999999999994 -0.9890377497438984
-2.4999999999999996 -0.988588877140271
-2.4499999999999997 -0.9881121134507633
-2.4 -0.9876052559759481
-2.35 -0.9870657367019466
-2.3000000000000003 -0.9864907305626465
-2.2500000000000004 -0.9858772647727675
-2.2000000000000006 -0.9852219022475777
-2.150000000000001 -0.9845208226851574
-2.100000000000001 -0.9837696816507236
-2.050000000000001 -0.9829638229923218
-2.0000000000000013 -0.9820979192289466
-1.9500000000000013 -0.9811659854659042
-1.9000000000000012 -0.9801612983428292
-1.8500000000000012 -0.9790764508704234
-1.8000000000000012 -0.9779028584228057
-1.750000000000001 -0.9766309155399061
-1.700000000000001 -0.9752498480742983
-1.650000000000001 -0.9737471792337135
-1.600000000000001 -0.9721089492012517
-1.550000000000001 -0.9703190349253442
-1.5000000000000009 -0.9683591431302684
-1.4500000000000008 -0.9662082752260313
-1.4000000000000008 -0.9638422853965682
-1.3500000000000008 -0.961233467377557
-1.3000000000000007 -0.958349911638726
-1.2500000000000007 -0.9551546876144524
-1.2000000000000006 -0.9516054328670901
-1.1500000000000006 -0.9476530183474811
-1.1000000000000005 -0.9432409624343534
-1.0500000000000005 -0.9383041160727094
-1.0000000000000004 -0.9327677617930381
-0.9500000000000004 -0.9265465318642115
-0.9000000000000004 -0.9195436960340497
-0.8500000000000003 -0.9116510173608363
-0.8000000000000003 -0.902749140817842
-0.7500000000000002 -0.8927098940051342
-0.7000000000000002 -0.8814007136644085
-0.6500000000000001 -0.8686919928009509
-0.6000000000000001 -0.8544675476233989
-0.55 -0.8386364626855671
-0.5 -0.8211438468924556
-0.45 -0.8019774846900894
-0.4 -0.7811713725335396
-0.35000000000000003 -0.7588057343847604
-0.30000000000000004 -0.735003731879572
-0.25000000000000006 -0.709917918302068
-0.20000000000000007 -0.6836971724352846
-0.15000000000000008 -0.6564535790709056
-0.10000000000000007 -0.6282437506978775
-0.05000000000000007 -0.5990684184406214
-6.938893903907228e-17 -0.5688850226649951
0.04999999999999993 -0.5376174206607188
0.09999999999999994 -0.5051580295472354
0.14999999999999994 -0.4713705871419221
0.19999999999999996 -0.4360978465653605
0.24999999999999994 -0.39916157122864937
0.29999999999999993 -0.360362193946412
0.3499999999999999 -0.31946207296255597
0.3999999999999999 -0.2761835891252516
0.4499999999999999 -0.23018228570832858
0.4999999999999999 -0.1810249357982457
0.5499999999999999 -0.12814878783760025
0.6 -0.07079795973714813
0.65 -0.007922626582594546
0.7000000000000001 0.06199937059954447
0.7500000000000001 0.14129729681174438
0.8000000000000002 0.23366347862349576
0.8500000000000002 0.3440924876409174
0.9000000000000002 0.4748735175518936
0.9500000000000003 0.6172624129156651
1.0000000000000002 0.7471708830021058
1.0500000000000003 0.8423477529419611
1.1000000000000003 0.9001907587736533
1.1500000000000004 0.9320495349505747
1.2000000000000004 0.9486599738681047
1.2500000000000004 0.9567153770882372
1.3000000000000005 0.9605991431770677
1.3500000000000005 0.9628114459171327
1.4000000000000006 0.9642588372129164
1.4500000000000006 0.965368093960116
1.5000000000000007 0.9663987007520213
1.5500000000000007 0.9675236635503102
1.6000000000000008 0.9687314378870018
1.6500000000000008 0.97008654692907
1.7000000000000008 0.971510387586246
1.7500000000000009 0.9729476987540501
1.800000000000001 0.9743751117393896
1.850000000000001 0.9757557418748646
1.900000000000001 0.9770786287944673
1.950000000000001 0.9783329701239974
2.000000000000001 0.9795092821718717
2.0500000000000007 0.9806080137699231
2.1000000000000005 0.9816303280759293
2.1500000000000004 0.9825798718551402
2.2 0.9834606993944408
2.25 0.9842778773497988
2.3 0.9850363805521654
2.3499999999999996 0.9857412167742867
2.3999999999999995 0.9863969428089223
2.4499999999999993 0.9870078458076168
2.499999999999999 0.9875777843960085
2.549999999999999 0.9881104670127505
2.5999999999999988 0.9886090305937273
2.6499999999999986 0.9890763061717388
2.6999999999999984 0.9895148465986987
2.7499999999999982 0.9899271592582074
2.799999999999998 0.990315274334001
2.849999999999998 0.9906810375423979
2.8999999999999977 0.991026136800739
2.9499999999999975 0.991352112108424
2.9999999999999973 0.9916605156727082