0 -0.00808052643817753
0.05 0.0037920889423768644
0.1 0.025100867307283153
0.15000000000000002 0.052843193255026635
0.2 0.0838142654127732
0.25 0.11595954028678483
0.3 0.14852689978294467
0.35 0.18141474408730812
0.39999999999999997 0.21467183850266394
0.44999999999999996 0.2485318230110936
0.49999999999999994 0.28332908126328704
0.5499999999999999 0.3194158087443388
0.6 0.3572061116300294
0.65 0.3972279050221691
0.7000000000000001 0.4402165378815703
0.7500000000000001 0.4872341677831761
0.8000000000000002 0.5398934181584845
0.8500000000000002 0.600622974490159
0.9000000000000002 0.6706642715616479
0.9500000000000003 0.7459890620737107
1.0000000000000002 0.8156152155585937
1.0500000000000003 0.8687639247650567
1.1000000000000003 0.9027444489568704
1.1500000000000004 0.9228213309981622
1.2000000000000004 0.9349044910596986
1.2500000000000004 0.9425220080573485
1.3000000000000005 0.9479135926619954
1.3500000000000005 0.9520196539827881
1.4000000000000006 0.9554987194440303
1.4500000000000006 0.9585628850198916
1.5000000000000007 0.9613454030194831
1.5500000000000007 0.9639041153131848
1.6000000000000008 0.966231173572313
1.6500000000000008 0.9683864246076336
1.7000000000000008 0.9703818323026976
1.7500000000000009 0.9722206834618374
1.800000000000001 0.973922160967886
1.850000000000001 0.9754950777203358
1.900000000000001 0.9769489949818235
1.950000000000001 0.9782879056091199
2.000000000000001 0.9795203453256692
2.0500000000000007 0.9806549039504706
2.1000000000000005 0.9816998225744302
2.1500000000000004 0.9826629597241119
2.2 0.9835517699047299
2.25 0.984373234586915
2.3 0.9851336155382157
2.3499999999999996 0.9858388305383907
2.3999999999999995 0.986494053776306
2.4499999999999993 0.987103864132325
2.499999999999999 0.9876723429926711
2.549999999999999 0.98820334754516
2.5999999999999988 0.9887001386302229
2.6499999999999986 0.9891656111125553
2.6999999999999984 0.989602309578449
2.7499999999999982 0.9900127972872946
2.799999999999998 0.9903990965991485
2.849999999999998 0.9907630678766343
2.8999999999999977 0.9911063951672568
2.9499999999999975 0.9914306377838362
2.9999999999999973 0.9917373168044277
2.9499999999999975 0.9917123346654199
2.8999999999999977 0.9915374325990791
2.849999999999998 0.9912868473006321
2.799999999999998 0.9909926110375881
2.7499999999999982 0.9906679068809155
2.6999999999999984 0.9903182189351937
2.6499999999999986 0.9899452489502916
2.5999999999999988 0.9895488560699278
2.549999999999999 0.9891279063432932
2.499999999999999 0.9886809255311783
2.4499999999999993 0.9882060269858133
2.3999999999999995 0.9877010410490952
2.3499999999999996 0.9871634237724449
2.3 0.9865903004471763
2.25 0.985978726979964
2.2 0.985325205863153
2.1500000000000004 0.9846259078149293
2.1000000000000005 0.9838764568059742
2.0500000000000007 0.9830722000411486
2.000000000000001 0.9822077889272657
1.9500000000000008 0.9812772161596537
1.9000000000000008 0.9802737226675595
1.8500000000000008 0.9791898012043656
1.8000000000000007 0.9780168739812256
1.7500000000000007 0.9767452308088638
1.7000000000000006 0.9753641062292262
1.6500000000000006 0.9738608437072771
1.6000000000000005 0.9722213396577899
1.5500000000000005 0.9704294202477655
1.5000000000000004 0.968466571765105
1.4500000000000004 0.9663115863908374
1.4000000000000004 0.9639400252291945
1.3500000000000003 0.9613238551095762
1.3000000000000003 0.958430633544738
1.2500000000000002 0.9552228972732959
1.2000000000000002 0.9516574900760881
1.1500000000000001 0.9476843089506414
1.1 0.9432455093711601
1.05 0.9382743970098184
1.0 0.9326942812772729
0.95 0.9264173741245129
0.8999999999999999 0.9193441513078631
0.8499999999999999 0.911363257266823
0.7999999999999998 0.9023521380549814
0.7499999999999998 0.8921794792480078
0.6999999999999997 0.8807096531745959
0.6499999999999997 0.8678110585837964
0.5999999999999996 0.8533671760934083
0.5499999999999996 0.837289291778577
0.4999999999999996 0.8195279718401386
0.4499999999999996 0.8000805270483379
0.39999999999999963 0.7789938363551472
0.34999999999999964 0.7563583538799186
0.29999999999999966 0.7322901614613165
0.24999999999999967 0.7069075005639491
0.19999999999999968 0.6803192324666151
0.1499999999999997 0.6526265239283902
0.09999999999999969 0.6239191668324491
0.049999999999999684 0.5942507326511254
-3.191891195797325e-16 0.5636142040090365
-0.05000000000000032 0.5319402778253326
-0.10000000000000032 0.4991137035585319
-0.15000000000000033 0.4649901323693182
-0.20000000000000034 0.42940682905713795
-0.25000000000000033 0.39217847398260447
-0.3000000000000003 0.3530855729123928
-0.3500000000000003 0.31186239178597513
-0.4000000000000003 0.2682475758262927
-0.4500000000000003 0.2219498868986727
-0.5000000000000003 0.17256962700064132
-0.5500000000000004 0.11955626718842059
-0.6000000000000004 0.062162931927744546
-0.6500000000000005 -0.0006439930537257717
-0.7000000000000005 -0.07035656095955119
-0.7500000000000006 -0.14924363723617906
-0.8000000000000006 -0.24083961522999123
-0.8500000000000006 -0.3500221405384641
-0.9000000000000007 -0.47872643702011364
-0.9500000000000007 -0.6185630326992049
-1.0000000000000007 -0.7465680356056893
-1.0500000000000007 -0.8408867843719147
-1.1000000000000008 -0.8984557269744678
-1.1500000000000008 -0.9301737018516941
-1.2000000000000008 -0.94704976982172
-1.2500000000000009 -0.9557316334971953
-1.300000000000001 -0.9601415298469181
-1.350000000000001 -0.9624171081297369
-1.400000000000001 -0.9639799528670181
-1.450000000000001 -0.9652034209623668
-1.500000000000001 -0.9663290883999717
-1.5500000000000012 -0.96754979297409
-1.6000000000000012 -0.9688497906887138
-1.6500000000000012 -0.9702264184839927
-1.7000000000000013 -0.9716547917141657
-1.7500000000000013 -0.9730817584229668
-1.8000000000000014 -0.9744971546983575
-1.8500000000000014 -0.9758795564000209
-1.9000000000000015 -0.9772004793205924
-1.9500000000000015 -0.9784492333077285
-2.0000000000000013 -0.9796234859359441
-2.050000000000001 -0.9807199161987645
-2.100000000000001 -0.981740272389266
-2.150000000000001 -0.982687881400126
-2.2000000000000006 -0.9835669708389733
-2.2500000000000004 -0.9843824029423686
-2.3000000000000003 -0.9851390998862264
-2.35 -0.9858420761128018
-2.4 -0.9864959507973009
-2.4499999999999997 -0.9871049527678987
-2.4999999999999996 -0.9876729668520036
-2.5499999999999994 -0.9882036999523275
-2.599999999999999 -0.9887003318342193
-2.649999999999999 -0.9891657138672088
-2.699999999999999 -0.989602362714461
-2.7499999999999987 -0.9900128227263559
-2.7999999999999985 -0.9903991071075798
-2.8499999999999983 -0.990763070544869
-2.899999999999998 -0.9911063924701635
-2.949999999999998 -0.9914306344314145
-2.999999999999998 -0.9917373111556081
-2.949999999999998 -0.991712332142943
-2.899999999999998 -0.9915374317586038
-2.8499999999999983 -0.9912868473964359
-2.7999999999999985 -0.9909926107545322
-2.7499999999999987 -0.9906679052574427
-2.699999999999999 -0.990318217555831
-2.649999999999999 -0.9899452466322773
-2.599999999999999 -0.9895488559439045
-2.5499999999999994 -0.9891279066407913
-2.4999999999999996 -0.9886809257831788
-2.4499999999999997 -0.9882060280304088
-2.4 -0.9877010423951568
-2.35 -0.9871634250001673
-2.3000000000000003 -0.9865903022258743
-2.2500000000000004 -0.9859787285659004
-2.2000000000000006 -0.9853252067622541
-2.150000000000001 -0.9846259078076014
-2.100000000000001 -0.9838764580108509
-2.050000000000001 -0.9830722005111927
-2.0000000000000013 -0.9822077895670894
-1.9500000000000013 -0.9812772179381172
-1.9000000000000012 -0.9802737256052868
-1.8500000000000012 -0.979189805339483
-1.8000000000000012 -0.97801687808665
-1.750000000000001 -0.976745234036507
-1.700000000000001 -0.9753641081299177
-1.650000000000001 -0.973860846071669
-1.600000000000001 -0.9722213406961283
-1.550000000000001 -0.9704294232806684
-1.5000000000000009 -0.9684665756410675
-1.4500000000000008 -0.9663115932176354
-1.4000000000000008 -0.963940031021725
-1.3500000000000008 -0.961323861677518
-1.3000000000000007 -0.9584306388329856
-1.2500000000000007 -0.9552229025541557
-1.2000000000000006 -0.9516574967809027
-1.1500000000000006 -0.9476843146867527
-1.1000000000000005 -0.9432455125570642
-1.0500000000000005 -0.9382743938090354
-1.0000000000000004 -0.9326942722274124
-0.9500000000000004 -0.9264173578414111
-0.9000000000000004 -0.9193441256711469
-0.8500000000000003 -0.911363209483677
-0.8000000000000003 -0.9023520580644866
-0.7500000000000002 -0.8921793515435275
-0.7000000000000002 -0.8807094592873992
-0.6500000000000001 -0.8678107560120303
-0.6000000000000001 -0.8533666903325403
-0.55 -0.837288494599289
-0.5 -0.8195266346273169
-0.45 -0.8000781967030058
-0.4 -0.7789896033222097
-0.35000000000000003 -0.7563503745904018
-0.30000000000000004 -0.7322746440213598
-0.25000000000000006 -0.7068769347145275
-0.20000000000000007 -0.6802602793920097
-0.15000000000000008 -0.6525201196196266
-0.10000000000000007 -0.6237460936336565
-0.05000000000000007 -0.5939995440448331
-6.938893903907228e-17 -0.5632839867084496
0.04999999999999993 -0.5315373835025923
0.09999999999999994 -0.4986472607064901
0.14999999999999994 -0.46446936012988155
0.19999999999999996 -0.4288409667770105
0.24999999999999994 -0.39158133880789153
0.29999999999999993 -0.35249042484742127
0.3499999999999999 -0.3113319599934124
0.3999999999999999 -0.26783146363722193
0.4499999999999999 -0.22164953240646898
0.4999999999999999 -0.17236029767043945
0.5499999999999999 -0.11941142440649205
0.6 -0.06206216533858018
0.65 0.0007148324985627001
0.7000000000000001 0.07040694782142179
0.7500000000000001 0.14927988073499554
0.8000000000000002 0.2408659479062588
0.8500000000000002 0.3500414337401414
0.9000000000000002 0.4787406488311868
0.9500000000000003 0.6185734968117137
1.0000000000000002 0.7465756085800658
1.0500000000000003 0.8408919581711047
1.1000000000000003 0.8984587340112411
1.1500000000000004 0.9301743847009304
1.2000000000000004 0.9470477209788812
1.2500000000000004 0.9557274294669054
1.3000000000000005 0.960136203949654
1.3500000000000005 0.9624117797287394
1.4000000000000006 0.9639758152046108
1.4500000000000006 0.9652015328282897
1.5000000000000007 0.9663294085605401
1.5500000000000007 0.9675522287125905
1.6000000000000008 0.9688574452275481
1.6500000000000008 0.9702393613104597
1.7000000000000008 0.9716681892707876
1.7500000000000009 0.9730964501892747
1.800000000000001 0.9745078586787819
1.850000000000001 0.9758829691245362
1.900000000000001 0.9772013791127017
1.950000000000001 0.9784500070602137
2.000000000000001 0.9796236455353928
2.0500000000000007 0.9807199428521899
2.1000000000000005 0.9817402759176712
2.1500000000000004 0.9826878811613194
2.2 0.9835669692312892
2.25 0.9843824022004867
2.3 0.9851390994572817
2.3499999999999996 0.9858420758126519
2.3999999999999995 0.9864959506850924
2.4499999999999993 0.987104952584139
2.499999999999999 0.9876729668033934
2.549999999999999 0.9882036998483968
2.5999999999999988 0.988700331725485
2.6499999999999986 0.9891657137887929
2.6999999999999984 0.9896023626289749
2.7499999999999982 0.9900128226505969
2.799999999999998 0.9903991070358624
2.849999999999998 0.9907630705220292
2.8999999999999977 0.9911063924289754
2.9499999999999975 0.9914306344298907
2.9999999999999973 0.9917373111229931