0 0.03836095342253063
0.05 0.04390932274859094
0.1 0.05783963528800661
0.15000000000000002 0.07824127817296726
0.2 0.10290462812696721
0.25 0.13030585735374747
0.3 0.1595984909098958
0.35 0.19044163280232676
0.39999999999999997 0.22257400645082498
0.44999999999999996 0.255916631893268
0.49999999999999994 0.2906446117200782
0.5499999999999999 0.3270421725558973
0.6 0.3654721881426822
0.65 0.40644026954486784
0.7000000000000001 0.4507212794019447
0.7500000000000001 0.4995869604767183
0.8000000000000002 0.5549486053882094
0.8500000000000002 0.6187234775600725
0.9000000000000002 0.6912362476192848
0.9500000000000003 0.7665093030406841
1.0000000000000002 0.8297953859136556
1.0500000000000003 0.8738660882347308
1.1000000000000003 0.9014610041740632
1.1500000000000004 0.9190605350370596
1.2000000000000004 0.9315840487541025
1.2500000000000004 0.940623325507964
1.3000000000000005 0.9473776477595447
1.3500000000000005 0.9523471623833947
1.4000000000000006 0.9561474391327167
1.4500000000000006 0.959401986902731
1.5000000000000007 0.9622633559975415
1.5500000000000007 0.9647432682562106
1.6000000000000008 0.9669913219267555
1.6500000000000008 0.9690457332993866
1.7000000000000008 0.9709798693841057
1.7500000000000009 0.9728127946258792
1.800000000000001 0.9744913824130166
1.850000000000001 0.976037313750178
1.900000000000001 0.9774562168517179
1.950000000000001 0.9787609193391488
2.000000000000001 0.9799617884221814
2.0500000000000007 0.9810672609010936
2.1000000000000005 0.9820856727150852
2.1500000000000004 0.9830272562992242
2.2 0.9839031629320893
2.25 0.9847071244154736
2.3 0.9854487677139958
2.3499999999999996 0.9861361587452893
2.3999999999999995 0.9867748507696685
2.4499999999999993 0.9873694159957762
2.499999999999999 0.9879238395901526
2.549999999999999 0.9884418682888995
2.5999999999999988 0.9889266019239884
2.6499999999999986 0.989380893090121
2.6999999999999984 0.989807269323472
2.7499999999999982 0.9902081031719075
2.799999999999998 0.9905853916361316
2.849999999999998 0.9909409955542612
2.8999999999999977 0.9912765258133762
2.9499999999999975 0.9915934751039576
2.9999999999999973 0.9918933489815279
2.9499999999999975 0.9918644865263314
2.8999999999999977 0.9916893187295376
2.849999999999998 0.9914411906602043
2.799999999999998 0.991151278137438
2.7499999999999982 0.9908321214636586
2.6999999999999984 0.9904888488756142
2.6499999999999986 0.9901229302431844
2.5999999999999988 0.9897342366586401
2.549999999999999 0.9893215404967629
2.499999999999999 0.9888834298801844
2.4499999999999993 0.9884180566178746
2.3999999999999995 0.98792326925393
2.3499999999999996 0.9873965778718369
2.3 0.9868351601298396
2.25 0.9862361577923198
2.2 0.9855961575709872
2.1500000000000004 0.9849114316683799
2.1000000000000005 0.9841776937602895
2.0500000000000007 0.9833904425073595
2.000000000000001 0.982544408718891
1.9500000000000008 0.9816337262388072
1.9000000000000008 0.9806517946448386
1.8500000000000008 0.9795913164134231
1.8000000000000007 0.9784438457984654
1.7500000000000007 0.9771999171237751
1.7000000000000006 0.9758489583744216
1.6500000000000006 0.9743786426919311
1.6000000000000005 0.9727751169070389
1.5500000000000005 0.9710224487004947
1.5000000000000004 0.9691024703742163
1.4500000000000004 0.9669943043905728
1.4000000000000004 0.9646738779200643
1.3500000000000003 0.9621133135299426
1.3000000000000003 0.9592805601765234
1.2500000000000002 0.9561382128334026
1.2000000000000002 0.9526431675130135
1.1500000000000001 0.9487449618847221
1.1 0.9443853091904588
1.05 0.9394963039805381
1.0 0.9339993942606236
0.95 0.927804022578755
0.8999999999999999 0.9208067349501645
0.8499999999999999 0.9128907138277186
0.7999999999999998 0.9039259772420991
0.7499999999999998 0.8937711036712371
0.6999999999999997 0.8822773469811361
0.6499999999999997 0.8692955579699737
0.5999999999999996 0.8546871790841825
0.5499999999999996 0.8383402466112974
0.4999999999999996 0.8201896968686736
0.4499999999999996 0.8002359123069569
0.39999999999999963 0.7785517662594004
0.34999999999999964 0.7552662345354271
0.29999999999999966 0.7305331600373016
0.24999999999999967 0.7045078027265197
0.19999999999999968 0.6773276739802743
0.1499999999999997 0.6490818505322962
0.09999999999999969 0.6197875351402763
0.049999999999999684 0.5894211795557955
-3.191891195797325e-16 0.5579897865441912
-0.05000000000000032 0.5255249173571275
-0.10000000000000032 0.49199640066609585
-0.15000000000000033 0.45728567423941163
-0.20000000000000034 0.4212214469195514
-0.25000000000000033 0.38360227054398205
-0.3000000000000003 0.3442085496336623
-0.3500000000000003 0.3027866183214435
-0.4000000000000003 0.2590466547384884
-0.4500000000000003 0.2126344266915135
-0.5000000000000003 0.1631053314987142
-0.5500000000000004 0.10988140739808798
-0.6000000000000004 0.05218144687972296
-0.6500000000000005 -0.011091493912331205
-0.7000000000000005 -0.08155569863423337
-0.7500000000000006 -0.16174167699626057
-0.8000000000000006 -0.2555887972919442
-0.8500000000000006 -0.36813469647106156
-0.9000000000000007 -0.5014864667406562
-0.9500000000000007 -0.643656412394423
-1.0000000000000007 -0.7659580013500844
-1.0500000000000007 -0.8511721010369605
-1.1000000000000008 -0.9004590041841435
-1.1500000000000008 -0.9269855774547879
-1.2000000000000008 -0.9422967486547331
-1.2500000000000009 -0.9517237169419672
-1.300000000000001 -0.9575305017580414
-1.350000000000001 -0.9608675573506802
-1.400000000000001 -0.9632794059099191
-1.450000000000001 -0.9653099497403399
-1.500000000000001 -0.9669063183307893
-1.5500000000000012 -0.9683250616640101
-1.6000000000000012 -0.9696978536881119
-1.6500000000000012 -0.9710106819626877
-1.7000000000000013 -0.9723410767149742
-1.7500000000000013 -0.97371026723053
-1.8000000000000014 -0.9750809057649223
-1.8500000000000014 -0.9764206100149558
-1.9000000000000015 -0.9777096185687691
-1.9500000000000015 -0.9789268049953741
-2.0000000000000013 -0.980074021917952
-2.050000000000001 -0.9811494470384491
-2.100000000000001 -0.9821453530567649
-2.150000000000001 -0.9830680794682637
-2.2000000000000006 -0.9839238431470332
-2.2500000000000004 -0.9847177820096442
-2.3000000000000003 -0.9854547780538561
-2.35 -0.9861396638733579
-2.4 -0.9867768958262282
-2.4499999999999997 -0.9873705993892252
-2.4999999999999996 -0.9879245178680806
-2.5499999999999994 -0.988442254735162
-2.599999999999999 -0.9889268197142688
-2.649999999999999 -0.9893810137978725
-2.699999999999999 -0.9898073318795416
-2.7499999999999987 -0.990208134234194
-2.7999999999999985 -0.9905854027779877
-2.8499999999999983 -0.9909409987876014
-2.899999999999998 -0.9912765245439141
-2.949999999999998 -0.9915934718273094
-2.999999999999998 -0.9918933454490001
-2.949999999999998 -0.9918644886077223
-2.899999999999998 -0.9916893196410812
-2.8499999999999983 -0.9914411909175015
-2.7999999999999985 -0.9911512788913981
-2.7499999999999987 -0.9908321248769171
-2.699999999999999 -0.9904888507409861
-2.649999999999999 -0.9901229310882662
-2.599999999999999 -0.9897342384493013
-2.5499999999999994 -0.9893215396782853
-2.4999999999999996 -0.9888834300274776
-2.4499999999999997 -0.9884180559587591
-2.4 -0.9879232678562009
-2.35 -0.9873965762167515
-2.3000000000000003 -0.9868351611733124
-2.2500000000000004 -0.9862361619731351
-2.2000000000000006 -0.9855961612852755
-2.150000000000001 -0.984911434318476
-2.100000000000001 -0.9841776959591171
-2.050000000000001 -0.9833904433447347
-2.0000000000000013 -0.9825444112416688
-1.9500000000000013 -0.981633727857316
-1.9000000000000012 -0.9806517964054143
-1.8500000000000012 -0.9795913202924063
-1.8000000000000012 -0.9784438529630815
-1.750000000000001 -0.9771999227335662
-1.700000000000001 -0.9758489647212399
-1.650000000000001 -0.9743786469092327
-1.600000000000001 -0.9727751215605656
-1.550000000000001 -0.9710224575458706
-1.5000000000000009 -0.9691024796537163
-1.4500000000000008 -0.9669943140126562
-1.4000000000000008 -0.9646738930483091
-1.3500000000000008 -0.9621133252708849
-1.3000000000000007 -0.9592805691436854
-1.2500000000000007 -0.9561382198896358
-1.2000000000000006 -0.9526431716606353
-1.1500000000000006 -0.9487449691916819
-1.1000000000000005 -0.9443853183410973
-1.0500000000000005 -0.939496312458846
-1.0000000000000004 -0.9339993992306965
-0.9500000000000004 -0.9278040254871577
-0.9000000000000004 -0.9208067426468495
-0.8500000000000003 -0.9128907181706751
-0.8000000000000003 -0.9039259844706264
-0.7500000000000002 -0.8937711106513782
-0.7000000000000002 -0.8822773566099128
-0.6500000000000001 -0.869295575475863
-0.6000000000000001 -0.8546872117871647
-0.55 -0.8383402851480614
-0.5 -0.8201897467712126
-0.45 -0.8002359694980999
-0.4 -0.7785518246351407
-0.35000000000000003 -0.7552662846602626
-0.30000000000000004 -0.7305332082677405
-0.25000000000000006 -0.7045078489015618
-0.20000000000000007 -0.6773277357771604
-0.15000000000000008 -0.649081932587041
-0.10000000000000007 -0.6197876369976555
-0.05000000000000007 -0.5894212941791412
-6.938893903907228e-17 -0.5579899123675667
0.04999999999999993 -0.5255250484504087
0.09999999999999994 -0.49199653141428196
0.14999999999999994 -0.45728581414639546
0.19999999999999996 -0.42122158985868297
0.24999999999999994 -0.38360242175274295
0.29999999999999993 -0.344208708410806
0.3499999999999999 -0.3027867915273155
0.3999999999999999 -0.2590468432972062
0.4499999999999999 -0.21263463455019158
0.4999999999999999 -0.16310556365799342
0.5499999999999999 -0.1098816628962682
0.6 -0.0521817321331662
0.65 0.011091174074866124
0.7000000000000001 0.08155534204001055
0.7500000000000001 0.16174127068662536
0.8000000000000002 0.25558832931564585
0.8500000000000002 0.3681341549270504
0.9000000000000002 0.5014858235872103
0.9500000000000003 0.643655634897325
1.0000000000000002 0.7659570139490083
1.0500000000000003 0.8511707271951555
1.1000000000000003 0.9004569672746345
1.1500000000000004 0.9269817856772049
1.2000000000000004 0.9422908616239726
1.2500000000000004 0.9517164159921284
1.3000000000000005 0.9575222068591392
1.3500000000000005 0.9608606110501856
1.4000000000000006 0.9632732735581789
1.4500000000000006 0.9653063893155838
1.5000000000000007 0.9669057376158687
1.5500000000000007 0.968325832996885
1.6000000000000008 0.9696988305456016
1.6500000000000008 0.9710120775774548
1.7000000000000008 0.972344346105237
1.7500000000000009 0.9737221772641961
1.800000000000001 0.9751030337451203
1.850000000000001 0.976437665895222
1.900000000000001 0.977715201627234
1.950000000000001 0.978930997759259
2.000000000000001 0.9800831614846526
2.0500000000000007 0.9811529420029401
2.1000000000000005 0.9821460935209341
2.1500000000000004 0.983068216545775
2.2 0.9839238663471002
2.25 0.9847177852096088
2.3 0.985454778421342
2.3499999999999996 0.9861396637849812
2.3999999999999995 0.9867768956502441
2.4499999999999993 0.98737059922271
2.499999999999999 0.9879245177472186
2.549999999999999 0.9884422546296525
2.5999999999999988 0.988926819613732
2.6499999999999986 0.9893810136797115
2.6999999999999984 0.9898073317734633
2.7499999999999982 0.9902081341342391
2.799999999999998 0.9905854026789619
2.849999999999998 0.9909409988575767
2.8999999999999977 0.991276524518367
2.9499999999999975 0.9915934717658436
2.9999999999999973 0.9918933453354846