0 0.048079120496680595
0.05 0.05719137596790107
0.1 0.07507015733951221
0.15000000000000002 0.0984443411774089
0.2 0.12463074424002546
0.25 0.15234344814487188
0.3 0.18117700230333147
0.35 0.21106670188824114
0.39999999999999997 0.2420430611032312
0.44999999999999996 0.2742119782194763
0.49999999999999994 0.30774726386972406
0.5499999999999999 0.3428372886922608
0.6 0.3797371746036039
0.65 0.41891523386627044
0.7000000000000001 0.46113324938081807
0.7500000000000001 0.5075898805402065
0.8000000000000002 0.5600306672801368
0.8500000000000002 0.6202824912651755
0.9000000000000002 0.6889085008506429
0.9500000000000003 0.7611916157844264
1.0000000000000002 0.8261463083993978
1.0500000000000003 0.8743295724220416
1.1000000000000003 0.9052603949633746
1.1500000000000004 0.9236225771539796
1.2000000000000004 0.9347035317675493
1.2500000000000004 0.9420779703665497
1.3000000000000005 0.9473096225504052
1.3500000000000005 0.9514271526443626
1.4000000000000006 0.9549954730086019
1.4500000000000006 0.958295749795561
1.5000000000000007 0.9610864391620265
1.5500000000000007 0.9635312977515627
1.6000000000000008 0.9657890758361083
1.6500000000000008 0.9678889650773927
1.7000000000000008 0.9698650182447593
1.7500000000000009 0.9717114399947517
1.800000000000001 0.9734275511027021
1.850000000000001 0.9750236556567022
1.900000000000001 0.9764961005999386
1.950000000000001 0.9778539264399915
2.000000000000001 0.9791104085397495
2.0500000000000007 0.9802642558099277
2.1000000000000005 0.9813255136718342
2.1500000000000004 0.9823037950800612
2.2 0.9832069081361966
2.25 0.9840419459488219
2.3 0.9848151990323424
2.3499999999999996 0.9855326069825663
2.3999999999999995 0.986199419691629
2.4499999999999993 0.9868202224602856
2.499999999999999 0.987399140610208
2.549999999999999 0.9879400524925375
2.5999999999999988 0.9884462355281112
2.6499999999999986 0.9889206335360913
2.6999999999999984 0.9893657999962086
2.7499999999999982 0.989784348941416
2.799999999999998 0.9901783528181766
2.849999999999998 0.9905496700973894
2.8999999999999977 0.990899975198761
2.9499999999999975 0.9912308783880062
2.9999999999999973 0.9915439256886914
2.9499999999999975 0.9915149535353145
2.8999999999999977 0.9913330783984515
2.849999999999998 0.9910747770882712
2.799999999999998 0.9907725520182031
2.7499999999999982 0.9904396744952129
2.6999999999999984 0.990081552841937
2.6499999999999986 0.9896997891165523
2.5999999999999988 0.9892941787285039
2.549999999999999 0.9888635023185406
2.499999999999999 0.9884062829996896
2.4499999999999993 0.9879206134003444
2.3999999999999995 0.9874042235615574
2.3499999999999996 0.986854505015612
2.3 0.9862685788712907
2.25 0.985643414907928
2.2 0.9849754400907588
2.1500000000000004 0.9842606888088483
2.1000000000000005 0.9834948592588888
2.0500000000000007 0.9826731489936568
2.000000000000001 0.9817900976369752
1.9500000000000008 0.9808395537318538
1.9000000000000008 0.9798146697957821
1.8500000000000008 0.9787078443078561
1.8000000000000007 0.9775103555148811
1.7500000000000007 0.9762123598362197
1.7000000000000006 0.9748028074578197
1.6500000000000006 0.9732689064644406
1.6000000000000005 0.9715964907622007
1.5500000000000005 0.9697691194144263
1.5000000000000004 0.9677681526705146
1.4500000000000004 0.9655721192188254
1.4000000000000004 0.963156563712288
1.3500000000000003 0.9604933550040938
1.3000000000000003 0.9575502590475858
1.2500000000000002 0.954290083046007
1.2000000000000002 0.9506701847367174
1.1500000000000001 0.9466416720521869
1.1 0.9421482538281564
1.05 0.937125775614981
1.0 0.9315009276787131
0.95 0.9251907378122416
0.8999999999999999 0.9181017874068288
0.8499999999999999 0.9101302022826278
0.7999999999999998 0.9011617056096745
0.7499999999999998 0.8910730761769048
0.6999999999999997 0.879734069422294
0.6499999999999997 0.8670113573851618
0.5999999999999996 0.8527753617213039
0.5499999999999996 0.8369165553525089
0.4999999999999996 0.8193661165328284
0.4499999999999996 0.8001128132755956
0.39999999999999963 0.7792092338392623
0.34999999999999964 0.7567666986817889
0.29999999999999966 0.7329283969496095
0.24999999999999967 0.7078432590573801
0.19999999999999968 0.6816546094334436
0.1499999999999997 0.654467583292402
0.09999999999999969 0.6263284062241149
0.049999999999999684 0.59723234840562
-3.191891195797325e-16 0.56712352947611
-0.05000000000000032 0.5359011842432089
-0.10000000000000032 0.503435786174849
-0.15000000000000033 0.46958030947385343
-0.20000000000000034 0.4341749997729997
-0.25000000000000033 0.3970417250517609
-0.3000000000000003 0.3579814421555011
-0.3500000000000003 0.31675496962493654
-0.4000000000000003 0.27307996591604333
-0.4500000000000003 0.22660258116707094
-0.5000000000000003 0.17687498348356528
-0.5500000000000004 0.12331062825580648
-0.6000000000000004 0.06511590013777727
-0.6500000000000005 0.0011776765441080955
-0.7000000000000005 -0.07014097337241239
-0.7500000000000006 -0.1514007696992842
-0.8000000000000006 -0.2466632898021399
-0.8500000000000006 -0.36050638717520467
-0.9000000000000007 -0.49377180906120866
-0.9500000000000007 -0.636037793472434
-1.0000000000000007 -0.7643470503469316
-1.0500000000000007 -0.8566203216720216
-1.1000000000000008 -0.910430228052818
-1.1500000000000008 -0.9375787840821637
-1.2000000000000008 -0.950033783255391
-1.2500000000000009 -0.9557080359449305
-1.300000000000001 -0.958681344194357
-1.350000000000001 -0.9608536793338976
-1.400000000000001 -0.9625963024357277
-1.450000000000001 -0.964245935534919
-1.500000000000001 -0.9655940126207547
-1.5500000000000012 -0.9668862078341486
-1.6000000000000012 -0.9682357420212119
-1.6500000000000012 -0.9696009338083695
-1.7000000000000013 -0.9710426280316876
-1.7500000000000013 -0.9725182134702571
-1.8000000000000014 -0.9739701228032436
-1.8500000000000014 -0.9753748546045329
-1.9000000000000015 -0.9767242722135068
-1.9500000000000015 -0.9780027691538729
-2.0000000000000013 -0.9792053659470712
-2.050000000000001 -0.9803241967921565
-2.100000000000001 -0.9813628379211998
-2.150000000000001 -0.9823267988151427
-2.2000000000000006 -0.9832209335804348
-2.2500000000000004 -0.9840504037963651
-2.3000000000000003 -0.9848202586835912
-2.35 -0.9855356053900574
-2.4 -0.9862011682545365
-2.4499999999999997 -0.9868212317097449
-2.4999999999999996 -0.9873997206306531
-2.5499999999999994 -0.9879403806648436
-2.599999999999999 -0.9884464151690426
-2.649999999999999 -0.9889207273787319
-2.699999999999999 -0.9893658500435419
-2.7499999999999987 -0.9897843697934846
-2.7999999999999985 -0.9901783618709209
-2.8499999999999983 -0.9905496727021361
-2.899999999999998 -0.9908999744530103
-2.949999999999998 -0.9912308762411789
-2.999999999999998 -0.9915439221653652
-2.949999999999998 -0.991514949394292
-2.899999999999998 -0.9913330759776899
-2.8499999999999983 -0.9910747758888339
-2.7999999999999985 -0.9907725524647497
-2.7499999999999987 -0.990439676152674
-2.699999999999999 -0.9900815542136844
-2.649999999999999 -0.989699789572954
-2.599999999999999 -0.9892941817687965
-2.5499999999999994 -0.9888635030117113
-2.4999999999999996 -0.9884062825473731
-2.4499999999999997 -0.9879206133236124
-2.4 -0.9874042256160628
-2.35 -0.9868545064538421
-2.3000000000000003 -0.9862685793125325
-2.2500000000000004 -0.9856434179945271
-2.2000000000000006 -0.9849754434105572
-2.150000000000001 -0.9842606905099017
-2.100000000000001 -0.9834948617102974
-2.050000000000001 -0.9826731506775851
-2.0000000000000013 -0.9817900994189547
-1.9500000000000013 -0.9808395550734544
-1.9000000000000012 -0.9798146735238848
-1.8500000000000012 -0.978707847477013
-1.8000000000000012 -0.9775103614367754
-1.750000000000001 -0.9762123658050197
-1.700000000000001 -0.9748028125928734
-1.650000000000001 -0.9732689118284281
-1.600000000000001 -0.9715964949364054
-1.550000000000001 -0.9697691246579181
-1.5000000000000009 -0.9677681616577587
-1.4500000000000008 -0.9655721277301882
-1.4000000000000008 -0.9631565728524323
-1.3500000000000008 -0.9604933727534266
-1.3000000000000007 -0.9575502753526128
-1.2500000000000007 -0.9542900998362186
-1.2000000000000006 -0.9506702013610027
-1.1500000000000006 -0.9466416873897786
-1.1000000000000005 -0.942148282138322
-1.0500000000000005 -0.9371258037620959
-1.0000000000000004 -0.9315009565252464
-0.9500000000000004 -0.9251907721678251
-0.9000000000000004 -0.9181018225927986
-0.8500000000000003 -0.9101302383327255
-0.8000000000000003 -0.9011617398679764
-0.7500000000000002 -0.8910731091901646
-0.7000000000000002 -0.879734097604875
-0.6500000000000001 -0.8670113818911184
-0.6000000000000001 -0.8527753861989267
-0.55 -0.8369165784937939
-0.5 -0.8193661416395116
-0.45 -0.8001128430392966
-0.4 -0.7792092761892468
-0.35000000000000003 -0.7567667536358889
-0.30000000000000004 -0.7329284550174964
-0.25000000000000006 -0.707843308764875
-0.20000000000000007 -0.6816546324906175
-0.15000000000000008 -0.6544675659924052
-0.10000000000000007 -0.6263283745857661
-0.05000000000000007 -0.597232326326804
-6.938893903907228e-17 -0.5671235340325481
0.04999999999999993 -0.5359012148011274
0.09999999999999994 -0.5034358405274061
0.14999999999999994 -0.46958038657261686
0.19999999999999996 -0.4341750937131716
0.24999999999999994 -0.39704183419875166
0.29999999999999993 -0.3579815657056201
0.3499999999999999 -0.3167551057438116
0.3999999999999999 -0.2730801141859898
0.4499999999999999 -0.22660274622964813
0.4999999999999999 -0.1768751643597829
0.5499999999999999 -0.12331083043259232
0.6 -0.0651161266435357
0.65 -0.0011779279725437357
0.7000000000000001 0.07014068924409317
0.7500000000000001 0.15140044602208297
0.8000000000000002 0.2466629194091854
0.8500000000000002 0.3605059556377173
0.9000000000000002 0.4937713002262138
0.9500000000000003 0.6360371733946992
1.0000000000000002 0.7643462485929592
1.0500000000000003 0.856619196832286
1.1000000000000003 0.9104284963854886
1.1500000000000004 0.9375760935111985
1.2000000000000004 0.9500297078535309
1.2500000000000004 0.9557029330656919
1.3000000000000005 0.9586737016059708
1.3500000000000005 0.9608461725019862
1.4000000000000006 0.9625901041922703
1.4500000000000006 0.9642421964872427
1.5000000000000007 0.9655931199492653
1.5500000000000007 0.9668869437297753
1.6000000000000008 0.9682370253808801
1.6500000000000008 0.969604323818859
1.7000000000000008 0.9710476306099183
1.7500000000000009 0.9725230220123181
1.800000000000001 0.9739727130172944
1.850000000000001 0.9753798465518697
1.900000000000001 0.976726520758199
1.950000000000001 0.9780060973460056
2.000000000000001 0.9792073173820457
2.0500000000000007 0.9803246498424117
2.1000000000000005 0.9813629268354398
2.1500000000000004 0.9823268160239234
2.2 0.983220937198271
2.25 0.9840504048901032
2.3 0.9848202592004659
2.3499999999999996 0.9855356056671858
2.3999999999999995 0.9862011684316666
2.4499999999999993 0.9868212318075654
2.499999999999999 0.9873997206706242
2.549999999999999 0.9879403805851616
2.5999999999999988 0.988446415111642
2.6499999999999986 0.9889207273174359
2.6999999999999984 0.9893658499873271
2.7499999999999982 0.9897843697384235
2.799999999999998 0.9901783618163199
2.849999999999998 0.9905496726479405
2.8999999999999977 0.9908999743968936
2.9499999999999975 0.9912308761876417
2.9999999999999973 0.9915439221135787