0 0.04807918418172203
0.05 0.05719149600313268
0.1 0.07507029499266785
0.15000000000000002 0.09844447403725881
0.2 0.12463084858476256
0.25 0.15234347854216496
0.3 0.18117691818836648
0.35 0.21106655364655919
0.39999999999999997 0.24204292834098498
0.44999999999999996 0.2742118827698205
0.49999999999999994 0.30774720070228934
0.5499999999999999 0.3428372677042244
0.6 0.3797371727745236
0.65 0.41891518589860954
0.7000000000000001 0.46113308348197296
0.7500000000000001 0.5075895237519087
0.8000000000000002 0.5600300266522509
0.8500000000000002 0.6202816005208429
0.9000000000000002 0.688907624491461
0.9500000000000003 0.7611910145992962
1.0000000000000002 0.8261461686699761
1.0500000000000003 0.8743295858180059
1.1000000000000003 0.9052601038514022
1.1500000000000004 0.9236222300810205
1.2000000000000004 0.9347034260162334
1.2500000000000004 0.9420781373652827
1.3000000000000005 0.9473099914049564
1.3500000000000005 0.9514275156084637
1.4000000000000006 0.9549957030783855
1.4500000000000006 0.9582959141102106
1.5000000000000007 0.9610867603804494
1.5500000000000007 0.9635313808175517
1.6000000000000008 0.9657891666383113
1.6500000000000008 0.9678891462682626
1.7000000000000008 0.969865174946729
1.7500000000000009 0.9717115583826224
1.800000000000001 0.9734276784973898
1.850000000000001 0.9750237955322596
1.900000000000001 0.9764962446241163
1.950000000000001 0.977854176820712
2.000000000000001 0.9791106351531225
2.0500000000000007 0.9802643624762556
2.1000000000000005 0.9813255891898145
2.1500000000000004 0.9823038609881994
2.2 0.9832069700901659
2.25 0.9840420032577218
2.3 0.9848152540213327
2.3499999999999996 0.9855326591423906
2.3999999999999995 0.9861994682033229
2.4499999999999993 0.986820268708972
2.499999999999999 0.98739918679392
2.549999999999999 0.9879400955137783
2.5999999999999988 0.9884462760139496
2.6499999999999986 0.9889206719287479
2.6999999999999984 0.9893658364328727
2.7499999999999982 0.9897843836873905
2.799999999999998 0.9901783860940131
2.849999999999998 0.9905497018007069
2.8999999999999977 0.9909000054279322
2.9499999999999975 0.9912309073568911
2.9999999999999973 0.9915439534691581
2.9499999999999975 0.9915149803968194
2.8999999999999977 0.9913331081265495
2.849999999999998 0.9910748071180565
2.799999999999998 0.9907725833263874
2.7499999999999982 0.9904397065532808
2.6999999999999984 0.9900815864985266
2.6499999999999986 0.9896998242249494
2.5999999999999988 0.989294215508536
2.549999999999999 0.9888635410321744
2.499999999999999 0.9884063239908811
2.4499999999999993 0.9879206558987297
2.3999999999999995 0.9874042682027253
2.3499999999999996 0.986854551784675
2.3 0.9862686282968717
2.25 0.985643467116136
2.2 0.9849754954871991
2.1500000000000004 0.9842607472876673
2.1000000000000005 0.9834949211381938
2.0500000000000007 0.9826732145847098
2.000000000000001 0.9817901675687718
1.9500000000000008 0.9808396280046351
1.9000000000000008 0.9798147487439984
1.8500000000000008 0.9787079281529235
1.8000000000000007 0.9775104453111132
1.7500000000000007 0.9762124558733603
1.7000000000000006 0.9748029098394608
1.6500000000000006 0.9732690155210983
1.6000000000000005 0.9715966066786816
1.5500000000000005 0.969769242754613
1.5000000000000004 0.9677682866587988
1.4500000000000004 0.9655722603611463
1.4000000000000004 0.9631567123357059
1.3500000000000003 0.9604935122393622
1.3000000000000003 0.957550422903409
1.2500000000000002 0.9542902527539688
1.2000000000000002 0.9506703578723724
1.1500000000000001 0.9466418455551747
1.1 0.9421484283379593
1.05 0.937125943294688
1.0 0.9315010845821968
0.95 0.9251908743550382
0.8999999999999999 0.9181018917286101
0.8499999999999999 0.9101302587656942
0.7999999999999998 0.9011617127837854
0.7499999999999998 0.8910730338950693
0.6999999999999997 0.8797339921965454
0.6499999999999997 0.8670112877385603
0.5999999999999996 0.8527753775012659
0.5499999999999996 0.8369167732610147
0.4999999999999996 0.819366685418745
0.4499999999999996 0.8001139594780482
0.39999999999999963 0.7792112039014155
0.34999999999999964 0.7567697613297194
0.29999999999999966 0.7329327394414789
0.24999999999999967 0.7078491710130622
0.19999999999999968 0.681662598602569
0.1499999999999997 0.6544775729064771
0.09999999999999969 0.6263389462437309
0.049999999999999684 0.597241646618345
-3.191891195797325e-16 0.5671307314119944
-0.05000000000000032 0.5359063279981889
-0.10000000000000032 0.5034392740520087
-0.15000000000000033 0.46958258283210125
-0.20000000000000034 0.4341764172898777
-0.25000000000000033 0.3970425510426459
-0.3000000000000003 0.35798185900518764
-0.3500000000000003 0.3167551030520163
-0.4000000000000003 0.27307989926330956
-0.4500000000000003 0.22660237106578207
-0.5000000000000003 0.17687466191473475
-0.5500000000000004 0.12331021941449616
-0.6000000000000004 0.06511541874945054
-0.6500000000000005 0.001177139371727453
-0.7000000000000005 -0.07014155950980895
-0.7500000000000006 -0.1514014198299163
-0.8000000000000006 -0.24666398828735586
-0.8500000000000006 -0.36050719798858316
-0.9000000000000007 -0.4937723016804827
-0.9500000000000007 -0.6360379553042813
-1.0000000000000007 -0.7643471537718898
-1.0500000000000007 -0.856620205248032
-1.1000000000000008 -0.910430158405048
-1.1500000000000008 -0.9375788134317178
-1.2000000000000008 -0.9500337895678282
-1.2500000000000009 -0.9557079917992916
-1.300000000000001 -0.9586812420935797
-1.350000000000001 -0.9608537641637667
-1.400000000000001 -0.9625963786446822
-1.450000000000001 -0.964246065303471
-1.500000000000001 -0.9655942518409341
-1.5500000000000012 -0.9668863991047391
-1.6000000000000012 -0.9682358626908804
-1.6500000000000012 -0.9696010017193488
-1.7000000000000013 -0.9710427056580071
-1.7500000000000013 -0.9725183393630844
-1.8000000000000014 -0.9739702344472226
-1.8500000000000014 -0.9753749348682779
-1.9000000000000015 -0.9767243885753542
-1.9500000000000015 -0.9780029263098026
-2.0000000000000013 -0.9792054837765013
-2.050000000000001 -0.9803242786893616
-2.100000000000001 -0.9813629086221773
-2.150000000000001 -0.982326864557696
-2.2000000000000006 -0.9832209955717547
-2.2500000000000004 -0.9840504619573465
-2.3000000000000003 -0.984820314233636
-2.35 -0.9855356573062055
-2.4 -0.9862012175975491
-2.4499999999999997 -0.9868212785894824
-2.4999999999999996 -0.9873997674284578
-2.5499999999999994 -0.987940424031831
-2.599999999999999 -0.9884464558738327
-2.649999999999999 -0.9889207647672881
-2.699999999999999 -0.9893658850274384
-2.7499999999999987 -0.9897844045383611
-2.7999999999999985 -0.9901783949686481
-2.8499999999999983 -0.9905497043471275
-2.899999999999998 -0.9909000047023799
-2.949999999999998 -0.9912309052102364
-2.999999999999998 -0.9915439501246668
-2.949999999999998 -0.9915149755473512
-2.899999999999998 -0.9913331035598878
-2.8499999999999983 -0.9910748049037462
-2.7999999999999985 -0.9907725829056521
-2.7499999999999987 -0.9904397081056414
-2.699999999999999 -0.9900815876568526
-2.649999999999999 -0.9896998243444881
-2.599999999999999 -0.9892942181046
-2.5499999999999994 -0.9888635414607483
-2.4999999999999996 -0.9884063229143414
-2.4499999999999997 -0.9879206558877138
-2.4 -0.9874042702751377
-2.35 -0.9868545534361783
-2.3000000000000003 -0.9862686291785636
-2.2500000000000004 -0.985643470372627
-2.2000000000000006 -0.9849754986568109
-2.150000000000001 -0.9842607489116293
-2.100000000000001 -0.9834949242252877
-2.050000000000001 -0.9826732165258146
-2.0000000000000013 -0.9817901693089592
-1.9500000000000013 -0.9808396301029809
-1.9000000000000012 -0.9798147529234601
-1.8500000000000012 -0.9787079317594
-1.8000000000000012 -0.9775104511234433
-1.750000000000001 -0.9762124617588843
-1.700000000000001 -0.9748029150835795
-1.650000000000001 -0.9732690213507216
-1.600000000000001 -0.9715966117805135
-1.550000000000001 -0.9697692485894567
-1.5000000000000009 -0.9677682930162173
-1.4500000000000008 -0.9655722667746957
-1.4000000000000008 -0.9631567197047419
-1.3500000000000008 -0.9604935271595776
-1.3000000000000007 -0.9575504365966938
-1.2500000000000007 -0.95429026669965
-1.2000000000000006 -0.9506703705827279
-1.1500000000000006 -0.9466418577306968
-1.1000000000000005 -0.9421484495294967
-1.0500000000000005 -0.9371259646690525
-1.0000000000000004 -0.9315011069044947
-0.9500000000000004 -0.9251908986224967
-0.9000000000000004 -0.9181019161613098
-0.8500000000000003 -0.9101302829456541
-0.8000000000000003 -0.9011617363641768
-0.7500000000000002 -0.8910730583816043
-0.7000000000000002 -0.8797340140618929
-0.6500000000000001 -0.867011307941482
-0.6000000000000001 -0.8527753994035201
-0.55 -0.8369167949150239
-0.5 -0.8193667117952932
-0.45 -0.8001139952234347
-0.4 -0.7792112651421428
-0.35000000000000003 -0.7567698354921324
-0.30000000000000004 -0.7329328164461516
-0.25000000000000006 -0.707849238250417
-0.20000000000000007 -0.6816626348129236
-0.15000000000000008 -0.654477564664997
-0.10000000000000007 -0.6263389182388527
-0.05000000000000007 -0.5972416273567089
-6.938893903907228e-17 -0.5671307388170453
0.04999999999999993 -0.5359063601874213
0.09999999999999994 -0.5034393297614971
0.14999999999999994 -0.46958266042404834
0.19999999999999996 -0.4341765122104627
0.24999999999999994 -0.3970426620577292
0.29999999999999993 -0.35798198463754866
0.3499999999999999 -0.31675524157357743
0.3999999999999999 -0.2730800512414051
0.4499999999999999 -0.226602539659658
0.4999999999999999 -0.1768748456387777
0.5499999999999999 -0.12331042428676066
0.6 -0.06511564713978968
0.65 -0.0011773919485411563
0.7000000000000001 0.07014127439642949
0.7500000000000001 0.1514010951959199
0.8000000000000002 0.24666361684809793
0.8500000000000002 0.36050676454513003
0.9000000000000002 0.4937717901040252
0.9500000000000003 0.6360373318647821
1.0000000000000002 0.7643463496919939
1.0500000000000003 0.8566190756988298
1.1000000000000003 0.9104284155021855
1.1500000000000004 0.9375761242537282
1.2000000000000004 0.9500297076878438
1.2500000000000004 0.9557029129692459
1.3000000000000005 0.9586736355317421
1.3500000000000005 0.960846268593913
1.4000000000000006 0.9625901530342531
1.4500000000000006 0.964242311090642
1.5000000000000007 0.9655933610121297
1.5500000000000007 0.9668871338185256
1.6000000000000008 0.9682371386814989
1.6500000000000008 0.9696043615890414
1.7000000000000008 0.9710476902199603
1.7500000000000009 0.9725231198066411
1.800000000000001 0.97397278600815
1.850000000000001 0.9753798952811406
1.900000000000001 0.9767266470853597
1.950000000000001 0.9780063311632757
2.000000000000001 0.979207458349638
2.0500000000000007 0.980324736632796
2.1000000000000005 0.9813629983892785
2.1500000000000004 0.9823268816294656
2.2 0.9832209991798991
2.25 0.9840504630322308
2.3 0.9848203147380613
2.3499999999999996 0.9855356575766505
2.3999999999999995 0.9862012177711593
2.4499999999999993 0.9868212788212214
2.499999999999999 0.987399767518252
2.549999999999999 0.9879404239483673
2.5999999999999988 0.9884464558154791
2.6499999999999986 0.9889207647056544
2.6999999999999984 0.989365884970969
2.7499999999999982 0.989784404483033
2.799999999999998 0.9901783949137511
2.849999999999998 0.9905497042926356
2.8999999999999977 0.9909000046487114
2.9499999999999975 0.9912309051577369
2.9999999999999973 0.9915439500732305