
0 0.24803641244795238
0.05 0.283381359196384
0.1 0.32018083923788465
0.15000000000000002 0.3587680532982394
0.2 0.3996388376673994
0.25 0.44353836379906003
0.3 0.4916341500997713
0.35 0.5458435712674155
0.39999999999999997 0.6083378274697101
0.44999999999999996 0.6799048850545719
0.49999999999999994 0.7564400414826917
0.5499999999999999 0.8251921523262364
0.6 0.8751259335006818
0.65 0.9067589068019886
0.7000000000000001 0.925364208324621
0.7500000000000001 0.93651828631377
0.8000000000000002 0.9437444287562805
0.8500000000000002 0.9487579775364905
0.9000000000000002 0.9525247185311151
0.9500000000000003 0.9556259710178481
1.0000000000000002 0.9584234229357944
1.0500000000000003 0.9611000388664677
1.1000000000000003 0.9635840414965516
1.1500000000000004 0.9658974806864006
1.2000000000000004 0.9680580803783058
1.2500000000000004 0.9700561972173509
1.3000000000000005 0.971906535812066
1.3500000000000005 0.9736305786798849
1.4000000000000006 0.9752349920944561
1.4500000000000006 0.9767129223204334
1.5000000000000007 0.9780689352969886
1.5500000000000007 0.9793146328758691
1.6000000000000008 0.9804603322036631
1.6500000000000008 0.9815149751619471
1.7000000000000008 0.9824874464347559
1.7500000000000009 0.9833842309060512
1.800000000000001 0.9842127352778808
1.850000000000001 0.984979570535
1.900000000000001 0.9856907698271955
1.950000000000001 0.9863515993893806
2.000000000000001 0.9869666910389594
2.0500000000000007 0.9875401458208227
2.1000000000000005 0.9880758699239628
2.1500000000000004 0.9885771252451713
2.2 0.989046828843856
2.25 0.9894875550052425
2.3 0.9899018453522541
2.3499999999999996 0.990291758169782
2.3999999999999995 0.9906591803853493
2.4499999999999993 0.9910057992476614
2.499999999999999 0.9913331837201285
2.549999999999999 0.991642897111015
2.5999999999999988 0.9916167940108048
2.6499999999999986 0.9914394288569235
2.6999999999999984 0.9911858132855789
2.7499999999999982 0.9908883422731717
2.799999999999998 0.990560205971481
2.849999999999998 0.9902068961193891
2.8999999999999977 0.9898301121048285
2.9499999999999975 0.9894297410749013
2.9999999999999973 0.9890045765047466
2.9499999999999975 0.9885531964446611
2.8999999999999977 0.9880736762010964
2.849999999999998 0.9875637768008656
2.799999999999998 0.9870209826446559
2.7499999999999982 0.9864423951207304
2.6999999999999984 0.9858250264657654
2.6499999999999986 0.9851653848818411
2.5999999999999988 0.9844596074380705
2.549999999999999 0.9837032787380993
2.499999999999999 0.9828917444995412
2.4499999999999993 0.9820196027485777
2.3999999999999995 0.9810808003885461
2.3499999999999996 0.9800685677695996
2.3 0.9789753397975891
2.25 0.9777925144359485
2.2 0.976510375880698
2.1500000000000004 0.9751179731598385
2.1000000000000005 0.9736027371845842
2.0500000000000007 0.9719505388295058
2.000000000000001 0.970145081224998
1.9500000000000008 0.9681678862677443
1.9000000000000008 0.9659977327426641
1.8500000000000008 0.9636101170376622
1.8000000000000007 0.9609771159732463
1.7500000000000007 0.9580664656115382
1.7000000000000006 0.9548408574460633
1.6500000000000006 0.9512573539979285
1.6000000000000005 0.9472664369202206
1.5500000000000005 0.9428110031294755
1.5000000000000004 0.9378253683915267
1.4500000000000004 0.9322341712246872
1.4000000000000004 0.9259517128589887
1.3500000000000003 0.9188810522767856
1.3000000000000003 0.9109141943176939
1.2500000000000002 0.9019330019387627
1.2000000000000002 0.8918118139183412
1.1500000000000001 0.8804226181594679
1.1 0.8676435860676701
1.05 0.8533704184618065
1.0 0.8375278126081771
0.95 0.8200768204414429
0.8999999999999999 0.801016945597804
0.8499999999999999 0.7803847439066813
0.7999999999999998 0.7582505070270869
0.7499999999999998 0.7347069137409373
0.6999999999999997 0.7098493617575733
0.6499999999999997 0.6837575415823036
0.5999999999999996 0.6564815460137349
0.5499999999999996 0.6280088361356154
0.4999999999999996 0.5983423702863219
0.4499999999999996 0.5675837514354165
0.39999999999999963 0.5357568077241213
0.34999999999999964 0.5027925267170696
0.29999999999999966 0.46856501297604114
0.24999999999999967 0.43291064022032505
0.19999999999999968 0.39563672531028954
0.1499999999999997 0.3565285404857633
0.09999999999999969 0.3153353238023714
0.049999999999999684 0.2717686959000238
-3.191891195797325e-16 0.22547493260086918
-0.05000000000000032 0.17601176054875584
-0.10000000000000032 0.12280586906430586
-0.15000000000000033 0.0650861687010123
-0.20000000000000034 0.0017784655136205301
-0.25000000000000033 -0.06868666353801964
-0.3000000000000003 -0.14874091064242423
-0.3500000000000003 -0.24231552806584572
-0.4000000000000003 -0.35445836424466665
-0.4500000000000003 -0.4870303452302905
-0.5000000000000003 -0.63003958216874
-0.5500000000000004 -0.7588589873437575
-0.6000000000000004 -0.8522838747424627
-0.6500000000000005 -0.9084405425144215
-0.7000000000000005 -0.9374974587732059
-0.7500000000000006 -0.9516425922097577
-0.8000000000000006 -0.9583879230762586
-0.8500000000000006 -0.9615340690877436
-0.9000000000000007 -0.9628864589887549
-0.9500000000000007 -0.9637122026926476
-1.0000000000000007 -0.964690362999914
-1.0500000000000007 -0.9658881545741009
-1.1000000000000008 -0.9671865622575564
-1.1500000000000008 -0.9685097093024531
-1.2000000000000008 -0.9699064893691917
-1.2500000000000009 -0.9713280922569589
-1.300000000000001 -0.9727697261346103
-1.350000000000001 -0.9742085576016289
-1.400000000000001 -0.975603594839553
-1.450000000000001 -0.9769458090000565
-1.500000000000001 -0.9782127147753401
-1.5500000000000012 -0.9793995254305853
-1.6000000000000012 -0.980508178552513
-1.6500000000000012 -0.9815401886281204
-1.7000000000000013 -0.9825074836628052
-1.7500000000000013 -0.9833986807040062
-1.8000000000000014 -0.9842219266864047
-1.8500000000000014 -0.9849851599333699
-1.9000000000000015 -0.9856940989435637
-1.9500000000000015 -0.9863535552967707
-2.0000000000000013 -0.9869678249207924
-2.050000000000001 -0.9875407977842665
-2.100000000000001 -0.9880762415212044
-2.150000000000001 -0.9885773335147774
-2.2000000000000006 -0.9890469437652858
-2.2500000000000004 -0.9894876189917616
-2.3000000000000003 -0.9899018796113844
-2.35 -0.9902917758991556
-2.4 -0.9906591901934623
-2.4499999999999997 -0.9910058046756055
-2.4999999999999996 -0.991333186314336
-2.5499999999999994 -0.9916428982869149
-2.599999999999999 -0.991616794297091
-2.649999999999999 -0.9914394287259041
-2.699999999999999 -0.9911858114362118
-2.7499999999999987 -0.9908883410413188
-2.7999999999999985 -0.9905602045982286
-2.8499999999999983 -0.9902068943222304
-2.899999999999998 -0.9898301110349261
-2.949999999999998 -0.9894297396267578
-2.999999999999998 -0.9890045752940138
-2.949999999999998 -0.9885531954574039
-2.899999999999998 -0.9880736767291819
-2.8499999999999983 -0.9875637769726169
-2.7999999999999985 -0.9870209819175535
-2.7499999999999987 -0.9864423959192441
-2.699999999999999 -0.985825027135756
-2.649999999999999 -0.9851653849036928
-2.599999999999999 -0.9844596065244515
-2.5499999999999994 -0.9837032774538063
-2.4999999999999996 -0.9828917426020929
-2.4499999999999997 -0.9820196010180283
-2.4 -0.9810807991257826
-2.35 -0.9800685663824572
-2.3000000000000003 -0.9789753382561124
-2.2500000000000004 -0.9777925136727792
-2.2000000000000006 -0.9765103751654912
-2.150000000000001 -0.975117972894103
-2.100000000000001 -0.9736027357287156
-2.050000000000001 -0.9719505369163955
-2.0000000000000013 -0.970145079712229
-1.9500000000000013 -0.968167883037932
-1.9000000000000012 -0.9659977321523595
-1.8500000000000012 -0.9636101160088684
-1.8000000000000012 -0.9609771138137064
-1.750000000000001 -0.958066464047063
-1.700000000000001 -0.954840857767452
-1.650000000000001 -0.9512573537610278
-1.600000000000001 -0.947266438030577
-1.550000000000001 -0.9428110034834877
-1.5000000000000009 -0.9378253685257492
-1.4500000000000008 -0.9322341724626756
-1.4000000000000008 -0.9259517107526951
-1.3500000000000008 -0.9188810495521907
-1.3000000000000007 -0.9109141920441826
-1.2500000000000007 -0.9019330018533199
-1.2000000000000006 -0.891811814674094
-1.1500000000000006 -0.8804226144017846
-1.1000000000000005 -0.8676435816832097
-1.0500000000000005 -0.8533704128564611
-1.0000000000000004 -0.8375278057082876
-0.9500000000000004 -0.8200768072253359
-0.9000000000000004 -0.801016927825746
-0.8500000000000003 -0.7803847247326233
-0.8000000000000003 -0.7582504904990902
-0.7500000000000002 -0.7347069199039781
-0.7000000000000002 -0.7098495050547162
-0.6500000000000001 -0.6837588627176627
-0.6000000000000001 -0.6564951129980751
-0.55 -0.6281019371941964
-0.5 -0.5986101236852792
-0.45 -0.5680281990558136
-0.4 -0.5363319284740922
-0.35000000000000003 -0.5034584685739416
-0.30000000000000004 -0.4692968443362405
-0.25000000000000006 -0.4336941713268525
-0.20000000000000007 -0.3964641028308657
-0.15000000000000008 -0.3573954092512004
-0.10000000000000007 -0.31623921520407844
-0.05000000000000007 -0.27256724120850145
-6.938893903907228e-17 -0.22594921602721516
0.04999999999999993 -0.17626532942794657
0.09999999999999994 -0.12294333298997989
0.14999999999999994 -0.06516325405632795
0.19999999999999996 -0.0018231400774131842
0.24999999999999994 0.06866002896397932
0.29999999999999993 0.1487246662118782
0.3499999999999999 0.2423054992418688
0.3999999999999999 0.3544522871980174
0.4499999999999999 0.48702652212215874
0.4999999999999999 0.6300367592531566
0.5499999999999999 0.7588567683119211
0.6 0.8522819193621506
0.65 0.9084385418656206
0.7000000000000001 0.937495061218007
0.7500000000000001 0.9516399223516585
0.8000000000000002 0.9583838601079159
0.8500000000000002 0.9615303070133776
0.9000000000000002 0.9628830362773758
0.9500000000000003 0.9637089282743839
1.0000000000000002 0.9646880217592075
1.0500000000000003 0.9658874720364502
1.1000000000000003 0.9671873412240569
1.1500000000000004 0.9685118231671151
1.2000000000000004 0.9699095344224359
1.2500000000000004 0.9713345089362749
1.3000000000000005 0.9727845023219162
1.3500000000000005 0.9742184200556031
1.4000000000000006 0.9756176116054356
1.4500000000000006 0.9769615008665111
1.5000000000000007 0.9782312895150482
1.5500000000000007 0.9794190035223082
1.6000000000000008 0.9805274428634345
1.6500000000000008 0.9815574026806887
1.7000000000000008 0.9825133006299142
1.7500000000000009 0.9833998588694369
1.800000000000001 0.9842221378233186
1.850000000000001 0.9849851942422266
1.900000000000001 0.9856941030903271
1.950000000000001 0.9863535549728375
2.000000000000001 0.9869678234204794
2.0500000000000007 0.9875407969499834
2.1000000000000005 0.9880762410961873
2.1500000000000004 0.9885773332881608
2.2 0.98904694363325
2.25 0.9894876189056351
2.3 0.9899018797275247
2.3499999999999996 0.9902917759150496
2.3999999999999995 0.9906591902536226
2.4499999999999993 0.9910058046746442