
0 0.24803732556755453
0.05 0.2833821146282264
0.1 0.3201814538695459
0.15000000000000002 0.3587685505044473
0.2 0.399639247661204
0.25 0.4435387042320773
0.3 0.491634433050508
0.35 0.5458438101174614
0.39999999999999997 0.6083380311841364
0.44999999999999996 0.6799050328412404
0.49999999999999994 0.7564401883113145
0.5499999999999999 0.8251923256696113
0.6 0.8751261495652447
0.65 0.9067591072214827
0.7000000000000001 0.9253643815845228
0.7500000000000001 0.9365183763826455
0.8000000000000002 0.9437444780416545
0.8500000000000002 0.9487580051035617
0.9000000000000002 0.952524770419041
0.9500000000000003 0.9556260035267004
1.0000000000000002 0.9584234556486853
1.0500000000000003 0.9611000907884248
1.1000000000000003 0.963584090978443
1.1500000000000004 0.9658975138570058
1.2000000000000004 0.9680581193682025
1.2500000000000004 0.9700562416078835
1.3000000000000005 0.9719065903548032
1.3500000000000005 0.9736307001322023
1.4000000000000006 0.9752350837824733
1.4500000000000006 0.9767129732220338
1.5000000000000007 0.9780689724922542
1.5500000000000007 0.9793146663204828
1.6000000000000008 0.9804603643882611
1.6500000000000008 0.9815150125612193
1.7000000000000008 0.982487482687978
1.7500000000000009 0.9833842586062599
1.800000000000001 0.9842127609172444
1.850000000000001 0.9849795939116617
1.900000000000001 0.9856907915705636
1.950000000000001 0.986351619823182
2.000000000000001 0.9869667103477267
2.0500000000000007 0.9875401645665678
2.1000000000000005 0.9880758875995428
2.1500000000000004 0.9885771419831714
2.2 0.9890468447769872
2.25 0.9894875702308263
2.3 0.9899018599843428
2.3499999999999996 0.9902917721632714
2.3999999999999995 0.9906591938027822
2.4499999999999993 0.9910058121345101
2.499999999999999 0.9913331962123064
2.549999999999999 0.991642909076273
2.5999999999999988 0.9916168060123708
2.6499999999999986 0.9914394411278746
2.6999999999999984 0.9911858258995714
2.7499999999999982 0.9908883553540455
2.799999999999998 0.990560219556852
2.849999999999998 0.9902069102363091
2.8999999999999977 0.9898301268017098
2.9499999999999975 0.9894297563849126
2.9999999999999973 0.9890045924264934
2.9499999999999975 0.9885532132539739
2.8999999999999977 0.9880736935806045
2.849999999999998 0.9875637949822365
2.799999999999998 0.98702100167302
2.7499999999999982 0.9864424150460553
2.6999999999999984 0.9858250473710944
2.6499999999999986 0.9851654067991572
2.5999999999999988 0.9844596305099698
2.549999999999999 0.9837033030086905
2.499999999999999 0.9828917701222898
2.4499999999999993 0.9820196300233522
2.3999999999999995 0.9810808291360275
2.3499999999999996 0.9800685981845861
2.3 0.9789753720710211
2.25 0.9777925486524406
2.2 0.9765104124403557
2.1500000000000004 0.9751180122820694
2.1000000000000005 0.9736027791443386
2.0500000000000007 0.9719505835078892
2.000000000000001 0.9701451293989269
1.9500000000000008 0.9681679378807457
1.9000000000000008 0.9659977889317092
1.8500000000000008 0.9636101785802035
1.8000000000000007 0.9609771835387546
1.7500000000000007 0.9580665398909046
1.7000000000000006 0.9548409393035809
1.6500000000000006 0.9512574446540272
1.6000000000000005 0.9472665380876644
1.5500000000000005 0.9428111162164708
1.5000000000000004 0.9378254988526675
1.4500000000000004 0.932234315303079
1.4000000000000004 0.9259518719067492
1.3500000000000003 0.9188812320161768
1.3000000000000003 0.9109143963157688
1.2500000000000002 0.9019332232724979
1.2000000000000002 0.8918120557020972
1.1500000000000001 0.8804228804528481
1.1 0.8676438678430936
1.05 0.8533707147078609
1.0 0.8375281116351309
0.95 0.8200770939467859
0.8999999999999999 0.8010171380093977
0.8499999999999999 0.7803847584664456
0.7999999999999998 0.7582501834922272
0.7499999999999998 0.7347058002361598
0.6999999999999997 0.7098446048423798
0.6499999999999997 0.6837287939596839
0.5999999999999996 0.6563653489239994
0.5499999999999996 0.6278081168614862
0.4999999999999996 0.5981640589766003
0.4499999999999996 0.5674691614277241
0.39999999999999963 0.5356917962834805
0.34999999999999964 0.5027572490545206
0.29999999999999966 0.46854613920325466
0.24999999999999967 0.43290056121748444
0.19999999999999968 0.3956313271782144
0.1499999999999997 0.35652562038861507
0.09999999999999969 0.31533370343059425
0.049999999999999684 0.27176775059210123
-3.191891195797325e-16 0.2254743381489775
-0.05000000000000032 0.176011339350941
-0.10000000000000032 0.1228055287640262
-0.15000000000000033 0.06508584847796066
-0.20000000000000034 0.0017781349456817913
-0.25000000000000033 -0.06868702435172303
-0.3000000000000003 -0.14874131434384008
-0.3500000000000003 -0.24231597323862988
-0.4000000000000003 -0.35445890961897936
-0.4500000000000003 -0.48703101755483713
-0.5000000000000003 -0.6300403300397295
-0.5500000000000004 -0.7588596793434926
-0.6000000000000004 -0.8522843296564859
-0.6500000000000005 -0.908440813560224
-0.7000000000000005 -0.9374976059086116
-0.7500000000000006 -0.9516426730747809
-0.8000000000000006 -0.9583879135559791
-0.8500000000000006 -0.961534038031294
-0.9000000000000007 -0.9628864373303618
-0.9500000000000007 -0.9637121895567029
-1.0000000000000007 -0.9646903839322898
-1.0500000000000007 -0.9658881874285014
-1.1000000000000008 -0.9671866034905445
-1.1500000000000008 -0.9685097458932831
-1.2000000000000008 -0.9699065294307474
-1.2500000000000009 -0.971328128139445
-1.300000000000001 -0.9727697502614169
-1.350000000000001 -0.9742085933397795
-1.400000000000001 -0.9756036419460232
-1.450000000000001 -0.9769458512327868
-1.500000000000001 -0.9782127499244829
-1.5500000000000012 -0.9793995641305044
-1.6000000000000012 -0.9805081959673451
-1.6500000000000012 -0.9815400599333016
-1.7000000000000013 -0.9825075132588139
-1.7500000000000013 -0.983398708909372
-1.8000000000000014 -0.984221951581865
-1.8500000000000014 -0.9849851827039031
-1.9000000000000015 -0.9856941203008374
-1.9500000000000015 -0.9863535754948869
-2.0000000000000013 -0.9869678441371196
-2.050000000000001 -0.9875408160552995
-2.100000000000001 -0.9880762593877008
-2.150000000000001 -0.9885773503966733
-2.2000000000000006 -0.989046959795198
-2.2500000000000004 -0.9894876342382786
-2.3000000000000003 -0.9899018939797857
-2.35 -0.9902917897517464
-2.4 -0.9906592035365539
-2.4499999999999997 -0.9910058182507837
-2.4999999999999996 -0.9913331990324574
-2.5499999999999994 -0.9916429103671357
-2.599999999999999 -0.9916168064398265
-2.649999999999999 -0.9914394410695561
-2.699999999999999 -0.9911858240880757
-2.7499999999999987 -0.9908883541423582
-2.7999999999999985 -0.9905602181946818
-2.8499999999999983 -0.9902069084539
-2.899999999999998 -0.9898301257393628
-2.949999999999998 -0.9894297549412518
-2.999999999999998 -0.9890045913756843
-2.949999999999998 -0.9885532121586996
-2.899999999999998 -0.9880736941469866
-2.8499999999999983 -0.9875637951645282
-2.7999999999999985 -0.9870210009499266
-2.7499999999999987 -0.986442414696911
-2.699999999999999 -0.985825047338191
-2.649999999999999 -0.9851654059789258
-2.599999999999999 -0.984459629049006
-2.5499999999999994 -0.9837033014005548
-2.4999999999999996 -0.9828917679995388
-2.4499999999999997 -0.9820196277117181
-2.4 -0.9810808275682691
-2.35 -0.9800685966305647
-2.3000000000000003 -0.9789753704351493
-2.2500000000000004 -0.9777925479505785
-2.2000000000000006 -0.9765104117479826
-2.150000000000001 -0.9751180120223106
-2.100000000000001 -0.9736027776883783
-2.050000000000001 -0.9719505820372063
-2.0000000000000013 -0.970145128383655
-1.9500000000000013 -0.9681679350753811
-1.9000000000000012 -0.9659977888136693
-1.8500000000000012 -0.9636101774692597
-1.8000000000000012 -0.9609771814236054
-1.750000000000001 -0.9580665385563556
-1.700000000000001 -0.9548409364329923
-1.650000000000001 -0.9512574418315238
-1.600000000000001 -0.9472665367325914
-1.550000000000001 -0.9428111140698504
-1.5000000000000009 -0.9378254978384561
-1.4500000000000008 -0.9322343156481455
-1.4000000000000008 -0.925951870158408
-1.3500000000000008 -0.9188812309697123
-1.3000000000000007 -0.910914396206736
-1.2500000000000007 -0.9019332248456715
-1.2000000000000006 -0.8918120581976813
-1.1500000000000006 -0.8804228789354578
-1.1000000000000005 -0.867643865272808
-1.0500000000000005 -0.853370711165385
-1.0000000000000004 -0.8375281061752219
-0.9500000000000004 -0.8200770816012717
-0.9000000000000004 -0.8010171210031762
-0.8500000000000003 -0.7803847430775054
-0.8000000000000003 -0.7582501943544983
-0.7500000000000002 -0.734705983814625
-0.7000000000000002 -0.7098459678349864
-0.6500000000000001 -0.6837372932839847
-0.6000000000000001 -0.6563886227611585
-0.55 -0.6278340730905123
-0.5 -0.5981825342181226
-0.45 -0.5674802191655264
-0.4 -0.5356980234542094
-0.35000000000000003 -0.5027606882680133
-0.30000000000000004 -0.46854803831460623
-0.25000000000000006 -0.432901621820988
-0.20000000000000007 -0.3956319367282113
-0.15000000000000008 -0.3565259887513531
-0.10000000000000007 -0.31533394116793845
-0.05000000000000007 -0.2717679196545145
-6.938893903907228e-17 -0.22547447502747564
0.04999999999999993 -0.1760114637283055
0.09999999999999994 -0.12280565094069809
0.14999999999999994 -0.06508597601716345
0.19999999999999996 -0.0017782716194724058
0.24999999999999994 0.06868687166816674
0.29999999999999993 0.14874114371491334
0.3499999999999999 0.24231577792702294
0.3999999999999999 0.3544586831183273
0.4499999999999999 0.4870307500150114
0.4999999999999999 0.630040004532288
0.5499999999999999 0.7588592592713901
0.6 0.852283744278302
0.65 0.9084398990628546
0.7000000000000001 0.9374959966443944
0.7500000000000001 0.9516405729870029
0.8000000000000002 0.9583844356273244
0.8500000000000002 0.9615305429188166
0.9000000000000002 0.9628831591664768
0.9500000000000003 0.9637090007776155
1.0000000000000002 0.9646880965218861
1.0500000000000003 0.9658875357299849
1.1000000000000003 0.9671873977604026
1.1500000000000004 0.9685118696641184
1.2000000000000004 0.9699095791850959
1.2500000000000004 0.9713345506541633
1.3000000000000005 0.9727845377037094
1.3500000000000005 0.9742184771502209
1.4000000000000006 0.9756177290779556
1.4500000000000006 0.9769616945426051
1.5000000000000007 0.9782313888023949
1.5500000000000007 0.9794190590956813
1.6000000000000008 0.9805274803733371
1.6500000000000008 0.9815574327201574
1.7000000000000008 0.9825133275403608
1.7500000000000009 0.9833998847886217
1.800000000000001 0.9842221627181093
1.850000000000001 0.984985217331443
1.900000000000001 0.985694124699986
1.950000000000001 0.9863535753325818
2.000000000000001 0.9869678427363374
2.0500000000000007 0.987540815280879
2.1000000000000005 0.9880762588941363
2.1500000000000004 0.9885773501587122
2.2 0.9890469596693514
2.25 0.9894876341948657
2.3 0.9899018941189612
2.3499999999999996 0.990291789783018
2.3999999999999995 0.9906592036063074
2.4499999999999993 0.9910058182517808