0 -0.005113909139370365
0.05 0.0040789830997381375
0.1 0.022245883875939596
0.15000000000000002 0.0469487342327161
0.2 0.07586921629763015
0.25 0.10720220749123287
0.3 0.13964835809097634
0.35 0.17252924885338464
0.39999999999999997 0.20577835876417708
0.44999999999999996 0.23967161840534085
0.49999999999999994 0.2745745018827884
0.5499999999999999 0.3108071308114627
0.6 0.3487492662154692
0.65 0.38893266557562967
0.7000000000000001 0.4321495722928069
0.7500000000000001 0.47960298557282643
0.8000000000000002 0.5331548023726739
0.8500000000000002 0.5953596888639971
0.9000000000000002 0.6674677129000081
0.9500000000000003 0.7449763063885231
1.0000000000000002 0.8161832514719871
1.0500000000000003 0.8695944493051626
1.1000000000000003 0.9037990700276314
1.1500000000000004 0.9240407430656342
1.2000000000000004 0.9359086509703807
1.2500000000000004 0.9433198061166836
1.3000000000000005 0.9485225335463997
1.3500000000000005 0.9525973801908809
1.4000000000000006 0.9560204091172017
1.4500000000000006 0.9589878906556897
1.5000000000000007 0.9616451890065386
1.5500000000000007 0.9640860761967301
1.6000000000000008 0.9663539019624432
1.6500000000000008 0.9684826694138914
1.7000000000000008 0.9704583189838353
1.7500000000000009 0.9722905164678012
1.800000000000001 0.9739872228770219
1.850000000000001 0.9755523898683793
1.900000000000001 0.9769968681171843
1.950000000000001 0.9783263467505346
2.000000000000001 0.9795517580604703
2.0500000000000007 0.9806781339927155
2.1000000000000005 0.9817142363157156
2.1500000000000004 0.9826693426852244
2.2 0.983553891603627
2.25 0.9843694826282111
2.3 0.9851237946689875
2.3499999999999996 0.985823460720488
2.3999999999999995 0.9864737595473028
2.4499999999999993 0.9870792462954606
2.499999999999999 0.9876439594959842
2.549999999999999 0.9881717097175385
2.5999999999999988 0.9886656742076513
2.6499999999999986 0.9891286883303376
2.6999999999999984 0.9895632883030278
2.7499999999999982 0.9899719798967985
2.799999999999998 0.9903567487899899
2.849999999999998 0.9907194441311181
2.8999999999999977 0.9910617072588566
2.9499999999999975 0.9913850781216309
2.9999999999999973 0.9916910800476231
2.9499999999999975 0.9916660393038274
2.8999999999999977 0.9914914979377883
2.849999999999998 0.9912415013051719
2.799999999999998 0.9909481005334958
2.7499999999999982 0.9906244417597526
2.6999999999999984 0.9902759944941786
2.6499999999999986 0.989904489179899
2.5999999999999988 0.989509831361055
2.549999999999999 0.9890909057327716
2.499999999999999 0.9886462650409078
2.4499999999999993 0.9881740896123167
2.3999999999999995 0.987672227865211
2.3499999999999996 0.9871381912212849
2.3 0.9865691516534184
2.25 0.985962223135451
2.2 0.9853140396419339
2.1500000000000004 0.9846208050271879
2.1000000000000005 0.9838782703973441
2.0500000000000007 0.9830818914795306
2.000000000000001 0.9822264103357476
1.9500000000000008 0.9813059731625293
1.9000000000000008 0.9803140275335551
1.8500000000000008 0.97924323276079
1.8000000000000007 0.9780852159218616
1.7500000000000007 0.9768305906119781
1.7000000000000006 0.9754687410366976
1.6500000000000006 0.973987428203371
1.6000000000000005 0.9723730190654145
1.5500000000000005 0.9706097107491808
1.5000000000000004 0.9686795722465545
1.4500000000000004 0.9665620191260472
1.4000000000000004 0.9642334184903871
1.3500000000000003 0.9616666746537392
1.3000000000000003 0.9588304480908526
1.2500000000000002 0.9556887603811784
1.2000000000000002 0.9522000922067971
1.1500000000000001 0.9483166105230366
1.1 0.9439833616068553
1.05 0.9391372208235105
1.0 0.9337061225563336
0.95 0.9276081857866245
0.8999999999999999 0.9207514614492683
0.8499999999999999 0.913033897802726
0.7999999999999998 0.9043437414123733
0.7499999999999998 0.894561981821281
0.6999999999999997 0.8835651761844474
0.6499999999999997 0.8712305598431053
0.5999999999999996 0.8574423124086147
0.5499999999999996 0.8420991369844137
0.4999999999999996 0.8251224724613554
0.4499999999999996 0.8064650408759289
0.39999999999999963 0.7861208399676071
0.34999999999999964 0.76413537938331
0.29999999999999966 0.7406081773624086
0.24999999999999967 0.7156758425186492
0.19999999999999968 0.6894893063083332
0.1499999999999997 0.6621978664800803
0.09999999999999969 0.6339268393063777
0.049999999999999684 0.6047453297787018
-3.191891195797325e-16 0.5746453478434134
-0.05000000000000032 0.5435463201643688
-0.10000000000000032 0.5113160138752746
-0.15000000000000033 0.4777841384248426
-0.20000000000000034 0.44275168558924455
-0.25000000000000033 0.4060103668467324
-0.3000000000000003 0.36737014824212044
-0.3500000000000003 0.3266352246157505
-0.4000000000000003 0.28355747638063583
-0.4500000000000003 0.23779506789479488
-0.5000000000000003 0.1889036339263811
-0.5500000000000004 0.136306966647492
-0.6000000000000004 0.07923503027825503
-0.6500000000000005 0.016624478981661653
-0.7000000000000005 -0.05306135566078953
-0.7500000000000006 -0.13216493189463457
-0.8000000000000006 -0.22438367659875552
-0.8500000000000006 -0.33495658878072737
-0.9000000000000007 -0.4668035546212533
-0.9500000000000007 -0.6111929421989643
-1.0000000000000007 -0.7440738216825855
-1.0500000000000007 -0.8421735110049747
-1.1000000000000008 -0.9016671524706115
-1.1500000000000008 -0.933287626791012
-1.2000000000000008 -0.9491192026430154
-1.2500000000000009 -0.9569445127161499
-1.300000000000001 -0.9609274415985135
-1.350000000000001 -0.9631160546477582
-1.400000000000001 -0.9644929221221256
-1.450000000000001 -0.9656386545488965
-1.500000000000001 -0.966733268259652
-1.5500000000000012 -0.9678577384916455
-1.6000000000000012 -0.9690940657971806
-1.6500000000000012 -0.970414999344018
-1.7000000000000013 -0.9717882740366749
-1.7500000000000013 -0.9731916037823303
-1.8000000000000014 -0.9745881531870085
-1.8500000000000014 -0.975954556926506
-1.9000000000000015 -0.9772632534163121
-1.9500000000000015 -0.9785027371036715
-2.0000000000000013 -0.979665534645123
-2.050000000000001 -0.9807516719154556
-2.100000000000001 -0.9817620443893871
-2.150000000000001 -0.9827008666922518
-2.2000000000000006 -0.983571690371213
-2.2500000000000004 -0.9843797164810701
-2.3000000000000003 -0.985129821869613
-2.35 -0.9858270142771153
-2.4 -0.9864758419904925
-2.4499999999999997 -0.9870804439190244
-2.4999999999999996 -0.9876446450685162
-2.5499999999999994 -0.9881720963095408
-2.599999999999999 -0.9886658895268553
-2.649999999999999 -0.9891288034640562
-2.699999999999999 -0.9895633475606274
-2.7499999999999987 -0.9899720087866448
-2.7999999999999985 -0.9903567619974158
-2.8499999999999983 -0.9907194485878034
-2.899999999999998 -0.9910617083521104
-2.949999999999998 -0.9913850756505592
-2.999999999999998 -0.9916910761538746
-2.949999999999998 -0.9916660383032239
-2.899999999999998 -0.9914914970683841
-2.8499999999999983 -0.9912415008597836
-2.7999999999999985 -0.9909481002414856
-2.7499999999999987 -0.9906244423986371
-2.699999999999999 -0.9902759948825499
-2.649999999999999 -0.9899044906417459
-2.599999999999999 -0.9895098324890859
-2.5499999999999994 -0.9890909062043216
-2.4999999999999996 -0.988646265276839
-2.4499999999999997 -0.9881740914147352
-2.4 -0.9876722296249846
-2.35 -0.9871381929405519
-2.3000000000000003 -0.9865691539611655
-2.2500000000000004 -0.9859622247164984
-2.2000000000000006 -0.9853140413907376
-2.150000000000001 -0.9846208069614838
-2.100000000000001 -0.9838782728227095
-2.050000000000001 -0.9830818936642306
-2.0000000000000013 -0.9822264122991002
-1.9500000000000013 -0.9813059788020096
-1.9000000000000012 -0.9803140341045445
-1.8500000000000012 -0.9792432386194188
-1.8000000000000012 -0.9780852242443839
-1.750000000000001 -0.9768305993180201
-1.700000000000001 -0.9754687469497968
-1.650000000000001 -0.9739874338653184
-1.600000000000001 -0.9723730237275818
-1.550000000000001 -0.9706097180069352
-1.5000000000000009 -0.9686795822900467
-1.4500000000000008 -0.9665620305623914
-1.4000000000000008 -0.9642334271472628
-1.3500000000000008 -0.9616666837172161
-1.3000000000000007 -0.9588304579228552
-1.2500000000000007 -0.9556887730467641
-1.2000000000000006 -0.9522001106085922
-1.1500000000000006 -0.9483166285269797
-1.1000000000000005 -0.9439833819839312
-1.0500000000000005 -0.9391372432491493
-1.0000000000000004 -0.9337061434021721
-0.9500000000000004 -0.9276082105069194
-0.9000000000000004 -0.9207514878032624
-0.8500000000000003 -0.9130339261022821
-0.8000000000000003 -0.9043437698308813
-0.7500000000000002 -0.8945620083778533
-0.7000000000000002 -0.8835652052603191
-0.6500000000000001 -0.8712305867212757
-0.6000000000000001 -0.8574423360814856
-0.55 -0.8420991567316798
-0.5 -0.8251224882944963
-0.45 -0.8064650536800968
-0.4 -0.786120855429894
-0.35000000000000003 -0.7641354010480627
-0.30000000000000004 -0.7406082117766357
-0.25000000000000006 -0.7156758873375819
-0.20000000000000007 -0.6894893596541072
-0.15000000000000008 -0.6621979304116534
-0.10000000000000007 -0.6339269166365267
-0.05000000000000007 -0.604745450740836
-6.938893903907228e-17 -0.574645591827411
0.04999999999999993 -0.5435469427243208
0.09999999999999994 -0.5113179195551241
0.14999999999999994 -0.47779057960095916
0.19999999999999996 -0.44277309724337344
0.24999999999999994 -0.40606760943282455
0.29999999999999993 -0.3674692800263171
0.3499999999999999 -0.3267456343412362
0.3999999999999999 -0.28365002183642934
0.4499999999999999 -0.2378627638404289
0.4999999999999999 -0.18895066220042722
0.5499999999999999 -0.13633926467708046
0.6 -0.07925735299313862
0.65 -0.016640118807280974
0.7000000000000001 0.05305021004362025
0.7500000000000001 0.13215683739690015
0.8000000000000002 0.22437767536150385
0.8500000000000002 0.33495203498479936
0.9000000000000002 0.466799994480888
0.9500000000000003 0.6111900526234552
1.0000000000000002 0.7440713469213721
1.0500000000000003 0.8421711903009449
1.1000000000000003 0.9016646891281753
1.1500000000000004 0.9332843999144912
1.2000000000000004 0.9491147313564968
1.2500000000000004 0.956938886801334
1.3000000000000005 0.9609208861326644
1.3500000000000005 0.9631101438848277
1.4000000000000006 0.9644883602908897
1.4500000000000006 0.9656361070769015
1.5000000000000007 0.9667329216561468
1.5500000000000007 0.9678599469179813
1.6000000000000008 0.9690974179292915
1.6500000000000008 0.9704250321341209
1.7000000000000008 0.9718035313418429
1.7500000000000009 0.9732037000821018
1.800000000000001 0.9746011417664672
1.850000000000001 0.9759632939965943
1.900000000000001 0.9772726626929711
1.950000000000001 0.9785089438097534
2.000000000000001 0.9796686797822135
2.0500000000000007 0.9807524282126208
2.1000000000000005 0.9817622030150889
2.1500000000000004 0.9827009021153984
2.2 0.983571699898151
2.25 0.9843797199508381
2.3 0.9851298234409848
2.3499999999999996 0.9858270149851227
2.3999999999999995 0.9864758416253282
2.4499999999999993 0.9870804438165334
2.499999999999999 0.9876446450220873
2.549999999999999 0.9881720962497457
2.5999999999999988 0.9886658894583233
2.6499999999999986 0.9891288033595658
2.6999999999999984 0.9895633475546379
2.7499999999999982 0.9899720087438332
2.799999999999998 0.9903567619409483
2.849999999999998 0.990719448626263
2.8999999999999977 0.9910617084999469
2.9499999999999975 0.9913850756712379
2.9999999999999973 0.9916910761260674