0 0.026351400250659608
0.05 0.04025900265069797
0.1 0.06149656374833128
0.15000000000000002 0.08792637905463764
0.2 0.11743626658048519
0.25 0.14844058874726362
0.3 0.17999941229499028
0.35 0.21187053644175324
0.39999999999999997 0.24422309402514739
0.44999999999999996 0.2773912645400314
0.49999999999999994 0.3117166592362495
0.5499999999999999 0.34754028561980727
0.6 0.38528566100291783
0.65 0.4255754369867161
0.7000000000000001 0.46936024717010416
0.7500000000000001 0.5178033929378287
0.8000000000000002 0.5715135370680221
0.8500000000000002 0.6293137286298376
0.9000000000000002 0.6877739432630573
0.9500000000000003 0.7439375230843063
1.0000000000000002 0.7957730593631387
1.0500000000000003 0.8407017924351339
1.1000000000000003 0.8761065461180885
1.1500000000000004 0.9024938378813983
1.2000000000000004 0.9208310313511858
1.2500000000000004 0.9339243086635852
1.3000000000000005 0.9430205231680665
1.3500000000000005 0.9489971696654722
1.4000000000000006 0.9530811690801505
1.4500000000000006 0.9564742432851663
1.5000000000000007 0.9595602137107645
1.5500000000000007 0.9622246744831675
1.6000000000000008 0.9646464950762296
1.6500000000000008 0.9668604024598767
1.7000000000000008 0.9689244499536939
1.7500000000000009 0.9708565075516964
1.800000000000001 0.9726568465486373
1.850000000000001 0.9743270159131516
1.900000000000001 0.9758712310979414
1.950000000000001 0.9772955850325519
2.000000000000001 0.9786074782191443
2.0500000000000007 0.9798150470589484
2.1000000000000005 0.9809265676230968
2.1500000000000004 0.9819503254775929
2.2 0.98289420419518
2.25 0.9837655699675902
2.3 0.9845712667035683
2.3499999999999996 0.9853174444484948
2.3999999999999995 0.9860097331125625
2.4499999999999993 0.9866531993763253
2.499999999999999 0.9872523097162053
2.549999999999999 0.9878111368697066
2.5999999999999988 0.9883332291914827
2.6499999999999986 0.9888218197656551
2.6999999999999984 0.9892797563591557
2.7499999999999982 0.9897096290578389
2.799999999999998 0.9901137101026986
2.849999999999998 0.9904940550836898
2.8999999999999977 0.990852519991382
2.9499999999999975 0.9911907968081803
2.9999999999999973 0.9915103985583559
2.9499999999999975 0.9914810493253251
2.8999999999999977 0.9912965963617593
2.849999999999998 0.9910349070880502
2.799999999999998 0.9907280962606586
2.7499999999999982 0.9903895963450147
2.6999999999999984 0.9900246575843019
2.6499999999999986 0.9896348923968034
2.5999999999999988 0.9892201406802571
2.549999999999999 0.9887792719649485
2.499999999999999 0.9883106134755737
2.4499999999999993 0.9878121694301143
2.3999999999999995 0.9872815391195456
2.3499999999999996 0.9867160150753345
2.3 0.986112504207443
2.25 0.9854676839330877
2.2 0.9847778101899207
2.1500000000000004 0.9840386877730121
2.1000000000000005 0.9832456385174605
2.0500000000000007 0.9823934231921453
2.000000000000001 0.9814761590736213
1.9500000000000008 0.9804872849958072
1.9000000000000008 0.979419360589026
1.8500000000000008 0.9782640551715458
1.8000000000000007 0.9770119343972179
1.7500000000000007 0.9756522551169886
1.7000000000000006 0.9741729415905239
1.6500000000000006 0.9725602474726491
1.6000000000000005 0.9707984755895638
1.5500000000000005 0.9688697216933136
1.5000000000000004 0.9667535682854987
1.4500000000000004 0.9644266186150324
1.4000000000000004 0.9618620764129657
1.3500000000000003 0.9590292198472853
1.3000000000000003 0.9558928136283452
1.2500000000000002 0.952412470457159
1.2000000000000002 0.9485418483905398
1.1500000000000001 0.9442279730734825
1.1 0.9394104688740864
1.05 0.9340205142906409
1.0 0.9279807342031081
0.95 0.9212040460199697
0.8999999999999999 0.9135936041710266
0.8499999999999999 0.90504258156214
0.7999999999999998 0.8954349067647488
0.7499999999999998 0.8846464303149945
0.6999999999999997 0.8725481499055141
0.6499999999999997 0.8590112883891591
0.5999999999999996 0.8439166505956595
0.5499999999999996 0.8271711324241736
0.4999999999999996 0.8087361368673137
0.4499999999999996 0.7886576043893264
0.39999999999999963 0.7670580815135318
0.34999999999999964 0.7440834076106024
0.29999999999999966 0.719859184466332
0.24999999999999967 0.6944859378228144
0.19999999999999968 0.6680452434676586
0.1499999999999997 0.6405908996515971
0.09999999999999969 0.6121312750199557
0.049999999999999684 0.5826215941330691
-3.191891195797325e-16 0.5519718580117428
-0.05000000000000032 0.5200620881491498
-0.10000000000000032 0.486764030788938
-0.15000000000000033 0.45195252189939983
-0.20000000000000034 0.4154971489277281
-0.25000000000000033 0.37724023673451784
-0.3000000000000003 0.3369838063662534
-0.3500000000000003 0.2944803598990356
-0.4000000000000003 0.2494205737438828
-0.4500000000000003 0.2014131425920763
-0.5000000000000003 0.14995138387180854
-0.5500000000000004 0.09435718555930055
-0.6000000000000004 0.03368764800027742
-0.6500000000000005 -0.033430872050338595
-0.7000000000000005 -0.1091039535358272
-0.7500000000000006 -0.19658377550925848
-0.8000000000000006 -0.2989467795779206
-0.8500000000000006 -0.4140133129132406
-0.9000000000000007 -0.5343616922257055
-0.9500000000000007 -0.6486981644756024
-1.0000000000000007 -0.7476740036015714
-1.0500000000000007 -0.8242262129754727
-1.1000000000000008 -0.8767835973467084
-1.1500000000000008 -0.9102184734893984
-1.2000000000000008 -0.9312205462875983
-1.2500000000000009 -0.9447539860753117
-1.300000000000001 -0.9530116408997285
-1.350000000000001 -0.9578447254210273
-1.400000000000001 -0.9609640912352955
-1.450000000000001 -0.9633115312455729
-1.500000000000001 -0.9649679873823852
-1.5500000000000012 -0.9663397683531586
-1.6000000000000012 -0.9677108587493295
-1.6500000000000012 -0.9691044743520576
-1.7000000000000013 -0.9705070428884263
-1.7500000000000013 -0.9719479929326025
-1.8000000000000014 -0.9733909073405328
-1.8500000000000014 -0.9748110934773747
-1.9000000000000015 -0.9761859287243377
-1.9500000000000015 -0.9774977656623702
-2.0000000000000013 -0.9787361125691137
-2.050000000000001 -0.9798961218920803
-2.100000000000001 -0.9809772621639683
-2.150000000000001 -0.9819817811139552
-2.2000000000000006 -0.9829136235391287
-2.2500000000000004 -0.9837775272401004
-2.3000000000000003 -0.9845786026716103
-2.35 -0.9853219785030193
-2.4 -0.9860125637710957
-2.4499999999999997 -0.9866549869732002
-2.4999999999999996 -0.9872534896425136
-2.5499999999999994 -0.9878119370099837
-2.599999999999999 -0.9883338123505137
-2.649999999999999 -0.9888222770335949
-2.699999999999999 -0.9892801254294142
-2.7499999999999987 -0.989709916669603
-2.7999999999999985 -0.9901139507730127
-2.8499999999999983 -0.9904942748703984
-2.899999999999998 -0.990852728542523
-2.949999999999998 -0.9911909848043093
-2.999999999999998 -0.9915105665511615
-2.949999999999998 -0.9914812061866255
-2.899999999999998 -0.9912967479799091
-2.8499999999999983 -0.9910350521471731
-2.7999999999999985 -0.990728262546586
-2.7499999999999987 -0.9903897658712874
-2.699999999999999 -0.9900248368878116
-2.649999999999999 -0.9896350857476112
-2.599999999999999 -0.9892203714522327
-2.5499999999999994 -0.9887795200411887
-2.4999999999999996 -0.9883108905629402
-2.4499999999999997 -0.9878124692683231
-2.4 -0.9872818797245683
-2.35 -0.9867163891940782
-2.3000000000000003 -0.986112923965819
-2.2500000000000004 -0.9854681596779948
-2.2000000000000006 -0.9847783528607555
-2.150000000000001 -0.984039292286004
-2.100000000000001 -0.983246326991294
-2.050000000000001 -0.9823941987478041
-2.0000000000000013 -0.9814770325975286
-1.9500000000000013 -0.9804882509349292
-1.9000000000000012 -0.9794204450403668
-1.8500000000000012 -0.9782652651128149
-1.8000000000000012 -0.9770132735689364
-1.750000000000001 -0.975653747108829
-1.700000000000001 -0.9741746249541451
-1.650000000000001 -0.972562133184432
-1.600000000000001 -0.9708005978987481
-1.550000000000001 -0.9688720975911729
-1.5000000000000009 -0.966756220455853
-1.4500000000000008 -0.9644295985458463
-1.4000000000000008 -0.9618654022936706
-1.3500000000000008 -0.959032854290069
-1.3000000000000007 -0.9558968099819073
-1.2500000000000007 -0.9524168653693245
-1.2000000000000006 -0.9485467629700992
-1.1500000000000006 -0.9442334650880738
-1.1000000000000005 -0.9394165807892098
-1.0500000000000005 -0.9340275535027468
-1.0000000000000004 -0.9279890894125002
-0.9500000000000004 -0.9212142887565427
-0.9000000000000004 -0.9136065203959588
-0.8500000000000003 -0.9050593371101798
-0.8000000000000003 -0.8954572039057078
-0.7500000000000002 -0.8846767907665036
-0.7000000000000002 -0.8725900736099423
-0.6500000000000001 -0.8590696074887139
-0.6000000000000001 -0.8439974847590301
-0.55 -0.8272814799437491
-0.5 -0.8088826545658193
-0.45 -0.788845436146752
-0.4 -0.7672920069494232
-0.35000000000000003 -0.7443739276452543
-0.30000000000000004 -0.7202294420639187
-0.25000000000000006 -0.694969469220577
-0.20000000000000007 -0.6686710367625917
-0.15000000000000008 -0.6413679786962863
-0.10000000000000007 -0.6130418656444272
-0.05000000000000007 -0.5836159144351342
-6.938893903907228e-17 -0.5529618405858439
0.04999999999999993 -0.5209418710754946
0.09999999999999994 -0.4874651941037786
0.14999999999999994 -0.4524684361744991
0.19999999999999996 -0.4158588738175535
0.24999999999999994 -0.37748731868885077
0.29999999999999993 -0.3371505638942015
0.3499999999999999 -0.2945923778353355
0.3999999999999999 -0.24949576230245651
0.4499999999999999 -0.20146367922928188
0.4999999999999999 -0.1499859819641374
0.5499999999999999 -0.09438186854093641
0.6 -0.033707048309393674
0.65 0.033412162164802604
0.7000000000000001 0.10907986048938603
0.7500000000000001 0.1965575910918608
0.8000000000000002 0.29894509814183123
0.8500000000000002 0.4140312086704521
0.9000000000000002 0.5343867046982383
0.9500000000000003 0.6487266207586887
1.0000000000000002 0.7476992263069341
1.0500000000000003 0.8242357218185211
1.1000000000000003 0.8767884094947574
1.1500000000000004 0.9102239503155506
1.2000000000000004 0.9312215693902305
1.2500000000000004 0.9447535654791825
1.3000000000000005 0.9530139996096465
1.3500000000000005 0.9578552241833216
1.4000000000000006 0.9609855015138627
1.4500000000000006 0.9633259908972376
1.5000000000000007 0.9649698499745271
1.5500000000000007 0.9663402098534949
1.6000000000000008 0.9677116046301135
1.6500000000000008 0.9691050732914372
1.7000000000000008 0.9705073826504085
1.7500000000000009 0.9719482161147032
1.800000000000001 0.9733910546782871
1.850000000000001 0.9748111808795146
1.900000000000001 0.9761859763956836
1.950000000000001 0.9774977865939595
2.000000000000001 0.9787361201433883
2.0500000000000007 0.9798961236442589
2.1000000000000005 0.9809772646444311
2.1500000000000004 0.9819817811084515
2.2 0.9829136231093093
2.25 0.9837775243960035
2.3 0.9845785995755887
2.3499999999999996 0.9853219772734356
2.3999999999999995 0.9860125628152773
2.4499999999999993 0.9866549859327304
2.499999999999999 0.9872534890524263
2.549999999999999 0.9878119381929844
2.5999999999999988 0.9883338134746285
2.6499999999999986 0.988822277442085
2.6999999999999984 0.9892801244881
2.7499999999999982 0.9897099168016178
2.799999999999998 0.9901139503917156
2.849999999999998 0.9904942750161673
2.8999999999999977 0.9908527288845626
2.9499999999999975 0.99119098419405
2.9999999999999973 0.9915105667317161