0 -0.0026068138301788436
0.05 0.0079284585571227
0.1 0.027277418015649604
0.15000000000000002 0.05311868303239985
0.2 0.08272007188307692
0.25 0.11408957992761846
0.3 0.14649410884921946
0.35 0.17984870937734712
0.39999999999999997 0.21406533786034318
0.44999999999999996 0.2490723773331034
0.49999999999999994 0.2850893068906429
0.5499999999999999 0.3224387913529443
0.6 0.36147050553762117
0.65 0.4026973582439026
0.7000000000000001 0.4469621773976395
0.7500000000000001 0.4956738769480101
0.8000000000000002 0.5510596059639271
0.8500000000000002 0.6156685303219323
0.9000000000000002 0.6882915900211044
0.9500000000000003 0.7613804505750732
1.0000000000000002 0.8255042752280601
1.0500000000000003 0.872731351089181
1.1000000000000003 0.9032304885997593
1.1500000000000004 0.9219465212365877
1.2000000000000004 0.9333130365103143
1.2500000000000004 0.9409385788237195
1.3000000000000005 0.9466678264803441
1.3500000000000005 0.9511834093060014
1.4000000000000006 0.9548763183876443
1.4500000000000006 0.9579911827392168
1.5000000000000007 0.9607978859955234
1.5500000000000007 0.9633733206738709
1.6000000000000008 0.9657327003474716
1.6500000000000008 0.9679204451085797
1.7000000000000008 0.969948184557642
1.7500000000000009 0.9718285450610812
1.800000000000001 0.9735712283823388
1.850000000000001 0.9751740789884236
1.900000000000001 0.9766481843880965
1.950000000000001 0.978013059955508
2.000000000000001 0.979258086948379
2.0500000000000007 0.9804022618688047
2.1000000000000005 0.9814550096499723
2.1500000000000004 0.9824249632393015
2.2 0.9833200727320517
2.25 0.9841475108071247
2.3 0.984913760341342
2.3499999999999996 0.9856247473682329
2.3999999999999995 0.9862856824895383
2.4499999999999993 0.986901153411112
2.499999999999999 0.987475286304899
2.549999999999999 0.988011846309039
2.5999999999999988 0.9885140996233093
2.6499999999999986 0.988984914079932
2.6999999999999984 0.989426859211928
2.7499999999999982 0.989842435643768
2.799999999999998 0.9902336741428864
2.849999999999998 0.990602443548645
2.8999999999999977 0.990950419612579
2.9499999999999975 0.9912791755235322
2.9999999999999973 0.9915902423664812
2.9499999999999975 0.9915618615745869
2.8999999999999977 0.9913815381870144
2.849999999999998 0.9911251683269969
2.799999999999998 0.9908251374678201
2.7499999999999982 0.990494594497409
2.6999999999999984 0.9901389560410239
2.6499999999999986 0.9897598666962829
2.5999999999999988 0.9893571599822325
2.549999999999999 0.9889296322685133
2.499999999999999 0.9884758362297407
2.4499999999999993 0.9879938298780235
2.3999999999999995 0.9874814584232677
2.3499999999999996 0.9869361254291826
2.3 0.986354958020003
2.25 0.9857349800234037
2.2 0.9850727608650205
2.1500000000000004 0.9843644204801669
2.1000000000000005 0.9836055936350264
2.0500000000000007 0.9827916528214913
2.000000000000001 0.981917224269576
1.9500000000000008 0.9809763009322734
1.9000000000000008 0.9799621904972585
1.8500000000000008 0.9788674418831057
1.8000000000000007 0.9776834817035118
1.7500000000000007 0.9764006929519731
1.7000000000000006 0.9750084001893692
1.6500000000000006 0.9734939983224901
1.6000000000000005 0.971843646671537
1.5500000000000005 0.970041232156784
1.5000000000000004 0.9680685317537462
1.4500000000000004 0.9659046895845487
1.4000000000000004 0.9635255296989411
1.3500000000000003 0.9609034454134364
1.3000000000000003 0.9580064847587684
1.2500000000000002 0.9547979299275188
1.2000000000000002 0.9512352644221823
1.1500000000000001 0.947269170579803
1.1 0.942842888882474
1.05 0.9378909028998604
1.0 0.93233779577492
0.95 0.9260974735580537
0.8999999999999999 0.919072579939995
0.8499999999999999 0.9111548686221681
0.7999999999999998 0.9022264855473154
0.7499999999999998 0.8921633498155427
0.6999999999999997 0.88084025179833
0.6499999999999997 0.8681386328143967
0.5999999999999996 0.853955394056504
0.5499999999999996 0.8382104834359965
0.4999999999999996 0.8208538596363704
0.4499999999999996 0.8018703925360224
0.39999999999999963 0.7812847759990013
0.34999999999999964 0.7591678095463661
0.29999999999999966 0.7356355449060977
0.24999999999999967 0.7108202474736893
0.19999999999999968 0.6848118255226042
0.1499999999999997 0.6576382168887974
0.09999999999999969 0.6293327914395709
0.049999999999999684 0.5999472920099495
-3.191891195797325e-16 0.5694868076966897
-0.05000000000000032 0.5378977696210061
-0.10000000000000032 0.5051003276113414
-0.15000000000000033 0.4709885507241933
-0.20000000000000034 0.43541796093164037
-0.25000000000000033 0.3982056724566934
-0.3000000000000003 0.35913873663829066
-0.3500000000000003 0.31796375668928495
-0.4000000000000003 0.27438708057737415
-0.4500000000000003 0.228047366924753
-0.5000000000000003 0.17849131476783847
-0.5500000000000004 0.1251291137494619
-0.6000000000000004 0.06716516910473856
-0.6500000000000005 0.0034836918080352114
-0.7000000000000005 -0.067557022559275
-0.7500000000000006 -0.14852708201947704
-0.8000000000000006 -0.24351175325290966
-0.8500000000000006 -0.3579955041302591
-0.9000000000000007 -0.4928174931469337
-0.9500000000000007 -0.6347956393940466
-1.0000000000000007 -0.7603186332314698
-1.0500000000000007 -0.8501777589879846
-1.1000000000000008 -0.9038726337587485
-1.1500000000000008 -0.9332471565446938
-1.2000000000000008 -0.9482304605293226
-1.2500000000000009 -0.9556127577690842
-1.300000000000001 -0.9595115769537444
-1.350000000000001 -0.9617826334337296
-1.400000000000001 -0.963359953969219
-1.450000000000001 -0.964651178979782
-1.500000000000001 -0.9658139035978711
-1.5500000000000012 -0.9670541069574063
-1.6000000000000012 -0.9684004464586573
-1.6500000000000012 -0.9697986401384104
-1.7000000000000013 -0.9712545903181945
-1.7500000000000013 -0.9727066475286764
-1.8000000000000014 -0.9741510775210952
-1.8500000000000014 -0.9755612686415994
-1.9000000000000015 -0.97690143060148
-1.9500000000000015 -0.9781758211509537
-2.0000000000000013 -0.9793643395522188
-2.050000000000001 -0.9804696787421995
-2.100000000000001 -0.9814970293809891
-2.150000000000001 -0.9824508698021087
-2.2000000000000006 -0.9833358805123451
-2.2500000000000004 -0.9841570495683732
-2.3000000000000003 -0.9849194665358445
-2.35 -0.9856281211375864
-2.4 -0.986287659463102
-2.4499999999999997 -0.9869022955124028
-2.4999999999999996 -0.9874759370606755
-2.5499999999999994 -0.9880122142525303
-2.599999999999999 -0.988514302260783
-2.649999999999999 -0.988985023863348
-2.699999999999999 -0.989426915070985
-2.7499999999999987 -0.9898424630237403
-2.7999999999999985 -0.9902336874764325
-2.8499999999999983 -0.9906024482280884
-2.899999999999998 -0.9909504179064572
-2.949999999999998 -0.9912791718147235
-2.999999999999998 -0.9915902384509433
-2.949999999999998 -0.9915618599471165
-2.899999999999998 -0.991381537887678
-2.8499999999999983 -0.9911251680449107
-2.7999999999999985 -0.990825134532598
-2.7499999999999987 -0.9904945925562596
-2.699999999999999 -0.9901389547463044
-2.649999999999999 -0.9897598670192176
-2.599999999999999 -0.9893571585748527
-2.5499999999999994 -0.9889296316857455
-2.4999999999999996 -0.9884758340571645
-2.4499999999999997 -0.9879938295414218
-2.4 -0.9874814608685822
-2.35 -0.98693612855599
-2.3000000000000003 -0.9863549603706729
-2.2500000000000004 -0.9857349806809935
-2.2000000000000006 -0.9850727596933353
-2.150000000000001 -0.9843644192474398
-2.100000000000001 -0.9836055929922193
-2.050000000000001 -0.9827916534042365
-2.0000000000000013 -0.981917225772078
-1.9500000000000013 -0.9809763030493773
-1.9000000000000012 -0.9799621925718222
-1.8500000000000012 -0.9788674431963739
-1.8000000000000012 -0.9776834816583383
-1.750000000000001 -0.9764006924663088
-1.700000000000001 -0.9750084004547223
-1.650000000000001 -0.9734940010713846
-1.600000000000001 -0.9718436492491457
-1.550000000000001 -0.9700412360809846
-1.5000000000000009 -0.9680685382223531
-1.4500000000000008 -0.9659046951242661
-1.4000000000000008 -0.9635255334255244
-1.3500000000000008 -0.960903450378053
-1.3000000000000007 -0.9580064906087038
-1.2500000000000007 -0.9547979359796872
-1.2000000000000006 -0.9512352699154479
-1.1500000000000006 -0.947269173710119
-1.1000000000000005 -0.9428428869632276
-1.0500000000000005 -0.9378908981772008
-1.0000000000000004 -0.9323377878058189
-0.9500000000000004 -0.9260974605214337
-0.9000000000000004 -0.9190725690812057
-0.8500000000000003 -0.9111548591804702
-0.8000000000000003 -0.902226470424804
-0.7500000000000002 -0.8921633413718988
-0.7000000000000002 -0.880840249747047
-0.6500000000000001 -0.8681386289324136
-0.6000000000000001 -0.8539553907868151
-0.55 -0.8382104784565313
-0.5 -0.8208538486376432
-0.45 -0.8018703772612372
-0.4 -0.7812847525927381
-0.35000000000000003 -0.7591677838297203
-0.30000000000000004 -0.7356355256408529
-0.25000000000000006 -0.7108202405228535
-0.20000000000000007 -0.684811845896516
-0.15000000000000008 -0.657638271348052
-0.10000000000000007 -0.6293328674512774
-0.05000000000000007 -0.5999473692075459
-6.938893903907228e-17 -0.5694868719999945
0.04999999999999993 -0.5378978260563383
0.09999999999999994 -0.5051003780764476
0.14999999999999994 -0.47098861108608464
0.19999999999999996 -0.4354180359189845
0.24999999999999994 -0.3982057627721814
0.29999999999999993 -0.3591388431660336
0.3499999999999999 -0.31796387724447245
0.3999999999999999 -0.2743872141370858
0.4499999999999999 -0.22804751593909678
0.4999999999999999 -0.1784914800143233
0.5499999999999999 -0.12512930147236898
0.6 -0.06716537904389597
0.65 -0.0034839259911695433
0.7000000000000001 0.06755675978750118
0.7500000000000001 0.14852678683386372
0.8000000000000002 0.24351141544143706
0.8500000000000002 0.35799511632624936
0.9000000000000002 0.4928170425091964
0.9500000000000003 0.6347950919060121
1.0000000000000002 0.7603179291920068
1.0500000000000003 0.8501767637961019
1.1000000000000003 0.9038710498632203
1.1500000000000004 0.9332444869731078
1.2000000000000004 0.9482265931997116
1.2500000000000004 0.9556073795545521
1.3000000000000005 0.9595054707911513
1.3500000000000005 0.9617767126703156
1.4000000000000006 0.9633558343217913
1.4500000000000006 0.964649768868183
1.5000000000000007 0.9658158796393559
1.5500000000000007 0.9670605676050809
1.6000000000000008 0.9684115259839079
1.6500000000000008 0.9698283374359581
1.7000000000000008 0.9712714253005976
1.7500000000000009 0.9727299223577243
1.800000000000001 0.9741893164614016
1.850000000000001 0.9755895373286354
1.900000000000001 0.9769225793120053
1.950000000000001 0.9781827728603967
2.000000000000001 0.9793658750663278
2.0500000000000007 0.9804700040589274
2.1000000000000005 0.9814971081979812
2.1500000000000004 0.9824508954922405
2.2 0.9833358917965167
2.25 0.9841570554251836
2.3 0.9849194697493514
2.3499999999999996 0.985628122620705
2.3999999999999995 0.9862876602321046
2.4499999999999993 0.9869022959121736
2.499999999999999 0.9874759372437324
2.549999999999999 0.988012214311691
2.5999999999999988 0.9885143021748259
2.6499999999999986 0.9889850237371539
2.6999999999999984 0.9894269149744173
2.7499999999999982 0.9898424629255761
2.799999999999998 0.9902336875136077
2.849999999999998 0.9906024481716837
2.8999999999999977 0.9909504178354207
2.9499999999999975 0.9912791717389944
2.9999999999999973 0.9915902383749434