0 0.03195205803542261
0.05 0.041223497077450155
0.1 0.05958065908547001
0.15000000000000002 0.08459680776238636
0.2 0.11358061654626048
0.25 0.14428813542593744
0.3 0.17556448224448395
0.35 0.20706286422487455
0.39999999999999997 0.2388319039790617
0.44999999999999996 0.27120665169373004
0.49999999999999994 0.3045952859242454
0.5499999999999999 0.3393373422407777
0.6 0.3758131435312792
0.65 0.41454795625636925
0.7000000000000001 0.45627134112860135
0.7500000000000001 0.5020932294201002
0.8000000000000002 0.5537580279729639
0.8500000000000002 0.6135465060700849
0.9000000000000002 0.6827874831113242
0.9500000000000003 0.7572240518929749
1.0000000000000002 0.824582770428138
1.0500000000000003 0.873776840335895
1.1000000000000003 0.9048576428583064
1.1500000000000004 0.9231772984938613
1.2000000000000004 0.9345431381218189
1.2500000000000004 0.942470782804718
1.3000000000000005 0.9483843287515312
1.3500000000000005 0.9529323754257345
1.4000000000000006 0.9564596016464002
1.4500000000000006 0.9593932591795248
1.5000000000000007 0.9619943005026912
1.5500000000000007 0.9643681490042935
1.6000000000000008 0.9665991193995643
1.6500000000000008 0.9686734271618118
1.7000000000000008 0.9705973056009963
1.7500000000000009 0.9723905540330304
1.800000000000001 0.9740521317192822
1.850000000000001 0.9755923725124772
1.900000000000001 0.9770237421198087
1.950000000000001 0.9783440488261825
2.000000000000001 0.9795554220169402
2.0500000000000007 0.9806699851247024
2.1000000000000005 0.9816970844353368
2.1500000000000004 0.9826446714349549
2.2 0.9835200014317607
2.25 0.9843297948822654
2.3 0.9850801491482857
2.3499999999999996 0.9857767588256537
2.3999999999999995 0.9864246425185188
2.4499999999999993 0.9870282136969419
2.499999999999999 0.9875914433424796
2.549999999999999 0.9881180539437573
2.5999999999999988 0.9886111824708376
2.6499999999999986 0.9890736125495132
2.6999999999999984 0.9895078374565146
2.7499999999999982 0.9899163157988148
2.799999999999998 0.9903010452942388
2.849999999999998 0.9906638501203159
2.8999999999999977 0.9910063444065823
2.9499999999999975 0.9913300275786074
2.9999999999999973 0.9916364162034729
2.9499999999999975 0.9916097416989822
2.8999999999999977 0.9914333063609899
2.849999999999998 0.9911817182854209
2.799999999999998 0.9908870305476664
2.7499999999999982 0.990562316397267
2.6999999999999984 0.9902130036230083
2.6499999999999986 0.9898407413860891
2.5999999999999988 0.9894454379587883
2.549999999999999 0.9890259670380885
2.499999999999999 0.9885809192765248
2.4499999999999993 0.9881084615831259
2.3999999999999995 0.9876064559373389
2.3499999999999996 0.9870724133962735
2.3 0.986503593308514
2.25 0.9858970948300582
2.2 0.9852495492403617
2.1500000000000004 0.9845572619199764
2.1000000000000005 0.9838160215886621
2.0500000000000007 0.9830212929541985
2.000000000000001 0.9821679318721499
1.9500000000000008 0.9812501356210036
1.9000000000000008 0.9802613827149818
1.8500000000000008 0.9791944484404296
1.8000000000000007 0.9780410905548339
1.7500000000000007 0.9767919555546682
1.7000000000000006 0.9754366444134978
1.6500000000000006 0.9739629943537549
1.6000000000000005 0.9723575567059037
1.5500000000000005 0.9706046764433736
1.5000000000000004 0.9686866159938093
1.4500000000000004 0.9665830494803005
1.4000000000000004 0.9642705188246459
1.3500000000000003 0.9617220905718366
1.3000000000000003 0.9589067931293149
1.2500000000000002 0.9557887309054508
1.2000000000000002 0.9523267396411373
1.1500000000000001 0.9484730271550594
1.1 0.9441725461878132
1.05 0.9393622814731838
1.0 0.9339697136619531
0.95 0.9279124251684827
0.8999999999999999 0.9210975948995745
0.8499999999999999 0.9134217564367065
0.7999999999999998 0.9047718211052763
0.7499999999999998 0.8950270105442131
0.6999999999999997 0.8840627917062152
0.6499999999999997 0.8717570921827769
0.5999999999999996 0.8579989919439807
0.5499999999999996 0.8427001298342602
0.4999999999999996 0.8258063606463503
0.4499999999999996 0.8073045110442166
0.39999999999999963 0.7872199223291365
0.34999999999999964 0.7656056096972778
0.29999999999999966 0.7425332652294903
0.24999999999999967 0.7180945110486988
0.19999999999999968 0.6924042063808908
0.1499999999999997 0.6655900101660469
0.09999999999999969 0.637758186167849
0.049999999999999684 0.608950197734797
-3.191891195797325e-16 0.5791321681979569
-0.05000000000000032 0.5482252490981103
-0.10000000000000032 0.5161343928842776
-0.15000000000000033 0.4827423802443826
-0.20000000000000034 0.4478988870182593
-0.25000000000000033 0.41141883285454856
-0.3000000000000003 0.3730888224252444
-0.3500000000000003 0.3326554984989734
-0.4000000000000003 0.2898254266035735
-0.4500000000000003 0.24423667757550824
-0.5000000000000003 0.19543635256342293
-0.5500000000000004 0.14283649372267984
-0.6000000000000004 0.08564666272452598
-0.6500000000000005 0.022766516616116093
-0.7000000000000005 -0.04740803874020805
-0.7500000000000006 -0.12736029787786576
-0.8000000000000006 -0.2210585176633885
-0.8500000000000006 -0.3334545463255725
-0.9000000000000007 -0.4676938877864173
-0.9500000000000007 -0.6149300377218939
-1.0000000000000007 -0.7491299992697757
-1.0500000000000007 -0.8458462143686261
-1.1000000000000008 -0.9032357796028576
-1.1500000000000008 -0.9334754614010043
-1.2000000000000008 -0.948531030968721
-1.2500000000000009 -0.9562856277620151
-1.300000000000001 -0.9606575460966318
-1.350000000000001 -0.9631135357244113
-1.400000000000001 -0.9645636865666921
-1.450000000000001 -0.9656830573210236
-1.500000000000001 -0.9667641554910767
-1.5500000000000012 -0.9678798850824952
-1.6000000000000012 -0.9690992461985561
-1.6500000000000012 -0.9704254949659644
-1.7000000000000013 -0.9718089892478621
-1.7500000000000013 -0.9732102174222595
-1.8000000000000014 -0.9746034316307642
-1.8500000000000014 -0.9759599598236869
-1.9000000000000015 -0.9772565653058934
-1.9500000000000015 -0.97848641498311
-2.0000000000000013 -0.9796384513563259
-2.050000000000001 -0.9807153504396704
-2.100000000000001 -0.9817186009234933
-2.150000000000001 -0.9826513255829487
-2.2000000000000006 -0.983517368976284
-2.2500000000000004 -0.9843217334372351
-2.3000000000000003 -0.9850722666333241
-2.35 -0.9857768663275636
-2.4 -0.9864259468519349
-2.4499999999999997 -0.9870291855066573
-2.4999999999999996 -0.98759203440045
-2.5499999999999994 -0.9881183906079427
-2.599999999999999 -0.9886113689903748
-2.649999999999999 -0.9890737131506473
-2.699999999999999 -0.9895078877887686
-2.7499999999999987 -0.9899163415671551
-2.7999999999999985 -0.9903010559117505
-2.8499999999999983 -0.9906638524183682
-2.899999999999998 -0.9910063441889317
-2.949999999999998 -0.9913300251425133
-2.999999999999998 -0.9916364124242004
-2.949999999999998 -0.9916097390479621
-2.899999999999998 -0.9914333060467175
-2.8499999999999983 -0.9911817169424912
-2.7999999999999985 -0.9908870304644616
-2.7499999999999987 -0.9905623147682888
-2.699999999999999 -0.9902130019362103
-2.649999999999999 -0.9898407417628269
-2.599999999999999 -0.9894454380840438
-2.5499999999999994 -0.9890259662100133
-2.4999999999999996 -0.9885809210696244
-2.4499999999999997 -0.9881084630995616
-2.4 -0.9876064566751809
-2.35 -0.9870724138457738
-2.3000000000000003 -0.9865035942462216
-2.2500000000000004 -0.9858970960301833
-2.2000000000000006 -0.9852495507489089
-2.150000000000001 -0.9845572631319099
-2.100000000000001 -0.9838160227386955
-2.050000000000001 -0.9830212947736798
-2.0000000000000013 -0.9821679345508392
-1.9500000000000013 -0.9812501373110991
-1.9000000000000012 -0.9802613843335158
-1.8500000000000012 -0.9791944514250681
-1.8000000000000012 -0.9780410936422282
-1.750000000000001 -0.9767919582041991
-1.700000000000001 -0.9754366480085218
-1.650000000000001 -0.9739629998379362
-1.600000000000001 -0.9723575655676624
-1.550000000000001 -0.9706046863959831
-1.5000000000000009 -0.968686627080834
-1.4500000000000008 -0.9665830604641901
-1.4000000000000008 -0.9642705273874931
-1.3500000000000008 -0.961722104177359
-1.3000000000000007 -0.9589068058514271
-1.2500000000000007 -0.9557887436980258
-1.2000000000000006 -0.9523267534100343
-1.1500000000000006 -0.9484730441415747
-1.1000000000000005 -0.9441725704550791
-1.0500000000000005 -0.9393623094620758
-1.0000000000000004 -0.9339697420014322
-0.9500000000000004 -0.9279124577664339
-0.9000000000000004 -0.921097623955274
-0.8500000000000003 -0.9134217879325766
-0.8000000000000003 -0.9047718470576233
-0.7500000000000002 -0.8950270337383299
-0.7000000000000002 -0.8840628141098861
-0.6500000000000001 -0.8717571097141378
-0.6000000000000001 -0.8579990119472326
-0.55 -0.8427001474972575
-0.5 -0.8258063811320486
-0.45 -0.8073045402850317
-0.4 -0.7872199672352113
-0.35000000000000003 -0.7656056782342896
-0.30000000000000004 -0.7425333579336836
-0.25000000000000006 -0.7180946236279836
-0.20000000000000007 -0.6924043304807813
-0.15000000000000008 -0.665590134652387
-0.10000000000000007 -0.6377583046048183
-0.05000000000000007 -0.6089503060844971
-6.938893903907228e-17 -0.5791322619990347
0.04999999999999993 -0.5482253322779996
0.09999999999999994 -0.5161344734160062
0.14999999999999994 -0.4827424713842754
0.19999999999999996 -0.44789899105421327
0.24999999999999994 -0.41141895244636445
0.29999999999999993 -0.37308895415883586
0.3499999999999999 -0.3326556461060977
0.3999999999999999 -0.2898255883976963
0.4499999999999999 -0.24423685800839276
0.4999999999999999 -0.19543655135458485
0.5499999999999999 -0.14283671229452588
0.6 -0.08564690473046414
0.65 -0.022766782023442324
0.7000000000000001 0.04740774371294777
0.7500000000000001 0.12735996890817905
0.8000000000000002 0.221058145707887
0.8500000000000002 0.3334541244435043
0.9000000000000002 0.4676933981360777
0.9500000000000003 0.6149294488639195
1.0000000000000002 0.7491292527040729
1.0500000000000003 0.8458451959037497
1.1000000000000003 0.9032341916017842
1.1500000000000004 0.9334729733954894
1.2000000000000004 0.9485271632163862
1.2500000000000004 0.9562801225956766
1.3000000000000005 0.9606515446099524
1.3500000000000005 0.9631082401593142
1.4000000000000006 0.9645597889917229
1.4500000000000006 0.9656813002399535
1.5000000000000007 0.9667645907352972
1.5500000000000007 0.9678832385737737
1.6000000000000008 0.9691113609344612
1.6500000000000008 0.9704406972196322
1.7000000000000008 0.9718292746865704
1.7500000000000009 0.9732297196696973
1.800000000000001 0.9746243077714445
1.850000000000001 0.975982327380312
1.900000000000001 0.9772779574711655
1.950000000000001 0.97850403708348
2.000000000000001 0.9796559202772416
2.0500000000000007 0.9807327899557917
2.1000000000000005 0.9817360292432162
2.1500000000000004 0.9826687371807161
2.2 0.9835347008478612
2.25 0.9843386646609745
2.3 0.985085455125664
2.3499999999999996 0.9857798982367351
2.3999999999999995 0.9864264790269686
2.4499999999999993 0.9870292694301386
2.499999999999999 0.9875920451692707
2.549999999999999 0.9881183908125181
2.5999999999999988 0.988611368253101
2.6499999999999986 0.9890737126638068
2.6999999999999984 0.9895078874446191
2.7499999999999982 0.9899163412974318
2.799999999999998 0.9903010556897084
2.849999999999998 0.9906638522818162
2.8999999999999977 0.9910063442306007
2.9499999999999975 0.9913300251171596
2.9999999999999973 0.9916364123457516