0 0.04807956533912968
0.05 0.05719213783985807
0.1 0.07507095724524503
0.15000000000000002 0.0984451078208738
0.2 0.12463160916722157
0.25 0.15234481782154194
0.3 0.18117934318904155
0.35 0.21107000011985919
0.39999999999999997 0.24204683083164308
0.44999999999999996 0.27421578181061745
0.49999999999999994 0.3077507032576655
0.5499999999999999 0.34283970174316725
0.6 0.3797382586531942
0.65 0.4189151992962423
0.7000000000000001 0.4611322034395708
0.7500000000000001 0.5075878319214069
0.8000000000000002 0.5600284199809975
0.8500000000000002 0.6202811676726615
0.9000000000000002 0.6889082766203481
0.9500000000000003 0.7611923290048244
1.0000000000000002 0.8261478728906332
1.0500000000000003 0.8743315023918721
1.1000000000000003 0.9052600160697446
1.1500000000000004 0.9236204242497026
1.2000000000000004 0.9347014586190263
1.2500000000000004 0.9420772151667416
1.3000000000000005 0.9473097839585909
1.3500000000000005 0.9514276372331215
1.4000000000000006 0.9549961970659869
1.4500000000000006 0.9582963369515474
1.5000000000000007 0.9610874853152002
1.5500000000000007 0.963531576136988
1.6000000000000008 0.9657893063987262
1.6500000000000008 0.9678894089354443
1.7000000000000008 0.9698654493521554
1.7500000000000009 0.9717118583692224
1.800000000000001 0.9734279485673965
1.850000000000001 0.9750240319452059
1.900000000000001 0.9764964571177221
1.950000000000001 0.977854456156753
2.000000000000001 0.979110875813054
2.0500000000000007 0.9802645138937465
2.1000000000000005 0.9813257090047246
2.1500000000000004 0.9823039687267113
2.2 0.9832070705545031
2.25 0.9840420977279922
2.3 0.9848153417607131
2.3499999999999996 0.9855327407731955
2.3999999999999995 0.9861995441114313
2.4499999999999993 0.9868203392751387
2.499999999999999 0.9873992511995208
2.549999999999999 0.9879401569217362
2.5999999999999988 0.988446333716312
2.6499999999999986 0.9889207270116305
2.6999999999999984 0.9893658901410767
2.7499999999999982 0.9897844303276737
2.799999999999998 0.9901784313453746
2.849999999999998 0.9905497456055441
2.8999999999999977 0.9909000476469842
2.9499999999999975 0.99123094708836
2.9999999999999973 0.991543991427887
2.9499999999999975 0.9915150190209917
2.8999999999999977 0.9913331473150647
2.849999999999998 0.9910748478335191
2.799999999999998 0.9907726255014595
2.7499999999999982 0.9904397507916443
2.6999999999999984 0.9900816327229899
2.6499999999999986 0.989699872752951
2.5999999999999988 0.9892942666016634
2.549999999999999 0.9888635950286616
2.499999999999999 0.9884063800304045
2.4499999999999993 0.9879207157613417
2.3999999999999995 0.9874043319330247
2.3499999999999996 0.986854619466313
2.3 0.9862687003280278
2.25 0.9856435435915226
2.2 0.9849755759836525
2.1500000000000004 0.9842608337088985
2.1000000000000005 0.9834950138242734
2.0500000000000007 0.9826733141006482
2.000000000000001 0.9817902745558236
1.9500000000000008 0.9808397431571417
1.9000000000000008 0.9798148731899232
1.8500000000000008 0.9787080617290844
1.8000000000000007 0.9775105898835104
1.7500000000000007 0.9762126114993922
1.7000000000000006 0.9748030749455452
1.6500000000000006 0.9732691959060784
1.6000000000000005 0.9715968032708722
1.5500000000000005 0.9697694557050446
1.5000000000000004 0.9677685184242935
1.4500000000000004 0.9655725075717867
1.4000000000000004 0.9631569805839341
1.3500000000000003 0.9604938059857507
1.3000000000000003 0.9575507373182307
1.2500000000000002 0.9542905883266484
1.2000000000000002 0.9506707122783431
1.1500000000000001 0.9466422204809666
1.1 0.9421488194672122
1.05 0.9371263449820846
1.0 0.9315014927776336
0.95 0.9251912870616095
0.8999999999999999 0.918102283715878
0.8499999999999999 0.9101306380016055
0.7999999999999998 0.9011620787736437
0.7499999999999998 0.8910734164526359
0.6999999999999997 0.8797344660928176
0.6499999999999997 0.8670120018074671
0.5999999999999996 0.8527765521940626
0.5499999999999996 0.8369186606550766
0.4999999999999996 0.8193696057724333
0.4499999999999996 0.8001183319731929
0.39999999999999963 0.7792175848918931
0.34999999999999964 0.7567786549611465
0.29999999999999966 0.7329444390499467
0.24999999999999967 0.7078638862615895
0.19999999999999968 0.6816806816006982
0.1499999999999997 0.6544986225684436
0.09999999999999969 0.6263604007311172
0.049999999999999684 0.5972603764042933
-3.191891195797325e-16 0.5671452321186287
-0.05000000000000032 0.5359167273773028
-0.10000000000000032 0.5034463597899135
-0.15000000000000033 0.46958717907155584
-0.20000000000000034 0.4341792402082707
-0.25000000000000033 0.3970441043261801
-0.3000000000000003 0.35798248523100296
-0.3500000000000003 0.3167550404380031
-0.4000000000000003 0.27307929861886326
-0.4500000000000003 0.2266013332482595
-0.5000000000000003 0.1768732423615348
-0.5500000000000004 0.12330845732915355
-0.6000000000000004 0.06511334332288364
-0.6500000000000005 0.0011747312876279714
-0.7000000000000005 -0.0701443210161891
-0.7500000000000006 -0.15140456511439543
-0.8000000000000006 -0.2466674211302061
-0.8500000000000006 -0.3605114422022274
-0.9000000000000007 -0.4937767502337165
-0.9500000000000007 -0.6360425524386718
-1.0000000000000007 -0.764351531927989
-1.0500000000000007 -0.8566234166119872
-1.1000000000000008 -0.9104322223799797
-1.1500000000000008 -0.9375800280888548
-1.2000000000000008 -0.9500341018866157
-1.2500000000000009 -0.9557078495312314
-1.300000000000001 -0.9586808592066935
-1.350000000000001 -0.9608534188277713
-1.400000000000001 -0.9625961965517108
-1.450000000000001 -0.9642459221797106
-1.500000000000001 -0.9655940371496035
-1.5500000000000012 -0.9668859921886341
-1.6000000000000012 -0.9682356626516369
-1.6500000000000012 -0.9696009586191733
-1.7000000000000013 -0.9710426735988904
-1.7500000000000013 -0.9725183283502591
-1.8000000000000014 -0.9739703255844996
-1.8500000000000014 -0.975375111022859
-1.9000000000000015 -0.9767246347168154
-1.9500000000000015 -0.9780032198114106
-2.0000000000000013 -0.9792057906505237
-2.050000000000001 -0.9803244380517109
-2.100000000000001 -0.9813630247640203
-2.150000000000001 -0.982326969624777
-2.2000000000000006 -0.9832210967188045
-2.2500000000000004 -0.9840505535654053
-2.3000000000000003 -0.9848203986067954
-2.35 -0.9855357373397325
-2.4 -0.9862012923007079
-2.4499999999999997 -0.9868213491389622
-2.4999999999999996 -0.9873998315785066
-2.5499999999999994 -0.9879404854346449
-2.599999999999999 -0.9884465150192189
-2.649999999999999 -0.9889208193891283
-2.699999999999999 -0.9893659365907121
-2.7499999999999987 -0.9897844521598147
-2.7999999999999985 -0.990178440486436
-2.8499999999999983 -0.9905497481593878
-2.899999999999998 -0.9909000464328316
-2.949999999999998 -0.99123094503186
-2.999999999999998 -0.9915439883775372
-2.949999999999998 -0.9915150139211218
-2.899999999999998 -0.9913331422882595
-2.8499999999999983 -0.9910748453792666
-2.7999999999999985 -0.9907726249532904
-2.7499999999999987 -0.9904397520545941
-2.699999999999999 -0.9900816347551468
-2.649999999999999 -0.9896998731581631
-2.599999999999999 -0.9892942696902086
-2.5499999999999994 -0.9888635955540699
-2.4999999999999996 -0.9884063793982093
-2.4499999999999997 -0.9879207152752146
-2.4 -0.9874043335484453
-2.35 -0.9868546209168314
-2.3000000000000003 -0.9862687022201366
-2.2500000000000004 -0.985643547688917
-2.2000000000000006 -0.984975580230054
-2.150000000000001 -0.9842608361831635
-2.100000000000001 -0.9834950175822067
-2.050000000000001 -0.9826733158588256
-2.0000000000000013 -0.9817902761909857
-1.9500000000000013 -0.9808397448187286
-1.9000000000000012 -0.9798148765476595
-1.8500000000000012 -0.9787080648789163
-1.8000000000000012 -0.977510594879727
-1.750000000000001 -0.9762126147781444
-1.700000000000001 -0.9748030785891996
-1.650000000000001 -0.9732692005000191
-1.600000000000001 -0.9715968062677877
-1.550000000000001 -0.9697694613350012
-1.5000000000000009 -0.9677685250045927
-1.4500000000000008 -0.9655725140980723
-1.4000000000000008 -0.9631569877297738
-1.3500000000000008 -0.9604938217969113
-1.3000000000000007 -0.9575507521203408
-1.2500000000000007 -0.9542906029836185
-1.2000000000000006 -0.950670727198969
-1.1500000000000006 -0.9466422350591472
-1.1000000000000005 -0.9421488428132444
-1.0500000000000005 -0.9371263688910038
-1.0000000000000004 -0.931501517749207
-0.9500000000000004 -0.9251913141198568
-0.9000000000000004 -0.9181023126448915
-0.8500000000000003 -0.9101306682000094
-0.8000000000000003 -0.9011621131685585
-0.7500000000000002 -0.8910734563134275
-0.7000000000000002 -0.8797345071979311
-0.6500000000000001 -0.8670120448828736
-0.6000000000000001 -0.8527765979825189
-0.55 -0.836918712395292
-0.5 -0.8193696641846666
-0.45 -0.8001183996284846
-0.4 -0.7792176673831827
-0.35000000000000003 -0.7567787461428281
-0.30000000000000004 -0.7329445326764472
-0.25000000000000006 -0.7078639637902162
-0.20000000000000007 -0.6816807247801854
-0.15000000000000008 -0.6544986154992123
-0.10000000000000007 -0.6263603689681716
-0.05000000000000007 -0.5972603483994102
-6.938893903907228e-17 -0.5671452305365748
0.04999999999999993 -0.5359167536515089
0.09999999999999994 -0.5034464127491464
0.14999999999999994 -0.46958725636607646
0.19999999999999996 -0.4341793355337751
0.24999999999999994 -0.3970442137906999
0.29999999999999993 -0.357982610051136
0.3499999999999999 -0.3167551778590926
0.3999999999999999 -0.27307945165923436
0.4499999999999999 -0.22660150317799646
0.4999999999999999 -0.17687342868643027
0.5499999999999999 -0.12330866544150366
0.6 -0.06511357610449647
0.65 -0.0011749891327369954
0.7000000000000001 0.07014402805326342
0.7500000000000001 0.15140423263046854
0.8000000000000002 0.2466670423399178
0.8500000000000002 0.36051100222401333
0.9000000000000002 0.4937762300270453
0.9500000000000003 0.636041917561972
1.0000000000000002 0.7643507103811233
1.0500000000000003 0.8566222529422152
1.1000000000000003 0.9104304430989885
1.1500000000000004 0.9375772962590828
1.2000000000000004 0.9500298848805397
1.2500000000000004 0.9557027262996292
1.3000000000000005 0.9586732277855939
1.3500000000000005 0.9608458581852545
1.4000000000000006 0.9625899276224742
1.4500000000000006 0.9642421547285972
1.5000000000000007 0.9655931383461909
1.5500000000000007 0.9668867253696848
1.6000000000000008 0.9682369292414557
1.6500000000000008 0.9696042590963949
1.7000000000000008 0.9710476320494527
1.7500000000000009 0.9725231458225114
1.800000000000001 0.9739728834813096
1.850000000000001 0.9753800197658118
1.900000000000001 0.9767268737132235
1.950000000000001 0.9780067492743191
2.000000000000001 0.9792077037109548
2.0500000000000007 0.9803248775172584
2.1000000000000005 0.9813631111876178
2.1500000000000004 0.9823269861855621
2.2 0.9832211002391315
2.25 0.984050554790316
2.3 0.9848203991056688
2.3499999999999996 0.9855357376031076
2.3999999999999995 0.9862012924678484
2.4499999999999993 0.9868213492298924
2.499999999999999 0.9873998316141993
2.549999999999999 0.9879404851265634
2.5999999999999988 0.9884465148945748
2.6499999999999986 0.9889208193087935
2.6999999999999984 0.9893659367667668
2.7499999999999982 0.9897844521887875
2.799999999999998 0.9901784404615823
2.849999999999998 0.9905497481159714
2.8999999999999977 0.990900046225641
2.9499999999999975 0.9912309449197109
2.9999999999999973 0.9915439882858521