0 -0.0031607665207694564
0.05 0.005066420862472658
0.1 0.02272162514185641
0.15000000000000002 0.04695110505398006
0.2 0.07493988149425222
0.25 0.10466047019157369
0.3 0.13521984806961468
0.35 0.16657765521985426
0.39999999999999997 0.1989560251958018
0.44999999999999996 0.2325205531247953
0.49999999999999994 0.26742634098260576
0.5499999999999999 0.30392127039418904
0.6 0.3423811029632475
0.65 0.38327577273182073
0.7000000000000001 0.4272930095113996
0.7500000000000001 0.4756227972647529
0.8000000000000002 0.5301874866120136
0.8500000000000002 0.593341514807868
0.9000000000000002 0.6662746984367452
0.9500000000000003 0.7442800844752373
1.0000000000000002 0.8155156804261896
1.0500000000000003 0.869726285994349
1.1000000000000003 0.9045370590487465
1.1500000000000004 0.924780634236473
1.2000000000000004 0.9364145523323946
1.2500000000000004 0.9434765843118912
1.3000000000000005 0.9483740418881281
1.3500000000000005 0.9521445929933345
1.4000000000000006 0.9554228906902524
1.4500000000000006 0.9584464898102509
1.5000000000000007 0.9611800431745507
1.5500000000000007 0.963674277464859
1.6000000000000008 0.9659947524099103
1.6500000000000008 0.9681644925542195
1.7000000000000008 0.9701809591404061
1.7500000000000009 0.9720398571646814
1.800000000000001 0.9737551635260622
1.850000000000001 0.9753356852191398
1.900000000000001 0.976792832606295
1.950000000000001 0.9781353644791566
2.000000000000001 0.9793712925201136
2.0500000000000007 0.9805089093304606
2.1000000000000005 0.9815566076767234
2.1500000000000004 0.9825224008866369
2.2 0.9834137785078286
2.25 0.984237761464789
2.3 0.9850007133394146
2.3499999999999996 0.9857084724827144
2.3999999999999995 0.9863662440098587
2.4499999999999993 0.9869786033510355
2.499999999999999 0.9875496433221375
2.549999999999999 0.9880832078304155
2.5999999999999988 0.9885825300075625
2.6499999999999986 0.9890504902518185
2.6999999999999984 0.9894896652075361
2.7499999999999982 0.9899025749335048
2.799999999999998 0.9902912625592685
2.849999999999998 0.9906575862066528
2.8999999999999977 0.9910032152990967
2.9499999999999975 0.9913297039488401
2.9999999999999973 0.9916386154780654
2.9499999999999975 0.9916137595424561
2.8999999999999977 0.9914380006757261
2.849999999999998 0.9911859498317863
2.799999999999998 0.9908899594507529
2.7499999999999982 0.99056328889932
2.6999999999999984 0.9902115369407385
2.6499999999999986 0.9898364284997753
2.5999999999999988 0.9894378839454435
2.549999999999999 0.9890147262685629
2.499999999999999 0.988565533625553
2.4499999999999993 0.9880884274123353
2.3999999999999995 0.9875812404039237
2.3499999999999996 0.9870414494454637
2.3 0.9864662027346219
2.25 0.985852532247526
2.2 0.9851969926296894
2.1500000000000004 0.9844958001156844
2.1000000000000005 0.9837445869084647
2.0500000000000007 0.9829387514027844
2.000000000000001 0.9820729576107365
1.9500000000000008 0.9811412647666106
1.9000000000000008 0.980136971756703
1.8500000000000008 0.9790526766550215
1.8000000000000007 0.9778798383087696
1.7500000000000007 0.9766089061322771
1.7000000000000006 0.975229159028064
1.6500000000000006 0.9737281690298482
1.6000000000000005 0.9720920607056126
1.5500000000000005 0.9703047972572977
1.5000000000000004 0.9683482427867036
1.4500000000000004 0.9662015637627599
1.4000000000000004 0.9638407794323927
1.3500000000000003 0.9612384416291988
1.3000000000000003 0.9583628576760577
1.2500000000000002 0.9551776065657841
1.2000000000000002 0.9516407189766449
1.1500000000000001 0.9477037412628737
1.1 0.9433109237646166
1.05 0.9383981706676685
1.0 0.932892094472305
0.95 0.9267090593948738
0.8999999999999999 0.9197545902971557
0.8499999999999999 0.9119231281835974
0.7999999999999998 0.9030987568052472
0.7499999999999998 0.893156938338178
0.6999999999999997 0.8819685163095603
0.6499999999999997 0.869405867649904
0.5999999999999996 0.855351779754045
0.5499999999999996 0.8397101382474441
0.4999999999999996 0.8224168782566519
0.4499999999999996 0.8034501618632435
0.39999999999999963 0.7828366038539543
0.34999999999999964 0.7606497769774865
0.29999999999999966 0.7369989553130373
0.24999999999999967 0.7120084726942106
0.19999999999999968 0.6857964448276604
0.1499999999999997 0.6584568031872429
0.09999999999999969 0.6300332705726377
0.049999999999999684 0.6005076497119258
-3.191891195797325e-16 0.5698357591855566
-0.05000000000000032 0.5379910285578832
-0.10000000000000032 0.5049512443281466
-0.15000000000000033 0.4706458822086431
-0.20000000000000034 0.43493309661205093
-0.25000000000000033 0.3976083880738153
-0.3000000000000003 0.3584433729736221
-0.3500000000000003 0.3172057984268342
-0.4000000000000003 0.27363157721484255
-0.4500000000000003 0.22737442158933327
-0.5000000000000003 0.17798998027791307
-0.5500000000000004 0.12490221616792932
-0.6000000000000004 0.06734195348652086
-0.6500000000000005 0.00424213522708972
-0.7000000000000005 -0.06595006999441673
-0.7500000000000006 -0.14564416013631715
-0.8000000000000006 -0.2386273142558402
-0.8500000000000006 -0.3495150600645596
-0.9000000000000007 -0.4803190428253044
-0.9500000000000007 -0.6218246230958607
-1.0000000000000007 -0.7508883251067301
-1.0500000000000007 -0.8462409728991434
-1.1000000000000008 -0.9043386494142801
-1.1500000000000008 -0.935181455544322
-1.2000000000000008 -0.9502061091391559
-1.2500000000000009 -0.9571346030959047
-1.300000000000001 -0.960480361544814
-1.350000000000001 -0.9623269316454296
-1.400000000000001 -0.9635732688587803
-1.450000000000001 -0.9647775768703442
-1.500000000000001 -0.966043273987262
-1.5500000000000012 -0.9673215684493006
-1.6000000000000012 -0.968668089133844
-1.6500000000000012 -0.9700749461767929
-1.7000000000000013 -0.9714949394773156
-1.7500000000000013 -0.9729169430467226
-1.8000000000000014 -0.9743321838996583
-1.8500000000000014 -0.975710473523625
-1.9000000000000015 -0.9770342233405871
-1.9500000000000015 -0.9782891766018366
-2.0000000000000013 -0.9794707222899669
-2.050000000000001 -0.9805710824710564
-2.100000000000001 -0.9815946175039341
-2.150000000000001 -0.9825476614414744
-2.2000000000000006 -0.9834293839503163
-2.2500000000000004 -0.9842471927147755
-2.3000000000000003 -0.9850063493430327
-2.35 -0.9857118240735169
-2.4 -0.986368214646428
-2.4499999999999997 -0.9869797426294459
-2.4999999999999996 -0.9875502940734324
-2.5499999999999994 -0.9880835742465266
-2.599999999999999 -0.9885827334876355
-2.649999999999999 -0.9890505997693791
-2.699999999999999 -0.9894897220978626
-2.7499999999999987 -0.9899026034495735
-2.7999999999999985 -0.9902912741283219
-2.8499999999999983 -0.9906575895249627
-2.899999999999998 -0.991003213622368
-2.949999999999998 -0.991329700493166
-2.999999999999998 -0.9916386111483658
-2.949999999999998 -0.9916137576666797
-2.899999999999998 -0.9914379997871957
-2.8499999999999983 -0.9911859497171569
-2.7999999999999985 -0.99088995844569
-2.7499999999999987 -0.9905632893582833
-2.699999999999999 -0.9902115383523814
-2.649999999999999 -0.9898364296323439
-2.599999999999999 -0.9894378861396677
-2.5499999999999994 -0.9890147269128295
-2.4999999999999996 -0.9885655346210457
-2.4499999999999997 -0.9880884298145716
-2.4 -0.9875812408882915
-2.35 -0.9870414510581754
-2.3000000000000003 -0.9864662044674202
-2.2500000000000004 -0.9858525347418926
-2.2000000000000006 -0.9851969952453523
-2.150000000000001 -0.9844958019078245
-2.100000000000001 -0.9837445908321824
-2.050000000000001 -0.9829387534027471
-2.0000000000000013 -0.982072961421378
-1.9500000000000013 -0.9811412690685899
-1.9000000000000012 -0.9801369755389764
-1.8500000000000012 -0.9790526817187369
-1.8000000000000012 -0.9778798434531473
-1.750000000000001 -0.9766089098790027
-1.700000000000001 -0.9752291628946916
-1.650000000000001 -0.9737281724663244
-1.600000000000001 -0.9720920666193998
-1.550000000000001 -0.9703048045001054
-1.5000000000000009 -0.9683482501234363
-1.4500000000000008 -0.9662015731845308
-1.4000000000000008 -0.9638407908103045
-1.3500000000000008 -0.9612384536372026
-1.3000000000000007 -0.9583628705956256
-1.2500000000000007 -0.9551776214156058
-1.2000000000000006 -0.9516407365393579
-1.1500000000000006 -0.9477037602133006
-1.1000000000000005 -0.9433109464076095
-1.0500000000000005 -0.9383981969169553
-1.0000000000000004 -0.9328921230944159
-0.9500000000000004 -0.9267090929589774
-0.9000000000000004 -0.9197546261854216
-0.8500000000000003 -0.9119231701344956
-0.8000000000000003 -0.9030988076084616
-0.7500000000000002 -0.8931569966486654
-0.7000000000000002 -0.881968583797248
-0.6500000000000001 -0.8694059366015355
-0.6000000000000001 -0.8553518507495046
-0.55 -0.8397102093411991
-0.5 -0.822416945626775
-0.45 -0.8034502259381349
-0.4 -0.7828366657520351
-0.35000000000000003 -0.7606498408394271
-0.30000000000000004 -0.7369990227991815
-0.25000000000000006 -0.7120085447693869
-0.20000000000000007 -0.6857965230424443
-0.15000000000000008 -0.6584568804509271
-0.10000000000000007 -0.6300333503725694
-0.05000000000000007 -0.6005077540529224
-6.938893903907228e-17 -0.569835962651583
0.04999999999999993 -0.5379915713841704
0.09999999999999994 -0.5049529790640497
0.14999999999999994 -0.4706519223936029
0.19999999999999996 -0.43495404748838706
0.24999999999999994 -0.39766846377084614
0.29999999999999993 -0.35855805815847214
0.3499999999999999 -0.3173451015178665
0.3999999999999999 -0.2737542678496185
0.4499999999999999 -0.22746600810806625
0.4999999999999999 -0.1780539539295656
0.5499999999999999 -0.12494611281150544
0.6 -0.0673721847114332
0.65 -0.004263221495414866
0.7000000000000001 0.06593512363983856
0.7500000000000001 0.14563337930896286
0.8000000000000002 0.23861938407206457
0.8500000000000002 0.3495090988353652
0.9000000000000002 0.4803144467747733
0.9500000000000003 0.6218209543048565
1.0000000000000002 0.750885248567275
1.0500000000000003 0.8462381881201428
1.1000000000000003 0.9043357775847026
1.1500000000000004 0.9351780854900018
1.2000000000000004 0.9502016996367424
1.2500000000000004 0.9571289227699677
1.3000000000000005 0.960473569622648
1.3500000000000005 0.9623205633709684
1.4000000000000006 0.963568107192691
1.4500000000000006 0.9647744228229039
1.5000000000000007 0.9660424763440172
1.5500000000000007 0.9673227811958931
1.6000000000000008 0.9686715722374716
1.6500000000000008 0.9700807704812863
1.7000000000000008 0.971504165415372
1.7500000000000009 0.9729298225690255
1.800000000000001 0.9743446698415102
1.850000000000001 0.9757257839014774
1.900000000000001 0.9770465557409709
1.950000000000001 0.9782974931089897
2.000000000000001 0.9794759573230312
2.0500000000000007 0.9805749715756511
2.1000000000000005 0.9815980454186443
2.1500000000000004 0.9825480548212724
2.2 0.9834294451387051
2.25 0.9842472032828666
2.3 0.985006352506205
2.3499999999999996 0.985711825364018
2.3999999999999995 0.9863682153148596
2.4499999999999993 0.9869797429727647
2.499999999999999 0.9875502942932864
2.549999999999999 0.9880835743373608
2.5999999999999988 0.988582733498655
2.6499999999999986 0.9890505997348361
2.6999999999999984 0.9894897220307174
2.7499999999999982 0.9899026034510675
2.799999999999998 0.9902912740888419
2.849999999999998 0.9906575894063825
2.8999999999999977 0.991003213536896
2.9499999999999975 0.9913297004136367
2.9999999999999973 0.9916386110694909