
0 0.25287891974577
0.05 0.2878314229843862
0.1 0.32413646209691077
0.15000000000000002 0.3621106843672822
0.2 0.4022383504546733
0.25 0.44525612040167084
0.3 0.49232338997847375
0.35 0.5452823102306332
0.39999999999999997 0.6066501954572388
0.44999999999999996 0.6778880326172293
0.49999999999999994 0.7533413887512218
0.5499999999999999 0.8197748673954245
0.6 0.8696238128295333
0.65 0.9023845554886182
0.7000000000000001 0.9220382279597458
0.7500000000000001 0.9341746601017454
0.8000000000000002 0.942567116193956
0.8500000000000002 0.9485487036687027
0.9000000000000002 0.952944685544065
0.9500000000000003 0.9566442250198669
1.0000000000000002 0.9596226214691886
1.0500000000000003 0.9621699767401919
1.1000000000000003 0.9644931890353166
1.1500000000000004 0.9666955540813862
1.2000000000000004 0.9687642210436798
1.2500000000000004 0.9707318836410344
1.3000000000000005 0.9725679962837005
1.3500000000000005 0.9742599380063754
1.4000000000000006 0.9758254105622972
1.4500000000000006 0.9772688044682244
1.5000000000000007 0.9785996181602996
1.5500000000000007 0.9798303022930986
1.6000000000000008 0.9809592353618417
1.6500000000000008 0.9819959479890933
1.7000000000000008 0.9829500866285981
1.7500000000000009 0.9838296902908478
1.800000000000001 0.9846419887213596
1.850000000000001 0.9853933838576312
1.900000000000001 0.986089744670579
1.950000000000001 0.9867363434090501
2.000000000000001 0.9873378035252764
2.0500000000000007 0.9878982034979523
2.1000000000000005 0.9884214579567486
2.1500000000000004 0.9889107933960193
2.2 0.9893690343601514
2.25 0.9897987924063701
2.3 0.9902025999168621
2.3499999999999996 0.9905825387555227
2.3999999999999995 0.9909404474762726
2.4499999999999993 0.9912778767002036
2.499999999999999 0.9915964906709072
2.549999999999999 0.9918978093517418
2.5999999999999988 0.9918702356775563
2.6499999999999986 0.9916955920860012
2.6999999999999984 0.9914472827032822
2.7499999999999982 0.9911565777893147
2.799999999999998 0.9908361574488248
2.849999999999998 0.990491291285094
2.8999999999999977 0.9901234739272801
2.9499999999999975 0.9897325008263251
2.9999999999999973 0.9893171542393315
2.9499999999999975 0.9888759820533384
2.8999999999999977 0.9884070801011464
2.849999999999998 0.9879082604618344
2.799999999999998 0.9873768908145188
2.7499999999999982 0.9868101485704639
2.6999999999999984 0.9862050154637119
2.6499999999999986 0.9855579328379935
2.5999999999999988 0.9848650999301553
2.549999999999999 0.9841220878470195
2.499999999999999 0.9833240814495828
2.4499999999999993 0.9824657053319358
2.3999999999999995 0.9815407562233359
2.3499999999999996 0.980542362777482
2.3 0.9794629030428691
2.25 0.97829352072936
2.2 0.9770242245360969
2.1500000000000004 0.9756438878443433
2.1000000000000005 0.9741394876710312
2.0500000000000007 0.9724965087894089
2.000000000000001 0.9706980011296148
1.9500000000000008 0.9687248637319162
1.9000000000000008 0.9665549464523192
1.8500000000000008 0.9641627792294742
1.8000000000000007 0.9615189883349597
1.7500000000000007 0.9585897393299326
1.7000000000000006 0.9553357830346229
1.6500000000000006 0.9517118595920177
1.6000000000000005 0.9476653813295182
1.5500000000000005 0.9431358525557348
1.5000000000000004 0.9380533246128056
1.4500000000000004 0.9323376035099598
1.4000000000000004 0.9258969663022768
1.3500000000000003 0.9186275304781278
1.3000000000000003 0.910413094021084
1.2500000000000002 0.9011264329614697
1.2000000000000002 0.8906316307051564
1.1500000000000001 0.878790031050886
1.1 0.8654712289803308
1.05 0.8505685744158769
1.0 0.8340147958774347
0.95 0.8157924729620945
0.8999999999999999 0.7959374043349154
0.8499999999999999 0.7745307794218519
0.7999999999999998 0.7516842178873316
0.7499999999999998 0.7275268898596646
0.6999999999999997 0.7021760124197349
0.6499999999999997 0.6757007360102164
0.5999999999999996 0.6481222558278964
0.5499999999999996 0.619443425277493
0.4999999999999996 0.589673694930137
0.4499999999999996 0.5588277981637875
0.39999999999999963 0.5268926653764506
0.34999999999999964 0.4938002750284668
0.29999999999999966 0.45942955744602215
0.24999999999999967 0.42362523663115664
0.19999999999999968 0.3862055440718506
0.1499999999999997 0.34696748161438873
0.09999999999999969 0.30567085918691395
0.049999999999999684 0.26203595807266333
-3.191891195797325e-16 0.21571649514016394
-0.05000000000000032 0.1662759745319126
-0.10000000000000032 0.11314509385726274
-0.15000000000000033 0.05555417659960177
-0.20000000000000034 -0.007577035941442172
-0.25000000000000033 -0.07783787513421957
-0.3000000000000003 -0.15770659533700068
-0.3500000000000003 -0.25121121840760025
-0.4000000000000003 -0.36421417993436095
-0.4500000000000003 -0.4985836456073062
-0.5000000000000003 -0.6397844813848025
-0.5500000000000004 -0.7633004864810858
-0.6000000000000004 -0.8528862863941299
-0.6500000000000005 -0.9072730637875641
-0.7000000000000005 -0.9355161889414416
-0.7500000000000006 -0.9494938343936006
-0.8000000000000006 -0.9573506674743064
-0.8500000000000006 -0.961591202402495
-0.9000000000000007 -0.9637260438833278
-0.9500000000000007 -0.9652034264181798
-1.0000000000000007 -0.9661023891086186
-1.0500000000000007 -0.9669482478114796
-1.1000000000000008 -0.9679338083764311
-1.1500000000000008 -0.9691534979046863
-1.2000000000000008 -0.970491380096927
-1.2500000000000009 -0.9719011746560908
-1.300000000000001 -0.9733438476028738
-1.350000000000001 -0.9747717219341289
-1.400000000000001 -0.9761579922114757
-1.450000000000001 -0.9774829298696395
-1.500000000000001 -0.9787409836275079
-1.5500000000000012 -0.9799178889235074
-1.6000000000000012 -0.9810122461510818
-1.6500000000000012 -0.9820279573446469
-1.7000000000000013 -0.9829693103430689
-1.7500000000000013 -0.9838411002153952
-1.8000000000000014 -0.984648639215316
-1.8500000000000014 -0.9853971517630314
-1.9000000000000015 -0.9860917909654087
-1.9500000000000015 -0.9867373850939666
-2.0000000000000013 -0.9873385419420229
-2.050000000000001 -0.9878986526895317
-2.100000000000001 -0.988421715655414
-2.150000000000001 -0.9889109385648087
-2.2000000000000006 -0.9893691158304226
-2.2500000000000004 -0.9897988389928407
-2.3000000000000003 -0.9902026269280954
-2.35 -0.9905825519064414
-2.4 -0.9909404533797943
-2.4499999999999997 -0.9912778802685139
-2.4999999999999996 -0.9915964924548618
-2.5499999999999994 -0.9918978078534221
-2.599999999999999 -0.9918702357467738
-2.649999999999999 -0.9916955929924003
-2.699999999999999 -0.9914472824927657
-2.7499999999999987 -0.9911565771691279
-2.7999999999999985 -0.990836154158636
-2.8499999999999983 -0.9904912895452771
-2.899999999999998 -0.9901234735154937
-2.949999999999998 -0.9897325002917373
-2.999999999999998 -0.9893171514104425
-2.949999999999998 -0.9888759799336472
-2.899999999999998 -0.9884070778823217
-2.8499999999999983 -0.9879082599311503
-2.7999999999999985 -0.98737689081008
-2.7499999999999987 -0.9868101500501731
-2.699999999999999 -0.9862050157685617
-2.649999999999999 -0.9855579345765064
-2.599999999999999 -0.9848651001772947
-2.5499999999999994 -0.9841220886051635
-2.4999999999999996 -0.9833240817598354
-2.4499999999999997 -0.9824657050929186
-2.4 -0.981540752950514
-2.35 -0.9805423612231212
-2.3000000000000003 -0.9794629020413494
-2.2500000000000004 -0.978293520124877
-2.2000000000000006 -0.9770242239853199
-2.150000000000001 -0.9756438871545687
-2.100000000000001 -0.9741394902877478
-2.050000000000001 -0.9724965105868143
-2.0000000000000013 -0.9706980018209763
-1.9500000000000013 -0.9687248671089926
-1.9000000000000012 -0.9665549489333696
-1.8500000000000012 -0.9641627785743331
-1.8000000000000012 -0.961518990510608
-1.750000000000001 -0.9585897418277664
-1.700000000000001 -0.9553357864762724
-1.650000000000001 -0.951711862709228
-1.600000000000001 -0.9476653839946382
-1.550000000000001 -0.9431358552146345
-1.5000000000000009 -0.9380533296959177
-1.4500000000000008 -0.9323376145946501
-1.4000000000000008 -0.9258969771059403
-1.3500000000000008 -0.9186275355205357
-1.3000000000000007 -0.9104130976902722
-1.2500000000000007 -0.9011264333616869
-1.2000000000000006 -0.8906316255974321
-1.1500000000000006 -0.8787900246322048
-1.1000000000000005 -0.8654712164667883
-1.0500000000000005 -0.850568552420429
-1.0000000000000004 -0.834014770862217
-0.9500000000000004 -0.8157924381053367
-0.9000000000000004 -0.795937353982536
-0.8500000000000003 -0.7745307173792486
-0.8000000000000003 -0.751684154150262
-0.7500000000000002 -0.7275268273164329
-0.7000000000000002 -0.702175956048692
-0.6500000000000001 -0.6757006923090024
-0.6000000000000001 -0.6481222293124795
-0.55 -0.6194434197922611
-0.5 -0.5896737088849444
-0.45 -0.5588278237873823
-0.4 -0.5268926967419295
-0.35000000000000003 -0.4938003132095306
-0.30000000000000004 -0.4594296034224525
-0.25000000000000006 -0.4236252922637905
-0.20000000000000007 -0.38620560260665965
-0.15000000000000008 -0.3469675495144878
-0.10000000000000007 -0.30567093326291156
-0.05000000000000007 -0.2620360397216149
-6.938893903907228e-17 -0.21571658394574827
0.04999999999999993 -0.16627607439070152
0.09999999999999994 -0.11314520634151588
0.14999999999999994 -0.055554304513998926
0.19999999999999996 0.007576889049808257
0.24999999999999994 0.0778377058383695
0.29999999999999993 0.1577064030082582
0.3499999999999999 0.2512109944200584
0.3999999999999999 0.36421391707236506
0.4499999999999999 0.4985833357524864
0.4999999999999999 0.6397841018202293
0.5499999999999999 0.7632999954686496
0.6 0.8528855851686267
0.65 0.9072720249527165
0.7000000000000001 0.9355146309901687
0.7500000000000001 0.9494909429547216
0.8000000000000002 0.9573468765574342
0.8500000000000002 0.9615866592898842
0.9000000000000002 0.963721119514395
0.9500000000000003 0.9651998157454966
1.0000000000000002 0.9661005876821026
1.0500000000000003 0.9669477654665547
1.1000000000000003 0.9679347364513539
1.1500000000000004 0.9691556715724946
1.2000000000000004 0.970493116810614
1.2500000000000004 0.9719025598995155
1.3000000000000005 0.9733443605368248
1.3500000000000005 0.9747719731309603
1.4000000000000006 0.9761584350230457
1.4500000000000006 0.9774851264335478
1.5000000000000007 0.9787429670948038
1.5500000000000007 0.979918382020165
1.6000000000000008 0.9810123450317864
1.6500000000000008 0.9820279750168595
1.7000000000000008 0.9829693127322812
1.7500000000000009 0.9838410998127642
1.800000000000001 0.9846486386870404
1.850000000000001 0.9853971513734396
1.900000000000001 0.9860917907411612
1.950000000000001 0.9867373853189813
2.000000000000001 0.9873385418698678
2.0500000000000007 0.9878986525750557
2.1000000000000005 0.988421715589468
2.1500000000000004 0.9889109385182376
2.2 0.9893691157928715
2.25 0.9897988390930581
2.3 0.9902026269511147
2.3499999999999996 0.9905825518732122
2.3999999999999995 0.9909404533497869
2.4499999999999993 0.9912778802409585