0 0.04807919519789851
0.05 0.057191544776327215
0.1 0.07507038937538585
0.15000000000000002 0.09844460636883798
0.2 0.12463101730664077
0.25 0.15234369812788467
0.3 0.18117717202257214
0.35 0.21106676513946343
0.39999999999999997 0.24204302872403674
0.44999999999999996 0.2742118651547197
0.49999999999999994 0.3077470978166564
0.5499999999999999 0.3428371550656001
0.6 0.3797370953587188
0.65 0.4189151216944278
0.7000000000000001 0.4611329955478324
0.7500000000000001 0.5075893779295836
0.8000000000000002 0.5600297507275332
0.8500000000000002 0.6202812523255585
0.9000000000000002 0.6889073663300391
0.9500000000000003 0.7611907989851412
1.0000000000000002 0.826146058852021
1.0500000000000003 0.8743295650111718
1.1000000000000003 0.9052600823518411
1.1500000000000004 0.9236221146666752
1.2000000000000004 0.9347032829908801
1.2500000000000004 0.9420780773307597
1.3000000000000005 0.9473099943389837
1.3500000000000005 0.9514275599265092
1.4000000000000006 0.9549957432578431
1.4500000000000006 0.9582959691617176
1.5000000000000007 0.9610868406541827
1.5500000000000007 0.9635314038149065
1.6000000000000008 0.9657891852934152
1.6500000000000008 0.9678891727330345
1.7000000000000008 0.9698651996690602
1.7500000000000009 0.9717115905593411
1.800000000000001 0.9734277037287032
1.850000000000001 0.9750238241417198
1.900000000000001 0.9764962686818077
1.950000000000001 0.9778541814099517
2.000000000000001 0.9791106393370597
2.0500000000000007 0.9802643779832719
2.1000000000000005 0.9813256049036002
2.1500000000000004 0.9823038767621574
2.2 0.983206985196039
2.25 0.9840420179078643
2.3 0.9848152680940329
2.3499999999999996 0.9855326726043493
2.3999999999999995 0.9861994810530013
2.4499999999999993 0.9868202804730306
2.499999999999999 0.9873991982969469
2.549999999999999 0.9879401065945692
2.5999999999999988 0.988446286630626
2.6499999999999986 0.9889206824733443
2.6999999999999984 0.9893658463567961
2.7499999999999982 0.989784393067918
2.799999999999998 0.9901783947902286
2.849999999999998 0.9905497104450764
2.8999999999999977 0.9909000136863558
2.9499999999999975 0.991230915260592
2.9999999999999973 0.9915439610389923
2.9499999999999975 0.9915149889269289
2.8999999999999977 0.9913331164357564
2.849999999999998 0.9910748157733462
2.799999999999998 0.9907725920075334
2.7499999999999982 0.9904397154260963
2.6999999999999984 0.990081595656431
2.6499999999999986 0.9896998337296078
2.5999999999999988 0.9892942254051448
2.549999999999999 0.9888635513606236
2.499999999999999 0.9884063347858882
2.4499999999999993 0.98792066717084
2.3999999999999995 0.9874042800270477
2.3499999999999996 0.9868545642127745
2.3 0.9862686413698768
2.25 0.9856434809811786
2.2 0.9849755099659497
2.1500000000000004 0.9842607624863269
2.1000000000000005 0.9834949370805542
2.0500000000000007 0.9826732314118252
2.000000000000001 0.9817901853433718
1.9500000000000008 0.9808396467932737
1.9000000000000008 0.9798147686165768
1.8500000000000008 0.978707949183708
1.8000000000000007 0.9775104675722578
1.7500000000000007 0.9762124794398773
1.7000000000000006 0.9748029347834726
1.6500000000000006 0.9732690424160206
1.6000000000000005 0.9715966352143912
1.5500000000000005 0.9697692724708412
1.5000000000000004 0.9677683177529719
1.4500000000000004 0.9655722929512123
1.4000000000000004 0.9631567463086875
1.3500000000000003 0.9604935466573863
1.3000000000000003 0.9575504582085705
1.2500000000000002 0.9542902886021217
1.2000000000000002 0.9506703936363978
1.1500000000000001 0.946641880355218
1.1 0.9421484610027221
1.05 0.9371259727752194
1.0 0.9315011102768869
0.95 0.9251908926988468
0.8999999999999999 0.9181018945853635
0.8499999999999999 0.9101302513009685
0.7999999999999998 0.901161692840375
0.7499999999999998 0.8910730034631119
0.6999999999999997 0.8797339549255149
0.6499999999999997 0.867011255803523
0.5999999999999996 0.8527753722227002
0.5499999999999996 0.8369168213760507
0.4999999999999996 0.8193668229569715
0.4499999999999996 0.8001142336145584
0.39999999999999963 0.779211665007407
0.34999999999999964 0.7567704384163475
0.29999999999999966 0.7329336318619522
0.24999999999999967 0.7078503244579522
0.19999999999999968 0.6816641350292629
0.1499999999999997 0.6544795040295542
0.09999999999999969 0.6263409965881523
0.049999999999999684 0.5972434628653883
-3.191891195797325e-16 0.567132136022575
-0.05000000000000032 0.5359073233329994
-0.10000000000000032 0.5034399375886233
-0.15000000000000033 0.46958300175789686
-0.20000000000000034 0.4341766633662673
-0.25000000000000033 0.3970426785881516
-0.3000000000000003 0.3579819052304172
-0.3500000000000003 0.3167550944674072
-0.4000000000000003 0.2730798542493069
-0.4500000000000003 0.22660230271130954
-0.5000000000000003 0.17687457966707537
-0.5500000000000004 0.12331013103700601
-0.6000000000000004 0.0651153305710907
-0.6500000000000005 0.001177057926553608
-0.7000000000000005 -0.07014162528342138
-0.7500000000000006 -0.1514014539327069
-0.8000000000000006 -0.24666397278220561
-0.8500000000000006 -0.36050718472298354
-0.9000000000000007 -0.493772183255128
-0.9500000000000007 -0.6360377260515269
-1.0000000000000007 -0.7643469614302476
-1.0500000000000007 -0.8566201092768184
-1.1000000000000008 -0.9104300143553562
-1.1500000000000008 -0.9375787761846807
-1.2000000000000008 -0.9500337258178736
-1.2500000000000009 -0.9557079042499096
-1.300000000000001 -0.9586811299725948
-1.350000000000001 -0.9608537379569523
-1.400000000000001 -0.9625963696007541
-1.450000000000001 -0.9642460917113483
-1.500000000000001 -0.9655943434367311
-1.5500000000000012 -0.9668864895914738
-1.6000000000000012 -0.9682359235762126
-1.6500000000000012 -0.9696010293456409
-1.7000000000000013 -0.9710427258150136
-1.7500000000000013 -0.9725183642584531
-1.8000000000000014 -0.9739702542613675
-1.8500000000000014 -0.9753749291132581
-1.9000000000000015 -0.9767244101718001
-1.9500000000000015 -0.9780029676770459
-2.0000000000000013 -0.9792055180708528
-2.050000000000001 -0.9803243010236782
-2.100000000000001 -0.9813629266053017
-2.150000000000001 -0.9823268812416713
-2.2000000000000006 -0.9832210108871193
-2.2500000000000004 -0.9840504767690343
-2.3000000000000003 -0.9848203284242126
-2.35 -0.9855356707793645
-2.4 -0.9862012305062887
-2.4499999999999997 -0.9868212908801737
-2.4999999999999996 -0.9873997787047984
-2.5499999999999994 -0.9879404350217303
-2.599999999999999 -0.9884464664550487
-2.649999999999999 -0.9889207749089519
-2.699999999999999 -0.9893658947383129
-2.7499999999999987 -0.9897844138354326
-2.7999999999999985 -0.9901784038735801
-2.8499999999999983 -0.9905497128816111
-2.899999999999998 -0.9909000128899704
-2.949999999999998 -0.991230913072572
-2.999999999999998 -0.9915439576888619
-2.949999999999998 -0.9915149841687358
-2.899999999999998 -0.9913331119138088
-2.8499999999999983 -0.9910748135809325
-2.7999999999999985 -0.9907725915974569
-2.7499999999999987 -0.990439716982882
-2.699999999999999 -0.9900815968163572
-2.649999999999999 -0.9896998338493375
-2.599999999999999 -0.9892942280006445
-2.5499999999999994 -0.9888635517882228
-2.4999999999999996 -0.9884063338747957
-2.4499999999999997 -0.9879206672469469
-2.4 -0.9874042821324536
-2.35 -0.9868545658559189
-2.3000000000000003 -0.9862686422110661
-2.2500000000000004 -0.9856434840432436
-2.2000000000000006 -0.9849755130494737
-2.150000000000001 -0.9842607640710482
-2.100000000000001 -0.9834949401490377
-2.050000000000001 -0.9826732333433974
-2.0000000000000013 -0.9817901870772371
-1.9500000000000013 -0.9808396488872861
-1.9000000000000012 -0.9798147727927279
-1.8500000000000012 -0.9787079527872163
-1.8000000000000012 -0.9775104733816985
-1.750000000000001 -0.9762124853223735
-1.700000000000001 -0.9748029400245661
-1.650000000000001 -0.9732690477358447
-1.600000000000001 -0.9715966396623997
-1.550000000000001 -0.9697692781218875
-1.5000000000000009 -0.9677683240249666
-1.4500000000000008 -0.965572299254296
-1.4000000000000008 -0.9631567535703461
-1.3500000000000008 -0.9604935622396882
-1.3000000000000007 -0.9575504726034951
-1.2500000000000007 -0.9542903031943117
-1.2000000000000006 -0.9506704069353331
-1.1500000000000006 -0.9466418939796214
-1.1000000000000005 -0.942148483649824
-1.0500000000000005 -0.9371259956952234
-1.0000000000000004 -0.9315011342448638
-0.9500000000000004 -0.9251909186449901
-0.9000000000000004 -0.9181019208178108
-0.8500000000000003 -0.9101302793209305
-0.8000000000000003 -0.9011617211835337
-0.7500000000000002 -0.8910730338474843
-0.7000000000000002 -0.879733984270412
-0.6500000000000001 -0.8670112853173664
-0.6000000000000001 -0.8527754045391222
-0.55 -0.8369168551567202
-0.5 -0.8193668619720285
-0.45 -0.8001142806993378
-0.4 -0.7792117251396397
-0.35000000000000003 -0.7567705082840998
-0.30000000000000004 -0.7329336994378658
-0.25000000000000006 -0.7078503769688347
-0.20000000000000007 -0.6816641537783952
-0.15000000000000008 -0.6544794780848566
-0.10000000000000007 -0.6263409524341644
-0.05000000000000007 -0.5972434283549479
-6.938893903907228e-17 -0.5671321317468235
0.04999999999999993 -0.5359073467531317
0.09999999999999994 -0.5034399869532176
0.14999999999999994 -0.46958307456745857
0.19999999999999996 -0.43417675493638663
0.24999999999999994 -0.3970427865726756
0.29999999999999993 -0.35798202866210366
0.3499999999999999 -0.3167552313659845
0.3999999999999999 -0.2730800050768399
0.4499999999999999 -0.22660247062421313
0.4999999999999999 -0.17687476298554472
0.5499999999999999 -0.12331033544183584
0.6 -0.0651155585447578
0.65 -0.0011773102279903276
0.7000000000000001 0.07014134035269441
0.7500000000000001 0.1514011292319771
0.8000000000000002 0.246663601251832
0.8500000000000002 0.3605067524491319
0.9000000000000002 0.4937716729973469
0.9500000000000003 0.636037104341913
1.0000000000000002 0.7643461592273146
1.0500000000000003 0.8566189820094234
1.1000000000000003 0.9104282756820212
1.1500000000000004 0.9375760931199602
1.2000000000000004 0.9500296579616131
1.2500000000000004 0.9557028315882253
1.3000000000000005 0.9586735356050159
1.3500000000000005 0.9608462427369252
1.4000000000000006 0.9625901436127694
1.4500000000000006 0.9642423358932584
1.5000000000000007 0.965593453708874
1.5500000000000007 0.9668872239169476
1.6000000000000008 0.9682371968949055
1.6500000000000008 0.9696043832882583
1.7000000000000008 0.9710477079846542
1.7500000000000009 0.9725231390899528
1.800000000000001 0.9739727975517385
1.850000000000001 0.9753799018980672
1.900000000000001 0.9767266810709737
1.950000000000001 0.9780063768240971
2.000000000000001 0.979207489512742
2.0500000000000007 0.9803247577981311
2.1000000000000005 0.981363016105507
2.1500000000000004 0.982326898255132
2.2 0.9832210144850401
2.25 0.9840504778440555
2.3 0.9848203289303697
2.3499999999999996 0.9855356710512398
2.3999999999999995 0.986201230680777
2.4499999999999993 0.9868212911123408
2.499999999999999 0.9873997792269572
2.549999999999999 0.987940435178687
2.5999999999999988 0.9884464664925726
2.6499999999999986 0.9889207748852246
2.6999999999999984 0.9893658946966726
2.7499999999999982 0.9897844137858103
2.799999999999998 0.9901784038208116
2.849999999999998 0.9905497128278555
2.8999999999999977 0.9909000128365018
2.9499999999999975 0.9912309130200674
2.9999999999999973 0.9915439576199556