0 -0.020509655407299904
0.05 -0.006314705898407846
0.1 0.018387735261926195
0.15000000000000002 0.04932271432717861
0.2 0.08254053374888605
0.25 0.11585998027646083
0.3 0.14867254991035833
0.35 0.1812347108398144
0.39999999999999997 0.21400926583705296
0.44999999999999996 0.247448119601989
0.49999999999999994 0.2820099226982175
0.5499999999999999 0.31814377416004813
0.6 0.35615950508091454
0.65 0.39652905625802454
0.7000000000000001 0.4401309253764527
0.7500000000000001 0.4883656064215412
0.8000000000000002 0.5433693174036984
0.8500000000000002 0.6074198551043033
0.9000000000000002 0.6812452990160228
0.9500000000000003 0.758683949096963
1.0000000000000002 0.8270053559077153
1.0500000000000003 0.8767789875832683
1.1000000000000003 0.9074919070727404
1.1500000000000004 0.9252268895405747
1.2000000000000004 0.9358179344648286
1.2500000000000004 0.9429059849564809
1.3000000000000005 0.9484065474222103
1.3500000000000005 0.9524770435337885
1.4000000000000006 0.9559928873393874
1.4500000000000006 0.9588856390003064
1.5000000000000007 0.9614139807852077
1.5500000000000007 0.9638275006616679
1.6000000000000008 0.9661128516183951
1.6500000000000008 0.9682287190107911
1.7000000000000008 0.9701937623376753
1.7500000000000009 0.9720233635240787
1.800000000000001 0.9737127516905165
1.850000000000001 0.9752749960456497
1.900000000000001 0.9767185503001419
1.950000000000001 0.978050325126111
2.000000000000001 0.9792776833769484
2.0500000000000007 0.9804084674406192
2.1000000000000005 0.9814506519967614
2.1500000000000004 0.982412062927974
2.2 0.9833000961041563
2.25 0.9841216645440539
2.3 0.9848829310680685
2.3499999999999996 0.9855896441028505
2.3999999999999995 0.9862469122349963
2.4499999999999993 0.9868591808544277
2.499999999999999 0.9874305123951792
2.549999999999999 0.9879646905844292
2.5999999999999988 0.9884648861110452
2.6499999999999986 0.9889339287155252
2.6999999999999984 0.9893743473645612
2.7499999999999982 0.9897886126384243
2.799999999999998 0.9901787702826459
2.849999999999998 0.990546658205401
2.8999999999999977 0.990893882055572
2.9499999999999975 0.9912220272102779
2.9999999999999973 0.9915326116563561
2.9499999999999975 0.9915020095452269
2.8999999999999977 0.9913198416275292
2.849999999999998 0.9910623618327401
2.799999999999998 0.9907617834987346
2.7499999999999982 0.9904310719194597
2.6999999999999984 0.9900755910067175
2.6499999999999986 0.989696864105559
2.5999999999999988 0.989294698288252
2.549999999999999 0.9888679274138918
2.499999999999999 0.9884150432673812
2.4499999999999993 0.987934206484936
2.3999999999999995 0.9874231725717738
2.3499999999999996 0.9868794154499261
2.3 0.9863001515477484
2.25 0.9856823584009659
2.2 0.9850226100944054
2.1500000000000004 0.98431716880969
2.1000000000000005 0.9835616501412803
2.0500000000000007 0.9827514121226262
2.000000000000001 0.9818812018471769
1.9500000000000008 0.9809450726358434
1.9000000000000008 0.9799364029407308
1.8500000000000008 0.9788477485252174
1.8000000000000007 0.9776706784873085
1.7500000000000007 0.9763956766905888
1.7000000000000006 0.9750120555862594
1.6500000000000006 0.9735075144057068
1.6000000000000005 0.9718682240576951
1.5500000000000005 0.9700782242006075
1.5000000000000004 0.9681196462355851
1.4500000000000004 0.9659717194003491
1.4000000000000004 0.9636106450887647
1.3500000000000003 0.9610091081188872
1.3000000000000003 0.9581357499146929
1.2500000000000002 0.9549543599126025
1.2000000000000002 0.9514231385172526
1.1500000000000001 0.9474938526503187
1.1 0.9431110141997482
1.05 0.9382106222469928
1.0 0.9327193805879261
0.95 0.9265535990954469
0.8999999999999999 0.9196189051940177
0.8499999999999999 0.9118102738341451
0.7999999999999998 0.9030126363629032
0.7499999999999998 0.8931041007493201
0.6999999999999997 0.8819606407009829
0.6499999999999997 0.869464169301435
0.5999999999999996 0.8555133510418849
0.5499999999999996 0.8400371040786796
0.4999999999999996 0.8230073699586313
0.4499999999999996 0.8044455325755079
0.39999999999999963 0.7844156383173366
0.34999999999999964 0.7630017417981747
0.29999999999999966 0.7402874637525179
0.24999999999999967 0.7163587807244889
0.19999999999999968 0.6912991364375023
0.1499999999999997 0.6651679543542848
0.09999999999999969 0.637997177328481
0.049999999999999684 0.6097928286173753
-3.191891195797325e-16 0.5805235121564826
-0.05000000000000032 0.5501131103469552
-0.10000000000000032 0.5184480561435078
-0.15000000000000033 0.4853867453594833
-0.20000000000000034 0.450768572083813
-0.25000000000000033 0.4144095885775122
-0.3000000000000003 0.37610253991483095
-0.3500000000000003 0.33559729686434087
-0.4000000000000003 0.29259721771160185
-0.4500000000000003 0.24673143185872554
-0.5000000000000003 0.19752737592313457
-0.5500000000000004 0.14436516165145263
-0.6000000000000004 0.08640218649008993
-0.6500000000000005 0.02244951750114563
-0.7000000000000005 -0.04925331356830641
-0.7500000000000006 -0.13148838597414372
-0.8000000000000006 -0.22859578306815118
-0.8500000000000006 -0.3458658075031991
-0.9000000000000007 -0.48597285369979276
-0.9500000000000007 -0.6340500208277666
-1.0000000000000007 -0.7644014053733469
-1.0500000000000007 -0.8570208979811015
-1.1000000000000008 -0.9110570747068856
-1.1500000000000008 -0.9386968100950843
-1.2000000000000008 -0.9520330098834141
-1.2500000000000009 -0.9581266287433822
-1.300000000000001 -0.9611577064755631
-1.350000000000001 -0.9628661072656794
-1.400000000000001 -0.9641790633727847
-1.450000000000001 -0.9650616802452271
-1.500000000000001 -0.9659074468137165
-1.5500000000000012 -0.967000977416733
-1.6000000000000012 -0.968328828228275
-1.6500000000000012 -0.9697756124280663
-1.7000000000000013 -0.9712745127684314
-1.7500000000000013 -0.9727541342893781
-1.8000000000000014 -0.9741954923552704
-1.8500000000000014 -0.9755854615115641
-1.9000000000000015 -0.9769202245346212
-1.9500000000000015 -0.9781780390307389
-2.0000000000000013 -0.9793563586909869
-2.050000000000001 -0.980460580291281
-2.100000000000001 -0.9814843167367094
-2.150000000000001 -0.9824330323403212
-2.2000000000000006 -0.9833128678762961
-2.2500000000000004 -0.9841293142174851
-2.3000000000000003 -0.9848874469259865
-2.35 -0.9855922606252394
-2.4 -0.9862484951153043
-2.4499999999999997 -0.9868600935068361
-2.4999999999999996 -0.9874310359020895
-2.5499999999999994 -0.987964984180638
-2.599999999999999 -0.9884650452937254
-2.649999999999999 -0.9889340154258898
-2.699999999999999 -0.9893743928648389
-2.7499999999999987 -0.9897886326606371
-2.7999999999999985 -0.9901787779484781
-2.8499999999999983 -0.9905466583450555
-2.899999999999998 -0.9908938814908902
-2.949999999999998 -0.991222024103183
-2.999999999999998 -0.9915326082840694
-2.949999999999998 -0.991502008450565
-2.899999999999998 -0.9913198410775108
-2.8499999999999983 -0.9910623624603057
-2.7999999999999985 -0.9907617829904706
-2.7499999999999987 -0.9904310697463453
-2.699999999999999 -0.9900755912782268
-2.649999999999999 -0.9896968645302855
-2.599999999999999 -0.9892946983073737
-2.5499999999999994 -0.9888679272542228
-2.4999999999999996 -0.9884150453487058
-2.4499999999999997 -0.9879342070597964
-2.4 -0.9874231731695547
-2.35 -0.9868794160510675
-2.3000000000000003 -0.9863001545820436
-2.2500000000000004 -0.9856823626038829
-2.2000000000000006 -0.9850226139780544
-2.150000000000001 -0.9843171724078275
-2.100000000000001 -0.9835616529218429
-2.050000000000001 -0.9827514134817839
-2.0000000000000013 -0.9818812046656541
-1.9500000000000013 -0.9809450762047871
-1.9000000000000012 -0.9799364071094208
-1.8500000000000012 -0.9788477540898274
-1.8000000000000012 -0.9776706876291779
-1.750000000000001 -0.9763956845777128
-1.700000000000001 -0.9750120642159824
-1.650000000000001 -0.9735075192125707
-1.600000000000001 -0.9718682301089455
-1.550000000000001 -0.9700782287062587
-1.5000000000000009 -0.9681196522377007
-1.4500000000000008 -0.9659717332515698
-1.4000000000000008 -0.963610659766469
-1.3500000000000008 -0.9610091266183013
-1.3000000000000007 -0.9581357643604662
-1.2500000000000007 -0.9549543744850222
-1.2000000000000006 -0.9514231550350583
-1.1500000000000006 -0.9474938723054684
-1.1000000000000005 -0.9431110368432795
-1.0500000000000005 -0.93821064784936
-1.0000000000000004 -0.9327194062694966
-0.9500000000000004 -0.9265536120537909
-0.9000000000000004 -0.9196189230974596
-0.8500000000000003 -0.9118102957118868
-0.8000000000000003 -0.9030126598524979
-0.7500000000000002 -0.8931041252025793
-0.7000000000000002 -0.8819606637607104
-0.6500000000000001 -0.8694641951511897
-0.6000000000000001 -0.8555133856799766
-0.55 -0.8400371406301756
-0.5 -0.8230074045737749
-0.45 -0.804445579581528
-0.4 -0.7844156896999489
-0.35000000000000003 -0.763001792556942
-0.30000000000000004 -0.7402875166341933
-0.25000000000000006 -0.7163588439773053
-0.20000000000000007 -0.6912992056622143
-0.15000000000000008 -0.6651680373373066
-0.10000000000000007 -0.6379972677410336
-0.05000000000000007 -0.6097929179507227
-6.938893903907228e-17 -0.5805236037539538
0.04999999999999993 -0.5501132035063317
0.09999999999999994 -0.5184481479310863
0.14999999999999994 -0.4853868447845995
0.19999999999999996 -0.4507686752660467
0.24999999999999994 -0.4144097051386138
0.29999999999999993 -0.37610266196922437
0.3499999999999999 -0.33559743184931
0.3999999999999999 -0.29259736156454624
0.4499999999999999 -0.24673159107200626
0.4999999999999999 -0.19752754691802044
0.5499999999999999 -0.14436534887284763
0.6 -0.08640239282573074
0.65 -0.02244974882140571
0.7000000000000001 0.049253057847384915
0.7500000000000001 0.13148809669450948
0.8000000000000002 0.22859545597809283
0.8500000000000002 0.3458654318101825
0.9000000000000002 0.4859724124295913
0.9500000000000003 0.6340494823029562
1.0000000000000002 0.7644007128391167
1.0500000000000003 0.8570199335515457
1.1000000000000003 0.9110555497025188
1.1500000000000004 0.9386944516568445
1.2000000000000004 0.9520285867876452
1.2500000000000004 0.9581210847451729
1.3000000000000005 0.9611522362998501
1.3500000000000005 0.9628604796552234
1.4000000000000006 0.9641750101517584
1.4500000000000006 0.9650601774403484
1.5000000000000007 0.9659074665813925
1.5500000000000007 0.9670023767950984
1.6000000000000008 0.9683324258992604
1.6500000000000008 0.9697832032678536
1.7000000000000008 0.9712840098534636
1.7500000000000009 0.9727606691977166
1.800000000000001 0.9742074913503815
1.850000000000001 0.9755984286590828
1.900000000000001 0.9769256019460121
1.950000000000001 0.9781849745982927
2.000000000000001 0.9793650660526123
2.0500000000000007 0.9804635531184476
2.1000000000000005 0.9814849554856533
2.1500000000000004 0.9824331596568969
2.2 0.9833128943550319
2.25 0.9841293203210275
2.3 0.9848874487054993
2.3499999999999996 0.9855922602041243
2.3999999999999995 0.9862484936846978
2.4499999999999993 0.9868600913267231
2.499999999999999 0.9874310344435158
2.549999999999999 0.9879649833409276
2.5999999999999988 0.9884650448399661
2.6499999999999986 0.9889340151755331
2.6999999999999984 0.989374392963589
2.7499999999999982 0.9897886326505468
2.799999999999998 0.9901787779053005
2.849999999999998 0.9905466582690758
2.8999999999999977 0.990893881513918
2.9499999999999975 0.9912220240773199
2.9999999999999973 0.9915326082426835