0 0.04807910355684402
0.05 0.05719133454494515
0.1 0.07507011435834869
0.15000000000000002 0.09844431930372667
0.2 0.12463073844652961
0.25 0.15234343040465165
0.3 0.18117695915791904
0.35 0.21106665545746015
0.39999999999999997 0.2420430351235589
0.44999999999999996 0.2742119726912491
0.49999999999999994 0.30774726957537274
0.5499999999999999 0.34283729735576274
0.6 0.3797371849302925
0.65 0.41891525565928717
0.7000000000000001 0.46113329784998475
0.7500000000000001 0.5075899715621124
0.8000000000000002 0.560030797295949
0.8500000000000002 0.6202826230004368
0.9000000000000002 0.6889085414005057
0.9500000000000003 0.7611915669250253
1.0000000000000002 0.8261462019870545
1.0500000000000003 0.8743294662519245
1.1000000000000003 0.9052604106128228
1.1500000000000004 0.9236226068303615
1.2000000000000004 0.9347035693982294
1.2500000000000004 0.9420779502539548
1.3000000000000005 0.9473095807771693
1.3500000000000005 0.9514271019595448
1.4000000000000006 0.9549954243889593
1.4500000000000006 0.9582957086321697
1.5000000000000007 0.9610863665296314
1.5500000000000007 0.963531269399092
1.6000000000000008 0.9657890485240642
1.6500000000000008 0.9678889206005977
1.7000000000000008 0.9698649821876457
1.7500000000000009 0.9717114082723612
1.800000000000001 0.9734275158833702
1.850000000000001 0.9750236264518812
1.900000000000001 0.976496071640012
1.950000000000001 0.9778538808073255
2.000000000000001 0.9791103645994901
2.0500000000000007 0.9802642299589998
2.1000000000000005 0.9813254956623855
2.1500000000000004 0.9823037797900063
2.2 0.9832068943443768
2.25 0.9840419328529894
2.3 0.9848151870425176
2.3499999999999996 0.9855325958145517
2.3999999999999995 0.9861994092235614
2.4499999999999993 0.9868202126117868
2.499999999999999 0.9873991313225317
2.549999999999999 0.9879400437191956
2.5999999999999988 0.9884462272293758
2.6499999999999986 0.9889206256754866
2.6999999999999984 0.9893657925382648
2.7499999999999982 0.989784341857403
2.799999999999998 0.9901783460815827
2.849999999999998 0.9905496636845955
2.8999999999999977 0.9908999690856348
2.9499999999999975 0.9912308730846295
2.9999999999999973 0.9915439203975993
2.9499999999999975 0.9915149479453461
2.8999999999999977 0.9913330727109072
2.849999999999998 0.991074771195504
2.799999999999998 0.9907725458719979
2.7499999999999982 0.990439668063933
2.6999999999999984 0.9900815461022336
2.6499999999999986 0.9896997819742883
2.5999999999999988 0.989294171272376
2.549999999999999 0.9888634944954938
2.499999999999999 0.9884062747717701
2.4499999999999993 0.9879206047309517
2.3999999999999995 0.9874042144146126
2.3499999999999996 0.98685449461777
2.3 0.9862685693367544
2.25 0.9856434045292999
2.2 0.9849754288987551
2.1500000000000004 0.9842606768013059
2.1000000000000005 0.983494846408713
2.0500000000000007 0.9826731352544454
2.000000000000001 0.9817900829489777
1.9500000000000008 0.9808395381677769
1.9000000000000008 0.9798146530591699
1.8500000000000008 0.9787078263334833
1.8000000000000007 0.9775103362310861
1.7500000000000007 0.976212339146266
1.7000000000000006 0.9748027852545098
1.6500000000000006 0.9732688826781201
1.6000000000000005 0.9715964652059801
1.5500000000000005 0.9697690919968329
1.5000000000000004 0.9677681241320766
1.4500000000000004 0.9655720885631038
1.4000000000000004 0.9631565309230504
1.3500000000000003 0.9604933202573477
1.3000000000000003 0.9575502222193694
1.2500000000000002 0.9542900444387385
1.2000000000000002 0.950670144627796
1.1500000000000001 0.9466416309915453
1.1 0.9421482127438215
1.05 0.9371257353039407
1.0 0.9315008895234745
0.95 0.9251907034676292
0.8999999999999999 0.9181017586599394
0.8499999999999999 0.9101301810270989
0.7999999999999998 0.9011616932104602
0.7499999999999998 0.8910730715352214
0.6999999999999997 0.8797340679431435
0.6499999999999997 0.8670113479298779
0.5999999999999996 0.8527753260695279
0.5499999999999996 0.8369164698525681
0.4999999999999996 0.8193659491760881
0.4499999999999996 0.8001125215714763
0.39999999999999963 0.7792087585668891
0.34999999999999964 0.7567659840043344
0.29999999999999966 0.7329274078252933
0.24999999999999967 0.7078419622263996
0.19999999999999968 0.6816529580572309
0.1499999999999997 0.6544656276255818
0.09999999999999969 0.6263264136243377
0.049999999999999684 0.5972306222637199
-3.191891195797325e-16 0.5671222052142141
-0.05000000000000032 0.535900245516667
-0.10000000000000032 0.5034351562566542
-0.15000000000000033 0.4695799072890144
-0.20000000000000034 0.4341747603182106
-0.25000000000000033 0.3970416004788492
-0.3000000000000003 0.35798139906668247
-0.3500000000000003 0.3167549845901723
-0.4000000000000003 0.27308002471015347
-0.4500000000000003 0.22660267206247298
-0.5000000000000003 0.17687510656986657
-0.5500000000000004 0.12331077350543286
-0.6000000000000004 0.06511606446635765
-0.6500000000000005 0.0011778584756665922
-0.7000000000000005 -0.0701407749100906
-0.7500000000000006 -0.1514005565498943
-0.8000000000000006 -0.24666305565104021
-0.8500000000000006 -0.3605061361925081
-0.9000000000000007 -0.4937715933638172
-0.9500000000000007 -0.63603766594283
-1.0000000000000007 -0.7643469813969972
-1.0500000000000007 -0.8566204073385473
-1.1000000000000008 -0.9104302489313657
-1.1500000000000008 -0.937578722495254
-1.2000000000000008 -0.9500337900214083
-1.2500000000000009 -0.9557080940590527
-1.300000000000001 -0.9586813970477391
-1.350000000000001 -0.9608536850511292
-1.400000000000001 -0.9625962822185334
-1.450000000000001 -0.9642458958970423
-1.500000000000001 -0.9655939537012626
-1.5500000000000012 -0.9668861450442198
-1.6000000000000012 -0.9682357000949298
-1.6500000000000012 -0.969600917209071
-1.7000000000000013 -0.9710426123563666
-1.7500000000000013 -0.9725181925840899
-1.8000000000000014 -0.9739700993586476
-1.8500000000000014 -0.9753748391303709
-1.9000000000000015 -0.9767242530681685
-1.9500000000000015 -0.978002741639032
-2.0000000000000013 -0.979205341568632
-2.050000000000001 -0.980324178921433
-2.100000000000001 -0.981362822829497
-2.150000000000001 -0.9823267856386989
-2.2000000000000006 -0.9832209209442665
-2.2500000000000004 -0.9840503916085567
-2.3000000000000003 -0.9848202470807287
-2.35 -0.9855355944009424
-2.4 -0.9862011578719254
-2.4499999999999997 -0.9868212219056021
-2.4999999999999996 -0.9873997113677695
-2.5499999999999994 -0.987940371906722
-2.599999999999999 -0.9884464068800792
-2.649999999999999 -0.9889207195251036
-2.699999999999999 -0.9893658425909916
-2.7499999999999987 -0.9897843627139176
-2.7999999999999985 -0.9901783551382505
-2.8499999999999983 -0.9905496662929483
-2.899999999999998 -0.9908999683431323
-2.949999999999998 -0.9912308704088623
-2.999999999999998 -0.9915439165927998
-2.949999999999998 -0.99151494381064
-2.899999999999998 -0.9913330702574368
-2.8499999999999983 -0.9910747699650388
-2.7999999999999985 -0.9907725462965957
-2.7499999999999987 -0.9904396697079344
-2.699999999999999 -0.9900815474665574
-2.649999999999999 -0.9896997824985916
-2.599999999999999 -0.9892941743415337
-2.5499999999999994 -0.9888634952018264
-2.4999999999999996 -0.9884062743264332
-2.4499999999999997 -0.9879206046589519
-2.4 -0.9874042160569994
-2.35 -0.9868544965716894
-2.3000000000000003 -0.986268568965123
-2.2500000000000004 -0.9856434069076585
-2.2000000000000006 -0.9849754317929819
-2.150000000000001 -0.984260678237099
-2.100000000000001 -0.9834948484915175
-2.050000000000001 -0.9826731367446571
-2.0000000000000013 -0.9817900848719229
-1.9500000000000013 -0.980839539417708
-1.9000000000000012 -0.9798146567278224
-1.8500000000000012 -0.9787078294715279
-1.8000000000000012 -0.9775103421356841
-1.750000000000001 -0.9762123451051207
-1.700000000000001 -0.9748027903839727
-1.650000000000001 -0.9732688879948213
-1.600000000000001 -0.9715964691011625
-1.550000000000001 -0.9697690971163844
-1.5000000000000009 -0.9677681322341065
-1.4500000000000008 -0.9655720938844394
-1.4000000000000008 -0.9631565373457357
-1.3500000000000008 -0.9604933354064853
-1.3000000000000007 -0.9575502363272336
-1.2500000000000007 -0.9542900592474586
-1.2000000000000006 -0.950670159491331
-1.1500000000000006 -0.9466416447186645
-1.1000000000000005 -0.9421482393850388
-1.0500000000000005 -0.9371257619288623
-1.0000000000000004 -0.9315009169175892
-0.9500000000000004 -0.9251907363956945
-0.9000000000000004 -0.9181017924775143
-0.8500000000000003 -0.9101302156461861
-0.8000000000000003 -0.9011617256318047
-0.7500000000000002 -0.8910731027224661
-0.7000000000000002 -0.8797340943256967
-0.6500000000000001 -0.867011370662419
-0.6000000000000001 -0.8527753487703987
-0.55 -0.8369164912722111
-0.5 -0.8193659740777155
-0.45 -0.8001125507850008
-0.4 -0.7792088000766978
-0.35000000000000003 -0.7567660381221416
-0.30000000000000004 -0.7329274647683892
-0.25000000000000006 -0.707842010828593
-0.20000000000000007 -0.6816529785258324
-0.15000000000000008 -0.6544656087940343
-0.10000000000000007 -0.6263263809783194
-0.05000000000000007 -0.5972306000794827
-6.938893903907228e-17 -0.5671222095834021
0.04999999999999993 -0.535900275873251
0.09999999999999994 -0.5034352104747996
0.14999999999999994 -0.4695799841780237
0.19999999999999996 -0.43417485399327826
0.24999999999999994 -0.39704170932904087
0.29999999999999993 -0.3579815222328869
0.3499999999999999 -0.31675512097019104
0.3999999999999999 -0.2730801728733045
0.4499999999999999 -0.22660283625881258
0.4999999999999999 -0.1768752865945485
0.5499999999999999 -0.1233109746468996
0.6 -0.06511629002558698
0.65 -0.0011781090636967158
0.7000000000000001 0.07014049144877857
0.7500000000000001 0.15140023353134516
0.8000000000000002 0.24666268582779205
0.8500000000000002 0.3605057051540318
0.9000000000000002 0.4937710851126139
0.9500000000000003 0.6360370466861506
1.0000000000000002 0.7643461806131253
1.0500000000000003 0.8566192831785766
1.1000000000000003 0.9104285163720856
1.1500000000000004 0.9375760353833512
1.2000000000000004 0.9500297247772694
1.2500000000000004 0.9557029852931975
1.3000000000000005 0.958673728411849
1.3500000000000005 0.9608461430246934
1.4000000000000006 0.9625900656612756
1.4500000000000006 0.9642421535856448
1.5000000000000007 0.9655930584903847
1.5500000000000007 0.9668868743683662
1.6000000000000008 0.9682369802614995
1.6500000000000008 0.9696043110174772
1.7000000000000008 0.9710476179357844
1.7500000000000009 0.9725230044594811
1.800000000000001 0.9739726984256294
1.850000000000001 0.9753798374674891
1.900000000000001 0.9767265001594344
1.950000000000001 0.9780060618143617
2.000000000000001 0.9792072906404918
2.0500000000000007 0.9803246315115093
2.1000000000000005 0.9813629116687927
2.1500000000000004 0.9823268026071836
2.2 0.9832209244733017
2.25 0.9840503926692917
2.3 0.9848202475854076
2.3499999999999996 0.985535594673609
2.3999999999999995 0.9862011580310559
2.4499999999999993 0.9868212219969772
2.499999999999999 0.987399711405464
2.549999999999999 0.9879403718262586
2.5999999999999988 0.9884464068224192
2.6499999999999986 0.9889207194637314
2.6999999999999984 0.9893658425347645
2.7499999999999982 0.9897843626588667
2.799999999999998 0.9901783550836656
2.849999999999998 0.9905496662387737
2.8999999999999977 0.9908999682870381
2.9499999999999975 0.9912308703553501
2.9999999999999973 0.9915439165410371