0 -0.01208209022305382
0.05 0.002355765075316334
0.1 0.026893245937285433
0.15000000000000002 0.05758515870389566
0.2 0.09084195475015347
0.25 0.12485484017335584
0.3 0.1589536731435445
0.35 0.19295565027047087
0.39999999999999997 0.2270366529743529
0.44999999999999996 0.26153611771119223
0.49999999999999994 0.29682944900669395
0.5499999999999999 0.3333181695598211
0.6 0.3714320824341145
0.65 0.4116898768533888
0.7000000000000001 0.4548461266188255
0.7500000000000001 0.5020838953849674
0.8000000000000002 0.5552911848425679
0.8500000000000002 0.6164700917324113
0.9000000000000002 0.6862822691904248
0.9500000000000003 0.760559257611729
1.0000000000000002 0.8270446627276224
1.0500000000000003 0.8756111886143033
1.1000000000000003 0.9067988616652911
1.1500000000000004 0.9253400409308853
1.2000000000000004 0.9364732902867383
1.2500000000000004 0.9437045938793791
1.3000000000000005 0.9486805826447465
1.3500000000000005 0.9524653350483178
1.4000000000000006 0.955614029515312
1.4500000000000006 0.9584101818732912
1.5000000000000007 0.9610446160926742
1.5500000000000007 0.9635282589287468
1.6000000000000008 0.9658434004846782
1.6500000000000008 0.9680172253889006
1.7000000000000008 0.9700278529077394
1.7500000000000009 0.9719079770223639
1.800000000000001 0.9736446933915824
1.850000000000001 0.9752423839682075
1.900000000000001 0.9767137545263437
1.950000000000001 0.9780681113600278
2.000000000000001 0.9793141051626515
2.0500000000000007 0.9804603078417361
2.1000000000000005 0.9815152353297015
2.1500000000000004 0.9824871350457623
2.2 0.9833837776108525
2.25 0.9842123267226003
2.3 0.9849792218857638
2.3499999999999996 0.9856904643321416
2.3999999999999995 0.9863513236418266
2.4499999999999993 0.9869664390513821
2.499999999999999 0.9875399093094153
2.549999999999999 0.9880756497349055
2.5999999999999988 0.9885769143325365
2.6499999999999986 0.9890466273055797
2.6999999999999984 0.989487360404511
2.7499999999999982 0.9899016577800238
2.799999999999998 0.9902915787790678
2.849999999999998 0.9906590092664939
2.8999999999999977 0.991005633313672
2.9499999999999975 0.9913330247143904
2.9999999999999973 0.991642742832144
2.9499999999999975 0.9916166344806937
2.8999999999999977 0.991439265955067
2.849999999999998 0.9911856433821989
2.799999999999998 0.990888166559365
2.7499999999999982 0.9905600229364971
2.6999999999999984 0.9902067070237198
2.6499999999999986 0.989829916050168
2.5999999999999988 0.9894295364701724
2.549999999999999 0.9890043653770183
2.499999999999999 0.9885529745671853
2.4499999999999993 0.988073444430244
2.3999999999999995 0.9875635349126916
2.3499999999999996 0.9870207308852608
2.3 0.9864421313051905
2.25 0.9858247499472841
2.2 0.9851650960194717
2.1500000000000004 0.9844593034708521
2.1000000000000005 0.983702959428419
2.0500000000000007 0.9828914091032026
2.000000000000001 0.9820192491438264
1.9500000000000008 0.9810804282192811
1.9000000000000008 0.9800681750441531
1.8500000000000008 0.9789749271942535
1.8000000000000007 0.9777920769366798
1.7500000000000007 0.9765099111391446
1.7000000000000006 0.9751174786735902
1.6500000000000006 0.97360221256419
1.6000000000000005 0.9719499784520447
1.5500000000000005 0.9701444792196838
1.5000000000000004 0.9681672390245151
1.4500000000000004 0.9659970355787443
1.4000000000000004 0.9636093636262619
1.3500000000000003 0.9609762977856385
1.3000000000000003 0.9580655735810849
1.2500000000000002 0.9548398814882578
1.2000000000000002 0.9512562866146318
1.1500000000000001 0.9472652603296233
1.1 0.9428097027786935
1.05 0.9378239317840742
1.0 0.9322325820843215
0.95 0.9259499506986513
0.8999999999999999 0.9188791062622123
0.8499999999999999 0.9109120636561057
0.7999999999999998 0.9019306938977332
0.7499999999999998 0.8918093432933434
0.6999999999999997 0.8804200157558516
0.6499999999999997 0.8676409087459866
0.5999999999999996 0.8533677475027472
0.5499999999999996 0.837525328457018
0.4999999999999996 0.8200748259820708
0.4499999999999996 0.8010159925717105
0.39999999999999963 0.7803856887958185
0.34999999999999964 0.7582543175518138
0.29999999999999966 0.7347141485383533
0.24999999999999967 0.7098593650881583
0.19999999999999968 0.6837677798975804
0.1499999999999997 0.6564967943727608
0.09999999999999969 0.6280867265450645
0.049999999999999684 0.5985178733512084
-3.191891195797325e-16 0.5677488868710935
-0.05000000000000032 0.5358607112799991
-0.10000000000000032 0.5028491614129946
-0.15000000000000033 0.4685943961535413
-0.20000000000000034 0.4329256157472704
-0.25000000000000033 0.3956443211182329
-0.3000000000000003 0.35653243247931204
-0.3500000000000003 0.31533739162495417
-0.4000000000000003 0.2717698782377321
-0.4500000000000003 0.22547572298458213
-0.5000000000000003 0.17601239611335534
-0.5500000000000004 0.12280645558094962
-0.6000000000000004 0.0650867465543721
-0.6500000000000005 0.001779037274259323
-0.7000000000000005 -0.06868614009480738
-0.7500000000000006 -0.14874054791351798
-0.8000000000000006 -0.2423156294221626
-0.8500000000000006 -0.35445837672297237
-0.9000000000000007 -0.4870290724307534
-0.9500000000000007 -0.6300358841886372
-1.0000000000000007 -0.7588545526052147
-1.0500000000000007 -0.8522814067727127
-1.1000000000000008 -0.9084401147272773
-1.1500000000000008 -0.937497717248009
-1.2000000000000008 -0.9516434187338595
-1.2500000000000009 -0.9583890327936196
-1.300000000000001 -0.9615348832716388
-1.350000000000001 -0.9628868989358946
-1.400000000000001 -0.9637119503856838
-1.450000000000001 -0.9646892741530537
-1.500000000000001 -0.9658854227561026
-1.5500000000000012 -0.9671804868272079
-1.6000000000000012 -0.9684924468179085
-1.6500000000000012 -0.9698811985244701
-1.7000000000000013 -0.9713009667135333
-1.7500000000000013 -0.9727460445136479
-1.8000000000000014 -0.9741886331612878
-1.8500000000000014 -0.9755975370927313
-1.9000000000000015 -0.9769445473701951
-1.9500000000000015 -0.9782119741432089
-2.0000000000000013 -0.9793993668341296
-2.050000000000001 -0.9805092187179045
-2.100000000000001 -0.9815444821087774
-2.150000000000001 -0.9825028834975911
-2.2000000000000006 -0.9833964977181896
-2.2500000000000004 -0.9842212355100518
-2.3000000000000003 -0.9849847939061175
-2.35 -0.9856938076099439
-2.4 -0.9863532905722895
-2.4499999999999997 -0.9869675739039772
-2.4999999999999996 -0.9875405589662309
-2.5499999999999994 -0.9880760128485361
-2.599999999999999 -0.9885771164098621
-2.649999999999999 -0.9890467340356559
-2.699999999999999 -0.9894874170703304
-2.7499999999999987 -0.98990168672088
-2.7999999999999985 -0.9902915909887319
-2.8499999999999983 -0.9906590121478063
-2.899999999999998 -0.9910056338567547
-2.949999999999998 -0.9913330219485313
-2.999999999999998 -0.9916427395976651
-2.949999999999998 -0.9916166326169491
-2.899999999999998 -0.9914392649253704
-2.8499999999999983 -0.9911856425149783
-2.7999999999999985 -0.990888165953523
-2.7499999999999987 -0.9905600227371575
-2.699999999999999 -0.9902067056136342
-2.649999999999999 -0.9898299149648064
-2.599999999999999 -0.9894295360069453
-2.5499999999999994 -0.9890043653382404
-2.4999999999999996 -0.9885529754816228
-2.4499999999999997 -0.9880734463067672
-2.4 -0.9875635366213377
-2.35 -0.9870207305387242
-2.3000000000000003 -0.9864421319718247
-2.2500000000000004 -0.9858247519016418
-2.2000000000000006 -0.9851650962192131
-2.150000000000001 -0.9844593040921641
-2.100000000000001 -0.9837029600860319
-2.050000000000001 -0.9828914095179653
-2.0000000000000013 -0.9820192510084896
-1.9500000000000013 -0.9810804312351438
-1.9000000000000012 -0.9800681772455577
-1.8500000000000012 -0.9789749290406766
-1.8000000000000012 -0.9777920793379321
-1.750000000000001 -0.9765099143849931
-1.700000000000001 -0.9751174812886464
-1.650000000000001 -0.9736022152833378
-1.600000000000001 -0.9719499811933123
-1.550000000000001 -0.9701444841214257
-1.5000000000000009 -0.9681672433921787
-1.4500000000000008 -0.9659970413545476
-1.4000000000000008 -0.9636093704639763
-1.3500000000000008 -0.9609763043256029
-1.3000000000000007 -0.95806558127639
-1.2500000000000007 -0.9548398929259445
-1.2000000000000006 -0.9512562991856068
-1.1500000000000006 -0.9472652722331805
-1.1000000000000005 -0.9428097141275044
-1.0500000000000005 -0.9378239394392954
-1.0000000000000004 -0.9322325894169068
-0.9500000000000004 -0.9259499586419466
-0.9000000000000004 -0.9188791185064721
-0.8500000000000003 -0.9109120761746089
-0.8000000000000003 -0.9019307070963267
-0.7500000000000002 -0.8918093567643699
-0.7000000000000002 -0.8804200308698638
-0.6500000000000001 -0.8676409231225354
-0.6000000000000001 -0.8533677607608782
-0.55 -0.8375253428054787
-0.5 -0.8200748374410207
-0.45 -0.8010160023012943
-0.4 -0.780385698358977
-0.35000000000000003 -0.7582543317517335
-0.30000000000000004 -0.7347141693863497
-0.25000000000000006 -0.7098593955344689
-0.20000000000000007 -0.6837678246086721
-0.15000000000000008 -0.6564968602726937
-0.10000000000000007 -0.6280868257866379
-0.05000000000000007 -0.5985180300515406
-6.938893903907228e-17 -0.5677490812545842
0.04999999999999993 -0.535860913261993
0.09999999999999994 -0.5028493509097484
0.14999999999999994 -0.4685945715927789
0.19999999999999996 -0.43292578107202073
0.24999999999999994 -0.3956444815897261
0.29999999999999993 -0.35653259482713884
0.3499999999999999 -0.31533755660594615
0.3999999999999999 -0.2717700505775976
0.4499999999999999 -0.22547590645130902
0.4999999999999999 -0.17601259372408426
0.5499999999999999 -0.12280666996119458
0.6 -0.06508698092067046
0.65 -0.0017792948755738797
0.7000000000000001 0.06868585236483156
0.7500000000000001 0.14874022755064725
0.8000000000000002 0.242315270357708
0.8500000000000002 0.35445796695610765
0.9000000000000002 0.48702859535976895
0.9500000000000003 0.6300353063628723
1.0000000000000002 0.7588538135762111
1.0500000000000003 0.8522803710257574
1.1000000000000003 0.9084384801627662
1.1500000000000004 0.9374948885665918
1.2000000000000004 0.9516395762190412
1.2500000000000004 0.9583835267563513
1.3000000000000005 0.9615297571539069
1.3500000000000005 0.9628826355801884
1.4000000000000006 0.9637086549397132
1.4500000000000006 0.9646878432141612
1.5000000000000007 0.9658870945847009
1.5500000000000007 0.9671866071230089
1.6000000000000008 0.9685103810487896
1.6500000000000008 0.9699085423831417
1.7000000000000008 0.9713337662759237
1.7500000000000009 0.9727843712060968
1.800000000000001 0.9742180087187874
1.850000000000001 0.9756164736091425
1.900000000000001 0.9769625787589905
1.950000000000001 0.9782312112481584
2.000000000000001 0.9794187246690825
2.0500000000000007 0.9805270951847447
2.1000000000000005 0.9815570435407092
2.1500000000000004 0.9825129552122468
2.2 0.9833995372313945
2.25 0.9842218345591129
2.3 0.9849849042887606
2.3499999999999996 0.9856938293492656
2.3999999999999995 0.9863532960269749
2.4499999999999993 0.9869675751684975
2.499999999999999 0.9875405594124561
2.549999999999999 0.9880760131690038
2.5999999999999988 0.9885771166718966
2.6499999999999986 0.9890467341413559
2.6999999999999984 0.9894874168804527
2.7499999999999982 0.9899016866737514
2.799999999999998 0.990291590938492
2.849999999999998 0.9906590121770533
2.8999999999999977 0.9910056339707428
2.9499999999999975 0.9913330219575791
2.9999999999999973 0.9916427396284451