
0 0.24803617530085878
0.05 0.28338105942808595
0.1 0.3201805474074329
0.15000000000000002 0.3587677929597209
0.2 0.39963862467403033
0.25 0.4435381950986423
0.3 0.49163401451535754
0.35 0.5458434871064605
0.39999999999999997 0.6083378286977968
0.44999999999999996 0.6799048988819262
0.49999999999999994 0.7564399927969541
0.5499999999999999 0.825192114273866
0.6 0.8751257698196576
0.65 0.9067587932471263
0.7000000000000001 0.9253640857154788
0.7500000000000001 0.9365182850307737
0.8000000000000002 0.9437444479074881
0.8500000000000002 0.9487579595573695
0.9000000000000002 0.9525246272138149
0.9500000000000003 0.9556258823926927
1.0000000000000002 0.9584233071598066
1.0500000000000003 0.9610998885282094
1.1000000000000003 0.9635838854103322
1.1500000000000004 0.9658973458570058
1.2000000000000004 0.9680579518216686
1.2500000000000004 0.9700560529545296
1.3000000000000005 0.9719063669705335
1.3500000000000005 0.9736302927067154
1.4000000000000006 0.9752347312948935
1.4500000000000006 0.9767127467858644
1.5000000000000007 0.9780688071516564
1.5500000000000007 0.9793145231764203
1.6000000000000008 0.9804602311460684
1.6500000000000008 0.9815148774741367
1.7000000000000008 0.9824873538766113
1.7500000000000009 0.9833841460710411
1.800000000000001 0.9842126562261168
1.850000000000001 0.9849794959265455
1.900000000000001 0.9856906996914468
1.950000000000001 0.986351533055861
2.000000000000001 0.9869666281004125
2.0500000000000007 0.9875400857019455
2.1000000000000005 0.9880758123824397
2.1500000000000004 0.9885770705537816
2.2 0.9890467765902378
2.25 0.9894875050050396
2.3 0.9899017973359845
2.3499999999999996 0.9902917120225744
2.3999999999999995 0.9906591361292348
2.4499999999999993 0.9910057567328974
2.499999999999999 0.9913331428248248
2.549999999999999 0.9916428577328386
2.5999999999999988 0.9916167543887017
2.6499999999999986 0.9914393884295831
2.6999999999999984 0.9911857716939351
2.7499999999999982 0.9908882991674376
2.799999999999998 0.990560161123727
2.849999999999998 0.9902068496543207
2.8999999999999977 0.9898300636470952
2.9499999999999975 0.9894296905804479
2.9999999999999973 0.989004524331518
2.9499999999999975 0.9885531420540256
2.8999999999999977 0.988073619286119
2.849999999999998 0.9875637170601715
2.799999999999998 0.9870209200778595
2.7499999999999982 0.9864423307287772
2.6999999999999984 0.9858249584606452
2.6499999999999986 0.9851653134358219
2.5999999999999988 0.9844595321380631
2.549999999999999 0.983703199420259
2.499999999999999 0.9828916606998729
2.4499999999999993 0.9820195141975688
2.3999999999999995 0.9810807067107228
2.3499999999999996 0.9800684687337058
2.3 0.9789752343087872
2.25 0.9777924024177616
2.2 0.9765102567179097
2.1500000000000004 0.9751178459228281
2.1000000000000005 0.973602602853773
2.0500000000000007 0.9719503958473852
2.000000000000001 0.9701449257878307
1.9500000000000008 0.9681677175868368
1.9000000000000008 0.9659975496441733
1.8500000000000008 0.9636099166694551
1.8000000000000007 0.960976896771216
1.7500000000000007 0.9580662249920895
1.7000000000000006 0.9548405929963807
1.6500000000000006 0.9512570617685555
1.6000000000000005 0.9472661125506873
1.5500000000000005 0.9428106418038531
1.5000000000000004 0.9378249641157231
1.4500000000000004 0.9322337180904071
1.4000000000000004 0.9259512086847488
1.3500000000000003 0.9188804861351965
1.3000000000000003 0.9109135611012061
1.2500000000000002 0.9019322956045341
1.2000000000000002 0.8918110297143124
1.1500000000000001 0.880421754652442
1.1 0.8676426421374467
1.05 0.8533693926559881
1.0 0.8375267450842799
0.95 0.820075773168595
0.8999999999999999 0.8010160824287786
0.8499999999999999 0.7803843292417044
0.7999999999999998 0.7582508462710308
0.7499999999999998 0.7347082046994962
0.6999999999999997 0.7098515503369933
0.6499999999999997 0.6837608303371329
0.5999999999999996 0.6564955113159823
0.5499999999999996 0.6280997064791902
0.4999999999999996 0.5986054344879125
0.4499999999999996 0.5680221196509045
0.39999999999999963 0.5363258394096936
0.34999999999999964 0.5034533064865024
0.29999999999999966 0.46929289470434044
0.24999999999999967 0.43369132688972206
0.19999999999999968 0.39646212923545254
0.1499999999999997 0.3573940843005716
0.09999999999999969 0.3162383689436271
0.049999999999999684 0.2727076605697835
-3.191891195797325e-16 0.22627264876680805
-0.05000000000000032 0.17647031340842195
-0.10000000000000032 0.12305020160477423
-0.15000000000000033 0.06521986605292153
-0.20000000000000034 0.0018547076195229034
-0.25000000000000033 -0.06864142038984186
-0.3000000000000003 -0.14871306421631475
-0.3500000000000003 -0.2422978309900613
-0.4000000000000003 -0.3544467285693015
-0.4500000000000003 -0.48702199735372476
-0.5000000000000003 -0.6300326862793896
-0.5500000000000004 -0.7588534721276532
-0.6000000000000004 -0.8522800901918575
-0.6500000000000005 -0.9084381168685844
-0.7000000000000005 -0.9374958984657901
-0.7500000000000006 -0.9516415699472534
-0.8000000000000006 -0.9583869648039486
-0.8500000000000006 -0.9615335467258896
-0.9000000000000007 -0.9628861562665386
-0.9500000000000007 -0.9637120245372642
-1.0000000000000007 -0.9646902564471894
-1.0500000000000007 -0.9658880355526598
-1.1000000000000008 -0.9671864285575695
-1.1500000000000008 -0.9685095682739048
-1.2000000000000008 -0.9699063487332864
-1.2500000000000009 -0.9713279322271391
-1.300000000000001 -0.9727695719889576
-1.350000000000001 -0.974208407740807
-1.400000000000001 -0.9756034379507867
-1.450000000000001 -0.9769456601844859
-1.500000000000001 -0.9782125882272129
-1.5500000000000012 -0.9793994050351578
-1.6000000000000012 -0.9805081158148594
-1.6500000000000012 -0.9815405290319856
-1.7000000000000013 -0.9825075056469259
-1.7500000000000013 -0.9833986164080795
-1.8000000000000014 -0.984221851189481
-1.8500000000000014 -0.9849850853828397
-1.9000000000000015 -0.985694028426536
-1.9500000000000015 -0.9863534886196097
-2.0000000000000013 -0.986967761822648
-2.050000000000001 -0.9875407377182824
-2.100000000000001 -0.9880761842867144
-2.150000000000001 -0.9885772794226936
-2.2000000000000006 -0.989046891163334
-2.2500000000000004 -0.9894875688364394
-2.3000000000000003 -0.9899018324210115
-2.35 -0.9902917301882886
-2.4 -0.9906591461086627
-2.4499999999999997 -0.9910057622263371
-2.4999999999999996 -0.9913331454409304
-2.5499999999999994 -0.9916428593469032
-2.599999999999999 -0.991616754283272
-2.649999999999999 -0.9914393879593376
-2.699999999999999 -0.9911857694942263
-2.7499999999999987 -0.9908882976752103
-2.7999999999999985 -0.9905601596418371
-2.8499999999999983 -0.9902068476354502
-2.899999999999998 -0.9898300624867953
-2.949999999999998 -0.9894296890913463
-2.999999999999998 -0.98900452251909
-2.949999999999998 -0.9885531404247968
-2.899999999999998 -0.9880736194246144
-2.8499999999999983 -0.9875637170346514
-2.7999999999999985 -0.9870209188189099
-2.7499999999999987 -0.9864423301448725
-2.699999999999999 -0.9858249586451061
-2.649999999999999 -0.9851653128815093
-2.599999999999999 -0.9844595303014315
-2.5499999999999994 -0.9837031974230223
-2.4999999999999996 -0.9828916583840788
-2.4499999999999997 -0.9820195125413596
-2.4 -0.9810807053455757
-2.35 -0.9800684671544345
-2.3000000000000003 -0.9789752337844414
-2.2500000000000004 -0.9777924023926259
-2.2000000000000006 -0.9765102562576025
-2.150000000000001 -0.9751178459051939
-2.100000000000001 -0.9736026014212477
-2.050000000000001 -0.9719503939670858
-2.0000000000000013 -0.9701449242888456
-1.9500000000000013 -0.968167714370539
-1.9000000000000012 -0.9659975487115934
-1.8500000000000012 -0.9636099153328247
-1.8000000000000012 -0.9609768944576896
-1.750000000000001 -0.9580662231828088
-1.700000000000001 -0.954840592189894
-1.650000000000001 -0.9512570599530167
-1.600000000000001 -0.9472661100565903
-1.550000000000001 -0.9428106376085197
-1.5000000000000009 -0.9378249573997328
-1.4500000000000008 -0.9322337115089613
-1.4000000000000008 -0.92595119733402
-1.3500000000000008 -0.9188804729876803
-1.3000000000000007 -0.9109135505397516
-1.2500000000000007 -0.9019322886324157
-1.2000000000000006 -0.8918110200834405
-1.1500000000000006 -0.8804217401443795
-1.1000000000000005 -0.8676426261188562
-1.0500000000000005 -0.8533693754569529
-1.0000000000000004 -0.8375267241711293
-0.9500000000000004 -0.8200757465065283
-0.9000000000000004 -0.8010160485471588
-0.8500000000000003 -0.7803842930791587
-0.8000000000000003 -0.7582508126337654
-0.7500000000000002 -0.7347081793164835
-0.7000000000000002 -0.709851538180194
-0.6500000000000001 -0.6837608394375241
-0.6000000000000001 -0.6564955464561212
-0.55 -0.6280997664203645
-0.5 -0.5986055110085314
-0.45 -0.5680222048434553
-0.4 -0.5363259267271239
-0.35000000000000003 -0.5034533876828594
-0.30000000000000004 -0.46929297019540994
-0.25000000000000006 -0.43369139783227
-0.20000000000000007 -0.3964622003111521
-0.15000000000000008 -0.3573941575087896
-0.10000000000000007 -0.3162384444092891
-0.05000000000000007 -0.27270774023804245
-6.938893903907228e-17 -0.2264488866466485
0.04999999999999993 -0.17680849379792773
0.09999999999999994 -0.12325211734532243
0.14999999999999994 -0.06532376387122667
0.19999999999999996 -0.001909752622580026
0.24999999999999994 0.06861066091889001
0.29999999999999993 0.14869499319971155
0.3499999999999999 0.24228673616823598
0.3999999999999999 0.3544396444583611
0.4499999999999999 0.48701728751823514
0.4999999999999999 0.6300294016297637
0.5499999999999999 0.7588510555388179
0.6 0.8522781587818787
0.65 0.9084362930656998
0.7000000000000001 0.9374936869308924
0.7500000000000001 0.9516390734395282
0.8000000000000002 0.958383265488816
0.8500000000000002 0.9615299095303078
0.9000000000000002 0.962882776042708
0.9500000000000003 0.9637087681824716
1.0000000000000002 0.9646879320464216
1.0500000000000003 0.9658873671789022
1.1000000000000003 0.9671872256151665
1.1500000000000004 0.9685116970176969
1.2000000000000004 0.969909400553863
1.2500000000000004 0.9713343481885869
1.3000000000000005 0.972784336323074
1.3500000000000005 0.97421822242089
1.4000000000000006 0.975617237621127
1.4500000000000006 0.9769610363301147
1.5000000000000007 0.9782310274238666
1.5500000000000007 0.9794188390971235
1.6000000000000008 0.9805273243515913
1.6500000000000008 0.9815573050215796
1.7000000000000008 0.9825132111183812
1.7500000000000009 0.9833997777231627
1.800000000000001 0.9842220607967432
1.850000000000001 0.9849851202066165
1.900000000000001 0.9856940332140941
1.950000000000001 0.986353488715347
2.000000000000001 0.9869677605602035
2.0500000000000007 0.9875407370521734
2.1000000000000005 0.9880761839523277
2.1500000000000004 0.9885772792446735
2.2 0.9890468910596051
2.25 0.989487568768004
2.3 0.9899018324899408
2.3499999999999996 0.9902917301894254
2.3999999999999995 0.9906591461665895
2.4499999999999993 0.9910057622230578