
0 0.24803569323691615
0.05 0.2833806067145933
0.1 0.3201801502333578
0.15000000000000002 0.3587674595788118
0.2 0.39963835273371545
0.25 0.44353797719328697
0.3 0.4916338444792563
0.35 0.5458433589152308
0.39999999999999997 0.6083377315596747
0.44999999999999996 0.6799048415384629
0.49999999999999994 0.7564398980763734
0.5499999999999999 0.8251919670955342
0.6 0.8751255878668414
0.65 0.9067587531802666
0.7000000000000001 0.92536415518797
0.7500000000000001 0.9365183723750093
0.8000000000000002 0.943744480019381
0.8500000000000002 0.9487579518485437
0.9000000000000002 0.9525245476722662
0.9500000000000003 0.9556257994381849
1.0000000000000002 0.9584232260599892
1.0500000000000003 0.9610998017272522
1.1000000000000003 0.9635838243979781
1.1500000000000004 0.9658973169128007
1.2000000000000004 0.9680579117213259
1.2500000000000004 0.970056012706045
1.3000000000000005 0.9719063365239334
1.3500000000000005 0.9736303143150012
1.4000000000000006 0.9752346903737065
1.4500000000000006 0.9767126982364776
1.5000000000000007 0.9780687715329771
1.5500000000000007 0.9793144932069662
1.6000000000000008 0.9804602043268814
1.6500000000000008 0.9815148541414368
1.7000000000000008 0.9824873312252834
1.7500000000000009 0.9833841235599319
1.800000000000001 0.9842126346618291
1.850000000000001 0.984979475530645
1.900000000000001 0.985690680348685
1.950000000000001 0.9863515146571221
2.000000000000001 0.9869666108292343
2.0500000000000007 0.9875400689082832
2.1000000000000005 0.9880757963508889
2.1500000000000004 0.9885770552081591
2.2 0.9890467618783926
2.25 0.9894874908866488
2.3 0.9899017834798353
2.3499999999999996 0.9902916988665822
2.3999999999999995 0.9906591235357559
2.4499999999999993 0.9910057447224311
2.499999999999999 0.9913331312095173
2.549999999999999 0.9916428465168335
2.5999999999999988 0.9916167430999364
2.6499999999999986 0.9914393768738715
2.6999999999999984 0.9911857597749122
2.7499999999999982 0.9908882868307914
2.799999999999998 0.9905601482103716
2.849999999999998 0.9902068363082105
2.8999999999999977 0.9898300498131749
2.9499999999999975 0.9894296762143425
2.9999999999999973 0.9890045093934459
2.9499999999999975 0.9885531265031946
2.8999999999999977 0.988073603080137
2.849999999999998 0.9875637001441459
2.799999999999998 0.9870209019279782
2.7499999999999982 0.986442312561001
2.6999999999999984 0.9858249392457357
2.6499999999999986 0.9851652932272218
2.5999999999999988 0.9844595109519564
2.549999999999999 0.9837031771448552
2.499999999999999 0.9828916372730738
2.4499999999999993 0.9820194898628818
2.3999999999999995 0.9810806809338108
2.3499999999999996 0.9800684414417429
2.3 0.978975205382768
2.25 0.9777923718326929
2.2 0.9765102241767092
2.1500000000000004 0.9751178111891806
2.1000000000000005 0.9736025657241258
2.0500000000000007 0.97195035611912
2.000000000000001 0.9701448830655763
1.9500000000000008 0.9681676715093529
1.9000000000000008 0.9659974997589668
1.8500000000000008 0.9636098625047108
1.8000000000000007 0.9609768377112854
1.7500000000000007 0.9580661602780003
1.7000000000000006 0.9548405218066529
1.6500000000000006 0.9512569834188307
1.6000000000000005 0.9472660254187318
1.5500000000000005 0.9428105448105363
1.5000000000000004 0.9378248556570851
1.4500000000000004 0.9322335964237058
1.4000000000000004 0.9259510734122739
1.3500000000000003 0.9188803353993266
1.3000000000000003 0.9109133939115005
1.2500000000000002 0.9019321111864174
1.2000000000000002 0.8918108290219177
1.1500000000000001 0.8804215381774814
1.1 0.8676424117403214
1.05 0.853369150335824
1.0 0.8375264975198822
0.95 0.8200755347016494
0.8999999999999999 0.8010158889805014
0.8499999999999999 0.7803842386091676
0.7999999999999998 0.7582509274799514
0.7499999999999998 0.7347084957561373
0.6999999999999997 0.7098519879679013
0.6499999999999997 0.6837611302052788
0.5999999999999996 0.6564951818112148
0.5499999999999996 0.6280984696098175
0.4999999999999996 0.598603498189556
0.4499999999999996 0.5680199750897199
0.39999999999999963 0.536323926040925
0.34999999999999964 0.503451801842991
0.29999999999999966 0.46929179077301864
0.24999999999999967 0.43369054612316077
0.19999999999999968 0.3964615891728807
0.1499999999999997 0.35739371728625824
0.09999999999999969 0.3162381253044731
0.049999999999999684 0.2725665986721499
-3.191891195797325e-16 0.22594891196900108
-0.05000000000000032 0.1762652964221411
-0.10000000000000032 0.12294353381450245
-0.15000000000000033 0.06516366600555878
-0.20000000000000034 0.0018237466994349121
-0.25000000000000033 -0.0686592280926944
-0.3000000000000003 -0.14872367247518323
-0.3500000000000003 -0.24230432858953094
-0.4000000000000003 -0.35445072259377647
-0.4500000000000003 -0.4870243869687798
-0.5000000000000003 -0.6300340928917536
-0.5500000000000004 -0.7588543596099018
-0.6000000000000004 -0.8522807761084219
-0.6500000000000005 -0.9084386768127786
-0.7000000000000005 -0.9374962894808769
-0.7500000000000006 -0.9516418491185265
-0.8000000000000006 -0.9583872013014642
-0.8500000000000006 -0.9615336665699951
-0.9000000000000007 -0.9628861277721013
-0.9500000000000007 -0.9637119431675638
-1.0000000000000007 -0.9646902263706965
-1.0500000000000007 -0.9658880344635389
-1.1000000000000008 -0.9671864107340706
-1.1500000000000008 -0.9685095240797678
-1.2000000000000008 -0.9699062920488001
-1.2500000000000009 -0.9713278840898619
-1.300000000000001 -0.9727695097224671
-1.350000000000001 -0.9742083508065594
-1.400000000000001 -0.9756034007482834
-1.450000000000001 -0.9769456426723394
-1.500000000000001 -0.9782125624877273
-1.5500000000000012 -0.9793993758604029
-1.6000000000000012 -0.980508076523983
-1.6500000000000012 -0.9815404266724191
-1.7000000000000013 -0.9825073123012225
-1.7500000000000013 -0.9833985526269436
-1.8000000000000014 -0.9842218217487996
-1.8500000000000014 -0.9849850635208018
-1.9000000000000015 -0.9856940083329863
-1.9500000000000015 -0.9863534699801159
-2.0000000000000013 -0.9869677441948017
-2.050000000000001 -0.9875407209313106
-2.100000000000001 -0.9880761682497128
-2.150000000000001 -0.9885772640711442
-2.2000000000000006 -0.9890468764484818
-2.2500000000000004 -0.9894875547160477
-2.3000000000000003 -0.9899018188673087
-2.35 -0.9902917171529156
-2.4 -0.9906591335626405
-2.4499999999999997 -0.991005750143585
-2.4999999999999996 -0.9913331337977128
-2.5499999999999994 -0.9916428481199315
-2.599999999999999 -0.9916167436027119
-2.649999999999999 -0.9914393767409313
-2.699999999999999 -0.9911857577643309
-2.7499999999999987 -0.990888285446095
-2.7999999999999985 -0.9905601469135478
-2.8499999999999983 -0.9902068343955422
-2.899999999999998 -0.9898300487146029
-2.949999999999998 -0.989429674761525
-2.999999999999998 -0.9890045076024762
-2.949999999999998 -0.9885531248865487
-2.899999999999998 -0.9880736032260846
-2.8499999999999983 -0.9875637001429299
-2.7999999999999985 -0.9870209011769556
-2.7499999999999987 -0.9864423116936075
-2.699999999999999 -0.9858249393427475
-2.649999999999999 -0.9851652926647293
-2.599999999999999 -0.9844595090994165
-2.5499999999999994 -0.9837031751605991
-2.4999999999999996 -0.9828916349751452
-2.4499999999999997 -0.9820194880094459
-2.4 -0.9810806793868921
-2.35 -0.9800684397096805
-2.3000000000000003 -0.9789752047342991
-2.2500000000000004 -0.9777923716054386
-2.2000000000000006 -0.9765102235418757
-2.150000000000001 -0.9751178110613383
-2.100000000000001 -0.9736025642153991
-2.050000000000001 -0.9719503541297307
-2.0000000000000013 -0.9701448815010167
-1.9500000000000013 -0.9681676682471944
-1.9000000000000012 -0.965997499163013
-1.8500000000000012 -0.9636098618774164
-1.8000000000000012 -0.9609768358748332
-1.750000000000001 -0.9580661588339997
-1.700000000000001 -0.9548405212902891
-1.650000000000001 -0.9512569815362141
-1.600000000000001 -0.9472660227853189
-1.550000000000001 -0.9428105413437471
-1.5000000000000009 -0.9378248499040315
-1.4500000000000008 -0.9322335935146118
-1.4000000000000008 -0.9259510648673339
-1.3500000000000008 -0.9188803251373256
-1.3000000000000007 -0.910913386704955
-1.2500000000000007 -0.9019321086321249
-1.2000000000000006 -0.8918108228503123
-1.1500000000000006 -0.8804215291057882
-1.1000000000000005 -0.8676424011769341
-1.0500000000000005 -0.8533691392090907
-1.0000000000000004 -0.8375264827157314
-0.9500000000000004 -0.8200755153426381
-0.9000000000000004 -0.8010158665125477
-0.8500000000000003 -0.7803842156099966
-0.8000000000000003 -0.7582509075895751
-0.7500000000000002 -0.7347084836752144
-0.7000000000000002 -0.7098519866534786
-0.6500000000000001 -0.6837611479014447
-0.6000000000000001 -0.6564952243504227
-0.55 -0.6280985429563194
-0.5 -0.5986035892275011
-0.45 -0.5680200738591936
-0.4 -0.5363240244147702
-0.35000000000000003 -0.5034518914602182
-0.30000000000000004 -0.4692918723612806
-0.25000000000000006 -0.4336906217023519
-0.20000000000000007 -0.3964616634669177
-0.15000000000000008 -0.3573937927361218
-0.10000000000000007 -0.31623820238514877
-0.05000000000000007 -0.27256668032800946
-6.938893903907228e-17 -0.22594900059698647
0.04999999999999993 -0.1762653942153426
0.09999999999999994 -0.12294364081180263
0.14999999999999994 -0.06516378446608943
0.19999999999999996 -0.00182387791741012
0.24999999999999994 0.06865908000866948
0.29999999999999993 0.14872350532345743
0.3499999999999999 0.24230413679616997
0.3999999999999999 0.3544505006610435
0.4499999999999999 0.4870241249416467
0.4999999999999999 0.6300337747383964
0.5499999999999999 0.7588539503766664
0.6 0.8522802111137925
0.65 0.9084377865072222
0.7000000000000001 0.9374947108004867
0.7500000000000001 0.9516397735350315
0.8000000000000002 0.9583837666044951
0.8500000000000002 0.9615301909245412
0.9000000000000002 0.9628828524558203
0.9500000000000003 0.9637087511287151
1.0000000000000002 0.9646879333771364
1.0500000000000003 0.965887377328198
1.1000000000000003 0.967187217099027
1.1500000000000004 0.9685116562971264
1.2000000000000004 0.9699093437140327
1.2500000000000004 0.9713342898391127
1.3000000000000005 0.972784278671502
1.3500000000000005 0.974218180837051
1.4000000000000006 0.9756172210420467
1.4500000000000006 0.9769609221140518
1.5000000000000007 0.9782309481360574
1.5500000000000007 0.9794187978562876
1.6000000000000008 0.9805272921561856
1.6500000000000008 0.9815572775211849
1.7000000000000008 0.9825131844835954
1.7500000000000009 0.9833997536997645
1.800000000000001 0.9842220386715562
1.850000000000001 0.9849850995252962
1.900000000000001 0.9856940132495394
1.950000000000001 0.9863534700542601
2.000000000000001 0.9869677429030874
2.0500000000000007 0.9875407202471931
2.1000000000000005 0.9880761674388068
2.1500000000000004 0.9885772637356248
2.2 0.9890468764002854
2.25 0.9894875546682494
2.3 0.9899018189341507
2.3499999999999996 0.9902917171528788
2.3999999999999995 0.9906591336191287
2.4499999999999993 0.9910057501401833