
0 0.24804291722269192
0.05 0.28338767894364164
0.1 0.3201863677026077
0.15000000000000002 0.3587726071948522
0.2 0.3996424905708503
0.25 0.44354130997704866
0.3 0.4916366072996642
0.35 0.5458457758539291
0.39999999999999997 0.6083401225231062
0.44999999999999996 0.6799071823746724
0.49999999999999994 0.7564412843887418
0.5499999999999999 0.8251922542908573
0.6 0.8751254728504151
0.65 0.9067591420540663
0.7000000000000001 0.9253645030463482
0.7500000000000001 0.9365182836850097
0.8000000000000002 0.9437442995528436
0.8500000000000002 0.9487579215760131
0.9000000000000002 0.9525244028254394
0.9500000000000003 0.9556255642807023
1.0000000000000002 0.9584227569807072
1.0500000000000003 0.9610993885301065
1.1000000000000003 0.9635834191078353
1.1500000000000004 0.9658969231454096
1.2000000000000004 0.9680575138706523
1.2500000000000004 0.9700556674445762
1.3000000000000005 0.9719060003701299
1.3500000000000005 0.9736298499823163
1.4000000000000006 0.9752344330774391
1.4500000000000006 0.9767124676032889
1.5000000000000007 0.9780685561168739
1.5500000000000007 0.979314291101513
1.6000000000000008 0.9804600077652633
1.6500000000000008 0.9815146391430999
1.7000000000000008 0.9824871186140384
1.7500000000000009 0.9833839535654034
1.800000000000001 0.9842124796108493
1.850000000000001 0.9849793302707934
1.900000000000001 0.985690541588965
1.950000000000001 0.9863513836648106
2.000000000000001 0.9869664827462917
2.0500000000000007 0.9875399464880562
2.1000000000000005 0.9880756797264036
2.1500000000000004 0.9885769437123452
2.2 0.9890466539369646
2.25 0.9894873861367502
2.3 0.9899016841089685
2.3499999999999996 0.9902916035376782
2.3999999999999995 0.9906590318947608
2.4499999999999993 0.9910056563988293
2.499999999999999 0.9913330460351697
2.549999999999999 0.991642764368519
2.5999999999999988 0.9916166612365052
2.6499999999999986 0.9914392926472319
2.6999999999999984 0.9911856722423167
2.7499999999999982 0.9908881962133368
2.799999999999998 0.9905600542919423
2.849999999999998 0.9902067385152398
2.8999999999999977 0.9898299488692058
2.9499999999999975 0.9894295710934428
2.9999999999999973 0.9890044024069927
2.9499999999999975 0.9885530146534985
2.8999999999999977 0.9880734860657432
2.849999999999998 0.9875635777258275
2.799999999999998 0.9870207739892323
2.7499999999999982 0.9864421772100563
2.6999999999999984 0.9858247985820262
2.6499999999999986 0.9851651459299311
2.5999999999999988 0.9844593562838654
2.549999999999999 0.9837030156392241
2.499999999999999 0.9828914679746887
2.4499999999999993 0.9820193127548325
2.3999999999999995 0.9810804956933604
2.3499999999999996 0.9800682455556414
2.3 0.9789750006489905
2.25 0.9777921544454737
2.2 0.9765099937703378
2.1500000000000004 0.9751175671148895
2.1000000000000005 0.9736023066500021
2.0500000000000007 0.9719500808344005
2.000000000000001 0.9701445895738418
1.9500000000000008 0.9681673554533023
1.9000000000000008 0.9659971626473661
1.8500000000000008 0.9636094997243819
1.8000000000000007 0.9609764460133629
1.7500000000000007 0.9580657347762762
1.7000000000000006 0.9548400579383983
1.6500000000000006 0.9512564800792525
1.6000000000000005 0.9472654710569487
1.5500000000000005 0.9428099341554526
1.5000000000000004 0.937824183135071
1.4500000000000004 0.9322328568641551
1.4000000000000004 0.9259502550166779
1.3500000000000003 0.9188794369461942
1.3000000000000003 0.9109124121670089
1.2500000000000002 0.9019310537619619
1.2000000000000002 0.8918097059274153
1.1500000000000001 0.8804203661496859
1.1 0.8676412199117701
1.05 0.8533679774746566
1.0 0.8375254318453688
0.95 0.8200747329618662
0.8999999999999999 0.801015618615452
0.8499999999999999 0.7803849406630728
0.7999999999999998 0.758253115605678
0.7499999999999998 0.7347124835887213
0.6999999999999997 0.7098574325475376
0.6499999999999997 0.6837662795818753
0.5999999999999996 0.6564971683209344
0.5499999999999996 0.628096185660681
0.4999999999999996 0.5985989142485373
0.4499999999999996 0.5680158822726877
0.39999999999999963 0.5363194547641735
0.34999999999999964 0.5033803637356606
0.29999999999999966 0.4689873391015583
0.24999999999999967 0.43315423759227917
0.19999999999999968 0.3957689155755681
0.1499999999999997 0.35659991530593094
0.09999999999999969 0.3153743395321007
0.049999999999999684 0.2717904569427695
-3.191891195797325e-16 0.22548741601302508
-0.05000000000000032 0.17601921478112084
-0.10000000000000032 0.1228105872078046
-0.15000000000000033 0.06508939238594265
-0.20000000000000034 0.001780877577239266
-0.25000000000000033 -0.06868470746254171
-0.3000000000000003 -0.1487392592560421
-0.3500000000000003 -0.24231424048517536
-0.4000000000000003 -0.3544568651216652
-0.4500000000000003 -0.48702775944749266
-0.5000000000000003 -0.6300352049218957
-0.5500000000000004 -0.7588541207037217
-0.6000000000000004 -0.8522809681594837
-0.6500000000000005 -0.9084393213282644
-0.7000000000000005 -0.9374964475635242
-0.7500000000000006 -0.9516417977427961
-0.8000000000000006 -0.9583871461627793
-0.8500000000000006 -0.9615334097236279
-0.9000000000000007 -0.9628858312171606
-0.9500000000000007 -0.9637115115222137
-1.0000000000000007 -0.9646897717109717
-1.0500000000000007 -0.9658874903709163
-1.1000000000000008 -0.9671859266870314
-1.1500000000000008 -0.9685089355849074
-1.2000000000000008 -0.9699057876878433
-1.2500000000000009 -0.9713274858561194
-1.300000000000001 -0.9727691999066319
-1.350000000000001 -0.9742079225660615
-1.400000000000001 -0.9756030925536064
-1.450000000000001 -0.9769454167198256
-1.500000000000001 -0.9782123431562549
-1.5500000000000012 -0.9793991242541772
-1.6000000000000012 -0.9805077790704969
-1.6500000000000012 -0.981539570566668
-1.7000000000000013 -0.9825043239978143
-1.7500000000000013 -0.983397596417992
-1.8000000000000014 -0.9842215155720416
-1.8500000000000014 -0.9849848917421133
-1.9000000000000015 -0.9856938668028443
-1.9500000000000015 -0.9863533392594445
-2.0000000000000013 -0.9869676180362128
-2.050000000000001 -0.9875406002950176
-2.100000000000001 -0.9880760517704458
-2.150000000000001 -0.9885771530835664
-2.2000000000000006 -0.9890467691235932
-2.2500000000000004 -0.9894874514614619
-2.3000000000000003 -0.9899017190302877
-2.35 -0.9902916217171963
-2.4 -0.9906590414393479
-2.4499999999999997 -0.9910056617207255
-2.4999999999999996 -0.991333048743739
-2.5499999999999994 -0.9916427655881866
-2.599999999999999 -0.9916166597639253
-2.649999999999999 -0.9914392912773125
-2.699999999999999 -0.9911856700745353
-2.7499999999999987 -0.9908881947374542
-2.7999999999999985 -0.9905600527358862
-2.8499999999999983 -0.990206736921371
-2.899999999999998 -0.9898299475484955
-2.949999999999998 -0.9894295698471025
-2.999999999999998 -0.9890044006740516
-2.949999999999998 -0.9885530123530141
-2.899999999999998 -0.9880734853676556
-2.8499999999999983 -0.9875635769564282
-2.7999999999999985 -0.9870207728076141
-2.7499999999999987 -0.9864421764729203
-2.699999999999999 -0.9858247983071323
-2.649999999999999 -0.985165145269628
-2.599999999999999 -0.9844593546987276
-2.5499999999999994 -0.9837030136227393
-2.4999999999999996 -0.9828914662831085
-2.4499999999999997 -0.9820193107681513
-2.4 -0.9810804943531413
-2.35 -0.9800682435341838
-2.3000000000000003 -0.9789749991948581
-2.2500000000000004 -0.9777921538731935
-2.2000000000000006 -0.9765099933951228
-2.150000000000001 -0.9751175666981291
-2.100000000000001 -0.9736023049963307
-2.050000000000001 -0.9719500790020174
-2.0000000000000013 -0.970144588739653
-1.9500000000000013 -0.9681673538765938
-1.9000000000000012 -0.9659971607490732
-1.8500000000000012 -0.9636094978859245
-1.8000000000000012 -0.9609764428998614
-1.750000000000001 -0.9580657324627854
-1.700000000000001 -0.9548400582586487
-1.650000000000001 -0.951256480570279
-1.600000000000001 -0.9472654721070644
-1.550000000000001 -0.9428099341294475
-1.5000000000000009 -0.9378241816661338
-1.4500000000000008 -0.9322328537757303
-1.4000000000000008 -0.9259502469006444
-1.3500000000000008 -0.9188794285311035
-1.3000000000000007 -0.9109124064852827
-1.2500000000000007 -0.9019310508054019
-1.2000000000000006 -0.891809701903416
-1.1500000000000006 -0.8804203603909417
-1.1000000000000005 -0.8676412130252938
-1.0500000000000005 -0.8533679715664115
-1.0000000000000004 -0.8375254261951899
-0.9500000000000004 -0.8200747222411103
-0.9000000000000004 -0.8010156027713804
-0.8500000000000003 -0.7803849209820285
-0.8000000000000003 -0.7582530945154222
-0.7500000000000002 -0.7347124661823615
-0.7000000000000002 -0.7098574213518759
-0.6500000000000001 -0.6837662789977068
-0.6000000000000001 -0.6564971857143226
-0.55 -0.6280962240370034
-0.5 -0.5985989682971419
-0.45 -0.5680159443451572
-0.4 -0.536319522509959
-0.35000000000000003 -0.503380471171897
-0.30000000000000004 -0.4689874674423345
-0.25000000000000006 -0.43315434483175824
-0.20000000000000007 -0.39576900443779184
-0.15000000000000008 -0.35659999701199685
-0.10000000000000007 -0.3153744181976161
-0.05000000000000007 -0.2717905376067816
-6.938893903907228e-17 -0.22548750389058583
0.04999999999999993 -0.1760193111553932
0.09999999999999994 -0.12281069267826385
0.14999999999999994 -0.06508950990351207
0.19999999999999996 -0.0017810082607108092
0.24999999999999994 0.06868455875481295
0.29999999999999993 0.14873909064637672
0.3499999999999999 0.2423140469466026
0.3999999999999999 0.35445664073210514
0.4499999999999999 0.4870274934752171
0.4999999999999999 0.6300348820851092
0.5499999999999999 0.7588537046598584
0.6 0.8522803887115333
0.65 0.9084384142075059
0.7000000000000001 0.9374948743578834
0.7500000000000001 0.9516397181794499
0.8000000000000002 0.9583837104633584
0.8500000000000002 0.9615299495215052
0.9000000000000002 0.9628825647824859
0.9500000000000003 0.9637083273564925
1.0000000000000002 0.9646874928400282
1.0500000000000003 0.9658868534309264
1.1000000000000003 0.9671867474353232
1.1500000000000004 0.968511073840776
1.2000000000000004 0.9699088348455315
1.2500000000000004 0.9713338434838011
1.3000000000000005 0.9727839597668151
1.3500000000000005 0.97421790138165
1.4000000000000006 0.975617162141636
1.4500000000000006 0.9769603549764573
1.5000000000000007 0.9782304885041094
1.5500000000000007 0.9794185170539307
1.6000000000000008 0.980527083782742
1.6500000000000008 0.9815570921400747
1.7000000000000008 0.9825130110137207
1.7500000000000009 0.9833995919391953
1.800000000000001 0.9842218861378533
1.850000000000001 0.9849849545417545
1.900000000000001 0.9856938760787445
1.950000000000001 0.9863533399075781
2.000000000000001 0.9869676167523288
2.0500000000000007 0.98754059957282
2.1000000000000005 0.9880760512916248
2.1500000000000004 0.9885771528519568
2.2 0.9890467690007687
2.25 0.9894874513859967
2.3 0.9899017190531638
2.3499999999999996 0.9902916217024202
2.3999999999999995 0.9906590414096543
2.4499999999999993 0.9910056616845857