0 0.026102016930090205
0.05 0.03987662171387831
0.1 0.061268454471465075
0.15000000000000002 0.08826750414042554
0.2 0.11843325060972636
0.25 0.1497249856786771
0.3 0.18120735246039316
0.35 0.2128891818016845
0.39999999999999997 0.24516568347434634
0.44999999999999996 0.2784231657353505
0.49999999999999994 0.3128749365737065
0.5499999999999999 0.3487542554001825
0.6 0.3864679931086603
0.65 0.42665443730330604
0.7000000000000001 0.470328218142309
0.7500000000000001 0.5187415552786965
0.8000000000000002 0.5725357568678795
0.8500000000000002 0.6301022589700904
0.9000000000000002 0.6879870695374459
0.9500000000000003 0.743502958624972
1.0000000000000002 0.7948254238252069
1.0500000000000003 0.839544609144161
1.1000000000000003 0.8752478359289513
1.1500000000000004 0.9018010688652066
1.2000000000000004 0.9202346527265058
1.2500000000000004 0.9331184633164605
1.3000000000000005 0.9422920296512182
1.3500000000000005 0.9484063872296328
1.4000000000000006 0.9529424653487037
1.4500000000000006 0.9564622428248679
1.5000000000000007 0.9594541857280576
1.5500000000000007 0.9621684464622696
1.6000000000000008 0.964561777264894
1.6500000000000008 0.9667551468290072
1.7000000000000008 0.9688075713765835
1.7500000000000009 0.9707296933942725
1.800000000000001 0.972522915135934
1.850000000000001 0.9741888429712956
1.900000000000001 0.9757311590543297
1.950000000000001 0.9771553261894957
2.000000000000001 0.9784681865886911
2.0500000000000007 0.9796774854141292
2.1000000000000005 0.9807912264644719
2.1500000000000004 0.9818174855426635
2.2 0.9827640221990174
2.25 0.9836381623244386
2.3 0.9844466211603025
2.3499999999999996 0.9851955976548497
2.3999999999999995 0.9858906970380051
2.4499999999999993 0.9865369336899412
2.499999999999999 0.9871387952494152
2.549999999999999 0.9877003032067578
2.5999999999999988 0.9882250471620062
2.6499999999999986 0.9887162515857891
2.6999999999999984 0.9891767624593449
2.7499999999999982 0.9896091188978596
2.799999999999998 0.9900156315998618
2.849999999999998 0.990398354158476
2.8999999999999977 0.9907591486860312
2.9499999999999975 0.9910996831191952
2.9999999999999973 0.9914214786745695
2.9499999999999975 0.991391086416462
2.8999999999999977 0.991204675719754
2.849999999999998 0.9909407868091671
2.799999999999998 0.9906316289151519
2.7499999999999982 0.9902906338019263
2.6999999999999984 0.9899231073094316
2.6499999999999986 0.9895307137725476
2.5999999999999988 0.9891132750833151
2.549999999999999 0.9886696578756731
2.499999999999999 0.988198219158373
2.4499999999999993 0.9876969603032412
2.3999999999999995 0.9871634581741668
2.3499999999999996 0.9865949470081387
2.3 0.9859884372564707
2.25 0.9853405733857332
2.2 0.984647601430949
2.1500000000000004 0.9839053230034905
2.1000000000000005 0.983109110942277
2.0500000000000007 0.9822537061943525
2.000000000000001 0.9813332406737463
1.9500000000000008 0.9803411614549542
1.9000000000000008 0.979270059702797
1.8500000000000008 0.9781116075940012
1.8000000000000007 0.9768563961902398
1.7500000000000007 0.9754937443488195
1.7000000000000006 0.9740115298229705
1.6500000000000006 0.972395980736048
1.6000000000000005 0.9706314124401594
1.5500000000000005 0.9686999538441797
1.5000000000000004 0.9665811521084692
1.4500000000000004 0.9642515934447912
1.4000000000000004 0.9616843883566413
1.3500000000000003 0.9588487539887183
1.3000000000000003 0.9557092637297907
1.2500000000000002 0.95222523474489
1.2000000000000002 0.9483499143259323
1.1500000000000001 0.944029664968924
1.1 0.9392030105932402
1.05 0.9337998626263556
1.0 0.9277405088152898
0.95 0.9209351438726776
0.8999999999999999 0.9132836455003142
0.8499999999999999 0.9046760396902814
0.7999999999999998 0.894994441707541
0.7499999999999998 0.8841161011409551
0.6999999999999997 0.8719191682175016
0.6499999999999997 0.858292385424141
0.5999999999999996 0.8431499954199877
0.5499999999999996 0.8264478425608446
0.4999999999999996 0.8081890542456506
0.4499999999999996 0.7884139535902864
0.39999999999999963 0.767183978585391
0.34999999999999964 0.7445725836096041
0.29999999999999966 0.7206675192932147
0.24999999999999967 0.6955667822469764
0.19999999999999968 0.6693492796298677
0.1499999999999997 0.6420437079809379
0.09999999999999969 0.6136242483863599
0.049999999999999684 0.5840222775463658
-3.191891195797325e-16 0.5531497970503183
-0.05000000000000032 0.520944241502779
-0.10000000000000032 0.4873745418963504
-0.15000000000000033 0.4523816709729725
-0.20000000000000034 0.4158427124591234
-0.25000000000000033 0.3775786189080408
-0.3000000000000003 0.33736802159159296
-0.3500000000000003 0.29494611148162314
-0.4000000000000003 0.24999388654824573
-0.4500000000000003 0.2021148898241367
-0.5000000000000003 0.1507985585615327
-0.5500000000000004 0.09536377858089849
-0.6000000000000004 0.034861379579902554
-0.6500000000000005 -0.03209607815872994
-0.7000000000000005 -0.10764087765591178
-0.7500000000000006 -0.19497608499385005
-0.8000000000000006 -0.29686338529974876
-0.8500000000000006 -0.41137192417588947
-0.9000000000000007 -0.5311778945618252
-0.9500000000000007 -0.6454913286060993
-1.0000000000000007 -0.7447630281097822
-1.0500000000000007 -0.8220716400719165
-1.1000000000000008 -0.8754525960386987
-1.1500000000000008 -0.9094233223924579
-1.2000000000000008 -0.9309261021233479
-1.2500000000000009 -0.9443911013550452
-1.300000000000001 -0.9526921102634255
-1.350000000000001 -0.9578234643945089
-1.400000000000001 -0.9610293685994215
-1.450000000000001 -0.9633295224794247
-1.500000000000001 -0.96505349370093
-1.5500000000000012 -0.9662772760147289
-1.6000000000000012 -0.9676815177080218
-1.6500000000000012 -0.969048785244314
-1.7000000000000013 -0.9704136586652223
-1.7500000000000013 -0.9718261127000614
-1.8000000000000014 -0.9732593956979673
-1.8500000000000014 -0.9746778944305443
-1.9000000000000015 -0.9760581105130048
-1.9500000000000015 -0.9773836292876008
-2.0000000000000013 -0.9786210500548517
-2.050000000000001 -0.9797758907928739
-2.100000000000001 -0.9808531501294012
-2.150000000000001 -0.9818558548052715
-2.2000000000000006 -0.9827875051947075
-2.2500000000000004 -0.9836524064495407
-2.3000000000000003 -0.9844551994152786
-2.35 -0.9852007472944608
-2.4 -0.98589380446855
-2.4499999999999997 -0.9865388280950261
-2.4999999999999996 -0.9871399625415774
-2.5499999999999994 -0.9877010487334921
-2.599999999999999 -0.9882255489411732
-2.649999999999999 -0.9887165934870679
-2.699999999999999 -0.989177002331213
-2.7499999999999987 -0.989609302814696
-2.7999999999999985 -0.9900157804262669
-2.8499999999999983 -0.9903984865736664
-2.899999999999998 -0.9907592619306597
-2.949999999999998 -0.9910997826645345
-2.999999999999998 -0.9914215619144631
-2.949999999999998 -0.9913911436683461
-2.899999999999998 -0.9912047075044221
-2.8499999999999983 -0.990940814460624
-2.7999999999999985 -0.9906316576057365
-2.7499999999999987 -0.9902906648196712
-2.699999999999999 -0.9899231567198526
-2.649999999999999 -0.9895307817041172
-2.599999999999999 -0.9891133533027267
-2.5499999999999994 -0.9886697488302634
-2.4999999999999996 -0.9881983306876259
-2.4499999999999997 -0.9876971021422499
-2.4 -0.9871636263484738
-2.35 -0.9865951376694027
-2.3000000000000003 -0.985988658721765
-2.2500000000000004 -0.9853408317265044
-2.2000000000000006 -0.9846478943951379
-2.150000000000001 -0.9839056574637625
-2.100000000000001 -0.9831094836153688
-2.050000000000001 -0.9822541134044765
-2.0000000000000013 -0.9813336970282308
-1.9500000000000013 -0.9803416623277028
-1.9000000000000012 -0.9792706045176569
-1.8500000000000012 -0.9781122147980357
-1.8000000000000012 -0.9768570553755724
-1.750000000000001 -0.9754944506870538
-1.700000000000001 -0.9740122822967079
-1.650000000000001 -0.9723967964076599
-1.600000000000001 -0.9706322750596231
-1.550000000000001 -0.9687008904216602
-1.5000000000000009 -0.9665821472250448
-1.4500000000000008 -0.9642526380214141
-1.4000000000000008 -0.9616854861133207
-1.3500000000000008 -0.9588499106167301
-1.3000000000000007 -0.9557104861548378
-1.2500000000000007 -0.9522265313421151
-1.2000000000000006 -0.9483512980387018
-1.1500000000000006 -0.9440311644012981
-1.1000000000000005 -0.9392046714237285
-1.0500000000000005 -0.9338017018328368
-1.0000000000000004 -0.9277425728085286
-0.9500000000000004 -0.9209374760172553
-0.9000000000000004 -0.9132863011368854
-0.8500000000000003 -0.9046790943546152
-0.8000000000000003 -0.8949980065666314
-0.7500000000000002 -0.8841203433490445
-0.7000000000000002 -0.8719243598924922
-0.6500000000000001 -0.8582989493267563
-0.6000000000000001 -0.843158759098583
-0.55 -0.8264603944406469
-0.5 -0.8082080125512339
-0.45 -0.7884431646700347
-0.4 -0.7672268431747433
-0.35000000000000003 -0.7446287372686331
-0.30000000000000004 -0.7207299964243901
-0.25000000000000006 -0.6956200174983458
-0.20000000000000007 -0.6693626805778841
-0.15000000000000008 -0.6419613272731584
-0.10000000000000007 -0.6133839509720247
-0.05000000000000007 -0.5836148051224638
-6.938893903907228e-17 -0.5526347236535999
0.04999999999999993 -0.5204028375612196
0.09999999999999994 -0.4868672532498129
0.14999999999999994 -0.4519388874110024
0.19999999999999996 -0.4154744281319656
0.24999999999999994 -0.37728505624922243
0.29999999999999993 -0.33714599889264324
0.3499999999999999 -0.29479187360516923
0.3999999999999999 -0.2499044214483665
0.4499999999999999 -0.20208843928311507
0.4999999999999999 -0.150834839739034
0.5499999999999999 -0.09546461152862609
0.6 -0.035032148924786816
0.65 0.031842836481843016
0.7000000000000001 0.1072813174768683
0.7500000000000001 0.19453661851504545
0.8000000000000002 0.296507750690396
0.8500000000000002 0.4111327285478401
0.9000000000000002 0.5310001981401021
0.9500000000000003 0.6453506712900026
1.0000000000000002 0.744650969851697
1.0500000000000003 0.8219883792145296
1.1000000000000003 0.8752994957255249
1.1500000000000004 0.9092058147513332
1.2000000000000004 0.9307489384352937
1.2500000000000004 0.9443819276172403
1.3000000000000005 0.952844406381413
1.3500000000000005 0.9580091410596283
1.4000000000000006 0.9611515849201678
1.4500000000000006 0.9632985401893313
1.5000000000000007 0.9649649195674964
1.5500000000000007 0.9661934045006032
1.6000000000000008 0.9676194653055906
1.6500000000000008 0.9690071182759843
1.7000000000000008 0.9703869092904427
1.7500000000000009 0.9718095355525523
1.800000000000001 0.973249243923164
1.850000000000001 0.9746715077923106
1.900000000000001 0.9760512391471193
1.950000000000001 0.9773795487104189
2.000000000000001 0.9786214254230583
2.0500000000000007 0.9797771850242524
2.1000000000000005 0.9808543590448425
2.1500000000000004 0.9818567730062909
2.2 0.9827881497358559
2.25 0.9836528396162758
2.3 0.9844554760405352
2.3499999999999996 0.9852009135141017
2.3999999999999995 0.9858939054421075
2.4499999999999993 0.9865388867221757
2.499999999999999 0.9871399925530476
2.549999999999999 0.9877010623558969
2.5999999999999988 0.9882255571062682
2.6499999999999986 0.9887165971220102
2.6999999999999984 0.9891770009677591
2.7499999999999982 0.989609292765891
2.799999999999998 0.9900157715232918
2.849999999999998 0.990398480493181
2.8999999999999977 0.9907592539786699
2.9499999999999975 0.9910997751661492
2.9999999999999973 0.9914215564227626