
0 0.24803655361217328
0.05 0.2833815066684605
0.1 0.32018099681190687
0.15000000000000002 0.35876822656048596
0.2 0.39963902892898967
0.25 0.44353856956129567
0.3 0.4916343708997206
0.35 0.5458438087034637
0.39999999999999997 0.6083380656834424
0.44999999999999996 0.6799050971753842
0.49999999999999994 0.7564402326070306
0.5499999999999999 0.8251923387488969
0.6 0.8751262055449825
0.65 0.9067592081898759
0.7000000000000001 0.9253645458062901
0.7500000000000001 0.936518496165074
0.8000000000000002 0.94374456656938
0.8500000000000002 0.9487580820337075
0.9000000000000002 0.9525248642679451
0.9500000000000003 0.9556260631852398
1.0000000000000002 0.9584235085618602
1.0500000000000003 0.9611001547894472
1.1000000000000003 0.9635841596266064
1.1500000000000004 0.9658975715241802
1.2000000000000004 0.9680581674452778
1.2500000000000004 0.9700562984266221
1.3000000000000005 0.9719066529904199
1.3500000000000005 0.9736308022201664
1.4000000000000006 0.9752351666783968
1.4500000000000006 0.9767130308010208
1.5000000000000007 0.9780690156403739
1.5500000000000007 0.9793147041946415
1.6000000000000008 0.9804603999847714
1.6500000000000008 0.9815150477172708
1.7000000000000008 0.9824875151900041
1.7500000000000009 0.9833842874550514
1.800000000000001 0.9842127873892116
1.850000000000001 0.984979618642006
1.900000000000001 0.9856908146065131
1.950000000000001 0.9863516416930967
2.000000000000001 0.9869667310964417
2.0500000000000007 0.9875401843996562
2.1000000000000005 0.9880759063790132
2.1500000000000004 0.9885771598265793
2.2 0.9890468617675809
2.25 0.9894875864466603
2.3 0.9899018754827311
2.3499999999999996 0.9902917869915601
2.3999999999999995 0.9906592080075218
2.4499999999999993 0.9910058257552966
2.499999999999999 0.9913332092849818
2.549999999999999 0.9916429216356138
2.5999999999999988 0.9916168186257466
2.6499999999999986 0.9914394542136878
2.6999999999999984 0.991185839540937
2.7499999999999982 0.9908883692865512
2.799999999999998 0.9905602338354119
2.849999999999998 0.990206925120287
2.8999999999999977 0.989830142343962
2.9499999999999975 0.9894297726203258
2.9999999999999973 0.9890046092786903
2.9499999999999975 0.9885532309622177
2.8999999999999977 0.9880737119509128
2.849999999999998 0.9875638143734101
2.799999999999998 0.9870210220673862
2.7499999999999982 0.9864424365006701
2.6999999999999984 0.9858250699535558
2.6499999999999986 0.985165430592748
2.5999999999999988 0.9844596556138032
2.549999999999999 0.9837033295353218
2.499999999999999 0.9828917981830738
2.4499999999999993 0.9820196597216234
2.3999999999999995 0.9810808607685415
2.3499999999999996 0.9800686317172562
2.3 0.9789754078793332
2.25 0.977792586958661
2.2 0.9765104535090573
2.1500000000000004 0.975118056420068
2.1000000000000005 0.9736028248402183
2.0500000000000007 0.9719506339822295
2.000000000000001 0.9701451846029092
1.9500000000000008 0.9681679974719495
1.9000000000000008 0.9659978543005938
1.8500000000000008 0.9636102505061231
1.8000000000000007 0.9609772629082026
1.7500000000000007 0.958066627608125
1.7000000000000006 0.9548410368541995
1.6500000000000006 0.9512575534320916
1.6000000000000005 0.9472666597458402
1.5500000000000005 0.942811252558958
1.5000000000000004 0.9378256524380574
1.4500000000000004 0.9322344885773942
1.4000000000000004 0.9259520674789156
1.3500000000000003 0.9188814542968068
1.3000000000000003 0.9109146457908678
1.2500000000000002 0.901933500161325
1.2000000000000002 0.8918123645393452
1.1500000000000001 0.8804232229909769
1.1 0.867644243884523
1.05 0.8533711202932629
1.0 0.837528533909724
0.95 0.8200774995795528
0.8999999999999999 0.8010174730982338
0.8499999999999999 0.7803849167185545
0.7999999999999998 0.7582499641298703
0.7499999999999998 0.7347044903665443
0.6999999999999997 0.7098377969825342
0.6499999999999997 0.6836979889311154
0.5999999999999996 0.6563052381403556
0.5499999999999996 0.6277522279414126
0.4999999999999996 0.5981279719218602
0.4499999999999996 0.56744950054773
0.39999999999999963 0.5356821040449476
0.34999999999999964 0.5027528167157628
0.29999999999999966 0.4685442699311911
0.24999999999999967 0.4328998771299411
0.19999999999999968 0.39563114460768173
0.1499999999999997 0.3565256231469074
0.09999999999999969 0.31533374670599096
0.049999999999999684 0.27176776904149597
-3.191891195797325e-16 0.22547430368329158
-0.05000000000000032 0.176011239444768
-0.10000000000000032 0.12280535766323462
-0.15000000000000033 0.06508559433972827
-0.20000000000000034 0.0017777981553838288
-0.25000000000000033 -0.06868746136404646
-0.3000000000000003 -0.14874186649138244
-0.3500000000000003 -0.24231665796311164
-0.4000000000000003 -0.35445976757607073
-0.4500000000000003 -0.4870320779888827
-0.5000000000000003 -0.6300414941037696
-0.5500000000000004 -0.7588607220832807
-0.6000000000000004 -0.8522850441572063
-0.6500000000000005 -0.9084411930469414
-0.7000000000000005 -0.9374977688434657
-0.7500000000000006 -0.9516427321460418
-0.8000000000000006 -0.9583878832349535
-0.8500000000000006 -0.961534014525207
-0.9000000000000007 -0.962886424576811
-0.9500000000000007 -0.9637121646631734
-1.0000000000000007 -0.9646903664301464
-1.0500000000000007 -0.9658881998721985
-1.1000000000000008 -0.9671866437876057
-1.1500000000000008 -0.9685097876344271
-1.2000000000000008 -0.9699065658788796
-1.2500000000000009 -0.9713281698794872
-1.300000000000001 -0.972769784658999
-1.350000000000001 -0.9742086304559947
-1.400000000000001 -0.9756037007826777
-1.450000000000001 -0.9769459100770629
-1.500000000000001 -0.9782125017458723
-1.5500000000000012 -0.9793995277078187
-1.6000000000000012 -0.9805081903469842
-1.6500000000000012 -0.9815399299304836
-1.7000000000000013 -0.9825074754918671
-1.7500000000000013 -0.9833987217481525
-1.8000000000000014 -0.9842219741135703
-1.8500000000000014 -0.9849852053396887
-1.9000000000000015 -0.9856941426684538
-1.9500000000000015 -0.9863535970318348
-2.0000000000000013 -0.9869678647119307
-2.050000000000001 -0.9875408356616746
-2.100000000000001 -0.9880762780390488
-2.150000000000001 -0.9885773683914632
-2.2000000000000006 -0.9890469768475179
-2.2500000000000004 -0.9894876504765814
-2.3000000000000003 -0.9899019094848714
-2.35 -0.9902918045829922
-2.4 -0.990659217742705
-2.4499999999999997 -0.9910058318723902
-2.4999999999999996 -0.9913332131313161
-2.5499999999999994 -0.9916429233921286
-2.599999999999999 -0.9916168186986087
-2.649999999999999 -0.9914394537579665
-2.699999999999999 -0.9911858372793474
-2.7499999999999987 -0.9908883678768109
-2.7999999999999985 -0.9905602325045281
-2.8499999999999983 -0.9902069233723205
-2.899999999999998 -0.989830141303364
-2.949999999999998 -0.9894297711904365
-2.999999999999998 -0.9890046083547339
-2.949999999999998 -0.9885532299176228
-2.899999999999998 -0.9880737127404466
-2.8499999999999983 -0.9875638141944001
-2.7999999999999985 -0.9870210210873424
-2.7499999999999987 -0.9864424357385323
-2.699999999999999 -0.985825069702887
-2.649999999999999 -0.9851654294024809
-2.599999999999999 -0.9844596539265774
-2.5499999999999994 -0.9837033277848228
-2.4999999999999996 -0.9828917959685233
-2.4499999999999997 -0.9820196574044827
-2.4 -0.9810808601083063
-2.35 -0.980068630661518
-2.3000000000000003 -0.9789754064924873
-2.2500000000000004 -0.9777925863809455
-2.2000000000000006 -0.976510453098985
-2.150000000000001 -0.9751180562764439
-2.100000000000001 -0.9736028235899938
-2.050000000000001 -0.9719506324944385
-2.0000000000000013 -0.9701451835808667
-1.9500000000000013 -0.9681679954119816
-1.9000000000000012 -0.9659978548619481
-1.8500000000000012 -0.9636102503844295
-1.8000000000000012 -0.9609772614763926
-1.750000000000001 -0.9580666269149418
-1.700000000000001 -0.9548410333174988
-1.650000000000001 -0.9512575499411777
-1.600000000000001 -0.9472666566511482
-1.550000000000001 -0.942811248696869
-1.5000000000000009 -0.9378256496418861
-1.4500000000000008 -0.9322344870663217
-1.4000000000000008 -0.9259520641985381
-1.3500000000000008 -0.9188814497502078
-1.3000000000000007 -0.910914642480601
-1.2500000000000007 -0.9019335013168297
-1.2000000000000006 -0.8918123669710383
-1.1500000000000006 -0.8804232200766581
-1.1000000000000005 -0.8676442399023142
-1.0500000000000005 -0.8533711143133186
-1.0000000000000004 -0.8375285252169162
-0.9500000000000004 -0.820077481078979
-0.9000000000000004 -0.8010174461478904
-0.8500000000000003 -0.7803848825216589
-0.8000000000000003 -0.7582499195475496
-0.7500000000000002 -0.7347044202477016
-0.7000000000000002 -0.7098375775883475
-0.6500000000000001 -0.6836972339091548
-0.6000000000000001 -0.6563040434822578
-0.55 -0.6277512249188173
-0.5 -0.5981273499562211
-0.45 -0.5674491726298843
-0.4 -0.5356819565569264
-0.35000000000000003 -0.5027527660345942
-0.30000000000000004 -0.46854427087413797
-0.25000000000000006 -0.4328999050981335
-0.20000000000000007 -0.3956311905552515
-0.15000000000000008 -0.35652568237681714
-0.10000000000000007 -0.3153338132458493
-0.05000000000000007 -0.27176784280569405
-6.938893903907228e-17 -0.2254743867074389
0.04999999999999993 -0.17601133330489588
0.09999999999999994 -0.1228054623284548
0.14999999999999994 -0.06508571139657236
0.19999999999999996 -0.0017779286130026589
0.24999999999999994 0.06868731249343434
0.29999999999999993 0.148741698226009
0.3499999999999999 0.24231646440264815
0.3999999999999999 0.35445954208178715
0.4499999999999999 0.48703181009677654
0.4999999999999999 0.6300411677866452
0.5499999999999999 0.7588603001517592
0.6 0.8522844529864992
0.65 0.9084402714698507
0.7000000000000001 0.9374961546768931
0.7500000000000001 0.9516406301816014
0.8000000000000002 0.958384413614842
0.8500000000000002 0.9615305214309465
0.9000000000000002 0.9628831463968802
0.9500000000000003 0.9637089681143383
1.0000000000000002 0.9646880695774356
1.0500000000000003 0.9658875426281609
1.1000000000000003 0.9671874360174922
1.1500000000000004 0.9685119077933074
1.2000000000000004 0.969909613838813
1.2500000000000004 0.9713345924350923
1.3000000000000005 0.9727845804312812
1.3500000000000005 0.9742185380237983
1.4000000000000006 0.9756178377391971
1.4500000000000006 0.9769618450971688
1.5000000000000007 0.9782311844237391
1.5500000000000007 0.9794190430007961
1.6000000000000008 0.9805275014058964
1.6500000000000008 0.9815574575484391
1.7000000000000008 0.9825133537601846
1.7500000000000009 0.9833999103515854
1.800000000000001 0.9842221874766431
1.850000000000001 0.9849852402917519
1.900000000000001 0.9856941470858549
1.950000000000001 0.9863535968518398
2.000000000000001 0.9869678632967983
2.0500000000000007 0.9875408348787138
2.1000000000000005 0.9880762775734504
2.1500000000000004 0.9885773681759413
2.2 0.9890469767399312
2.25 0.9894876504381991
2.3 0.9899019096271913
2.3499999999999996 0.9902918046162466
2.3999999999999995 0.9906592178136787
2.4499999999999993 0.9910058318742805