0 0.04807938142410959
0.05 0.05719193326390906
0.1 0.07507091015960277
0.15000000000000002 0.09844517538473913
0.2 0.12463161313802003
0.25 0.1523443584049109
0.3 0.1811779244334479
0.35 0.21106753929982752
0.39999999999999997 0.24204374583974925
0.44999999999999996 0.2742125430076135
0.49999999999999994 0.30774781857572814
0.5499999999999999 0.3428379312460497
0.6 0.37973788022501415
0.65 0.41891588886009035
0.7000000000000001 0.46113374191221984
0.7500000000000001 0.507590162343707
0.8000000000000002 0.5600306489284472
0.8500000000000002 0.6202821548590246
0.9000000000000002 0.6889079350865616
0.9500000000000003 0.7611910738188964
1.0000000000000002 0.8261463195734733
1.0500000000000003 0.874330021668493
1.1000000000000003 0.9052598330271958
1.1500000000000004 0.9236214802170847
1.2000000000000004 0.9347026291361731
1.2500000000000004 0.9420777339819694
1.3000000000000005 0.9473099506168728
1.3500000000000005 0.9514277829869008
1.4000000000000006 0.9549961747086773
1.4500000000000006 0.958296357395226
1.5000000000000007 0.9610872383180323
1.5500000000000007 0.9635314755619603
1.6000000000000008 0.9657892391641326
1.6500000000000008 0.9678893241138022
1.7000000000000008 0.9698653574964399
1.7500000000000009 0.9717117476406874
1.800000000000001 0.9734278540867487
1.850000000000001 0.9750239540760988
1.900000000000001 0.9764964002408928
1.950000000000001 0.97785444059172
2.000000000000001 0.9791108576692324
2.0500000000000007 0.9802644750542219
2.1000000000000005 0.9813256669311683
2.1500000000000004 0.9823039280331218
2.2 0.9832070318075755
2.25 0.9840420593967517
2.3 0.9848153071144509
2.3499999999999996 0.9855327095647102
2.3999999999999995 0.9861995155646991
2.4499999999999993 0.9868203131876755
2.499999999999999 0.9873992290715239
2.549999999999999 0.9879401358209462
2.5999999999999988 0.988446313580021
2.6499999999999986 0.988920708049474
2.6999999999999984 0.9893658706856304
2.7499999999999982 0.989784415282453
2.799999999999998 0.9901784164972462
2.849999999999998 0.9905497312885221
2.8999999999999977 0.9909000334648643
2.9499999999999975 0.9912309340463281
2.9999999999999973 0.991543979189894
2.9499999999999975 0.991515007195013
2.8999999999999977 0.9913331352230007
2.849999999999998 0.9910748352685551
2.799999999999998 0.9907726123225696
2.7499999999999982 0.9904397377035798
2.6999999999999984 0.9900816189162776
2.6499999999999986 0.9896998575595716
2.5999999999999988 0.9892942501728885
2.549999999999999 0.9888635772811255
2.499999999999999 0.9884063610837128
2.4499999999999993 0.9879206953164545
2.3999999999999995 0.9874043099925227
2.3499999999999996 0.9868545960529653
2.3 0.9862686751868488
2.25 0.9856435165586805
2.2 0.9849755483060922
2.1500000000000004 0.9842608032191108
2.1000000000000005 0.9834949804696318
2.0500000000000007 0.9826732777618545
2.000000000000001 0.9817902350047959
1.9500000000000008 0.9808396998721509
1.9000000000000008 0.9798148260207991
1.8500000000000008 0.9787080104696173
1.8000000000000007 0.9775105340090225
1.7500000000000007 0.976212550471782
1.7000000000000006 0.9748030110799196
1.6500000000000006 0.9732691245598322
1.6000000000000005 0.9715967237889452
1.5500000000000005 0.9697693687216805
1.5000000000000004 0.9677684225213606
1.4500000000000004 0.965572402030523
1.4000000000000004 0.963156864620061
1.3500000000000003 0.9604936781453451
1.3000000000000003 0.9575505976333994
1.2500000000000002 0.9542904357874309
1.2000000000000002 0.9506705481286133
1.1500000000000001 0.9466420409116262
1.1 0.9421486260865066
1.05 0.9371261391259786
1.0 0.9315012753497964
0.95 0.9251910577335948
0.8999999999999999 0.9181020482448893
0.8499999999999999 0.9101303908803031
0.7999999999999998 0.9011618193533646
0.7499999999999998 0.8910731283539016
0.6999999999999997 0.8797341106684324
0.6499999999999997 0.8670114990754092
0.5999999999999996 0.8527758063303514
0.5499999999999996 0.8369175615370524
0.4999999999999996 0.8193680196796319
0.4499999999999996 0.8001160814107112
0.39999999999999963 0.7792144457058775
0.34999999999999964 0.7567744326964487
0.29999999999999966 0.7329391122375017
0.24999999999999967 0.7078574994270928
0.19999999999999968 0.6816732048074319
0.1499999999999997 0.6544902435041725
0.09999999999999969 0.6263520139541539
0.049999999999999684 0.59725306251767
-3.191891195797325e-16 0.5671395132096392
-0.05000000000000032 0.5359125364749144
-0.10000000000000032 0.5034434082544492
-0.15000000000000033 0.46958515955728897
-0.20000000000000034 0.434177900778003
-0.25000000000000033 0.3970432618403262
-0.3000000000000003 0.3579820100654669
-0.3500000000000003 0.31675484786123953
-0.4000000000000003 0.27307933232014175
-0.4500000000000003 0.2266015495196239
-0.5000000000000003 0.1768736400599392
-0.5500000000000004 0.12330901452483367
-0.6000000000000004 0.06511404128869508
-0.6500000000000005 0.0011755927236014251
-0.7000000000000005 -0.07014329548835027
-0.7500000000000006 -0.15140337213324942
-0.8000000000000006 -0.2466661661015067
-0.8500000000000006 -0.36050979606778466
-0.9000000000000007 -0.49377472843112313
-0.9500000000000007 -0.6360400763208629
-1.0000000000000007 -0.7643488844814011
-1.0500000000000007 -0.8566210921887495
-1.1000000000000008 -0.9104305865391591
-1.1500000000000008 -0.937579233053873
-1.2000000000000008 -0.9500338384064086
-1.2500000000000009 -0.9557078210208223
-1.300000000000001 -0.9586810464804564
-1.350000000000001 -0.960853655159684
-1.400000000000001 -0.9625963946908308
-1.450000000000001 -0.9642462309505951
-1.500000000000001 -0.9655944284916657
-1.5500000000000012 -0.9668864511278278
-1.6000000000000012 -0.9682358821575415
-1.6500000000000012 -0.9696010212025987
-1.7000000000000013 -0.9710427339313662
-1.7500000000000013 -0.972518404718004
-1.8000000000000014 -0.9739703142170696
-1.8500000000000014 -0.9753750043434078
-1.9000000000000015 -0.9767245285381243
-1.9500000000000015 -0.9780031512358872
-2.0000000000000013 -0.9792057256393933
-2.050000000000001 -0.9803243894455406
-2.100000000000001 -0.9813629821646708
-2.150000000000001 -0.9823269299057493
-2.2000000000000006 -0.9832210573861636
-2.2500000000000004 -0.9840505173658468
-2.3000000000000003 -0.9848203656204322
-2.35 -0.9855357067991467
-2.4 -0.9862012648215085
-2.4499999999999997 -0.9868213234859948
-2.4999999999999996 -0.9873998096985046
-2.5499999999999994 -0.9879404642323046
-2.599999999999999 -0.988446493957218
-2.649999999999999 -0.9889208005311705
-2.699999999999999 -0.9893659191127715
-2.7499999999999987 -0.9897844370101545
-2.7999999999999985 -0.9901784255090881
-2.8499999999999983 -0.9905497336327431
-2.899999999999998 -0.9909000327598066
-2.949999999999998 -0.9912309320864287
-2.999999999999998 -0.99154397587705
-2.949999999999998 -0.991515001947824
-2.899999999999998 -0.9913331303976815
-2.8499999999999983 -0.9910748328912303
-2.7999999999999985 -0.9907726118020936
-2.7499999999999987 -0.9904397384563471
-2.699999999999999 -0.9900816201240428
-2.649999999999999 -0.9896998575349732
-2.599999999999999 -0.9892942526236987
-2.5499999999999994 -0.9888635776089378
-2.4999999999999996 -0.9884063601085752
-2.4499999999999997 -0.9879206953522272
-2.4 -0.987404311935373
-2.35 -0.9868545976254389
-2.3000000000000003 -0.9862686771621025
-2.2500000000000004 -0.9856435207214861
-2.2000000000000006 -0.9849755511720824
-2.150000000000001 -0.9842608048224114
-2.100000000000001 -0.9834949836880662
-2.050000000000001 -0.9826732797741412
-2.0000000000000013 -0.9817902366796356
-1.9500000000000013 -0.9808397016335519
-1.9000000000000012 -0.9798148295299854
-1.8500000000000012 -0.9787080136620135
-1.8000000000000012 -0.977510538941949
-1.750000000000001 -0.9762125547108987
-1.700000000000001 -0.9748030154143712
-1.650000000000001 -0.9732691296615357
-1.600000000000001 -0.9715967280009802
-1.550000000000001 -0.9697693746008401
-1.5000000000000009 -0.9677684291815856
-1.4500000000000008 -0.9655724086686448
-1.4000000000000008 -0.9631568719085298
-1.3500000000000008 -0.9604936942220023
-1.3000000000000007 -0.9575506125543386
-1.2500000000000007 -0.9542904506894252
-1.2000000000000006 -0.9506705615757721
-1.1500000000000006 -0.9466420542797241
-1.1000000000000005 -0.9421486483517665
-1.0500000000000005 -0.9371261620654927
-1.0000000000000004 -0.9315012992934114
-0.9500000000000004 -0.9251910838473415
-0.9000000000000004 -0.9181020738403532
-0.8500000000000003 -0.910130418605632
-0.8000000000000003 -0.9011618503714356
-0.7500000000000002 -0.8910731654786416
-0.7000000000000002 -0.8797341500485732
-0.6500000000000001 -0.8670115430690069
-0.6000000000000001 -0.8527758544112295
-0.55 -0.8369176156712697
-0.5 -0.8193680774355865
-0.45 -0.8001161451727424
-0.4 -0.7792145190141218
-0.35000000000000003 -0.7567745101963551
-0.30000000000000004 -0.7329391809737439
-0.25000000000000006 -0.707857548946835
-0.20000000000000007 -0.6816732189130437
-0.15000000000000008 -0.6544902107977693
-0.10000000000000007 -0.6263519607538699
-0.05000000000000007 -0.5972530189857751
-6.938893903907228e-17 -0.5671394997987104
0.04999999999999993 -0.5359125531605606
0.09999999999999994 -0.5034434542224151
0.14999999999999994 -0.46958524076612235
0.19999999999999996 -0.4341779984220601
0.24999999999999994 -0.3970433719263396
0.29999999999999993 -0.35798213538918033
0.3499999999999999 -0.31675498464209645
0.3999999999999999 -0.27307948433727675
0.4499999999999999 -0.22660171861127515
0.4999999999999999 -0.176873824632852
0.5499999999999999 -0.12330922033020553
0.6 -0.06511427087520899
0.65 -0.0011758473385466502
0.7000000000000001 0.07014300707415977
0.7500000000000001 0.15140304439289767
0.8000000000000002 0.2466657913038188
0.8500000000000002 0.3605093600702277
0.9000000000000002 0.4937742136885771
0.9500000000000003 0.6360394485725499
1.0000000000000002 0.7643480732525542
1.0500000000000003 0.8566199462816896
1.1000000000000003 0.9104288301535771
1.1500000000000004 0.9375765226809223
1.2000000000000004 0.9500297055951679
1.2500000000000004 0.9557027095630097
1.3000000000000005 0.9586734031093225
1.3500000000000005 0.9608461252045071
1.4000000000000006 0.9625901568546213
1.4500000000000006 0.9642424756003032
1.5000000000000007 0.965593534519224
1.5500000000000007 0.966887191528098
1.6000000000000008 0.9682371535686426
1.6500000000000008 0.9696043540641871
1.7000000000000008 0.971047700882084
1.7500000000000009 0.9725231735787366
1.800000000000001 0.973972837608425
1.850000000000001 0.9753799404203551
1.900000000000001 0.9767267980977203
1.950000000000001 0.9780066915507694
2.000000000000001 0.9792076460129104
2.0500000000000007 0.9803248301770323
2.1000000000000005 0.9813630682809468
2.1500000000000004 0.982326946211285
2.2 0.9832210607341105
2.25 0.9840505183476109
2.3 0.9848203660825322
2.3499999999999996 0.9855357070474912
2.3999999999999995 0.9862012649828018
2.4499999999999993 0.9868213235748086
2.499999999999999 0.9873998097334866
2.549999999999999 0.9879404641966397
2.5999999999999988 0.9884464939190147
2.6499999999999986 0.9889208004778341
2.6999999999999984 0.9893659190596313
2.7499999999999982 0.9897844369563816
2.799999999999998 0.9901784254545056
2.849999999999998 0.9905497335785802
2.8999999999999977 0.9909000327059844
2.9499999999999975 0.9912309321289463
2.9999999999999973 0.9915439758412166