0 -0.007901650656297327
0.05 0.004821443629884908
0.1 0.026439333819070814
0.15000000000000002 0.054211648225359545
0.2 0.08553841647534681
0.25 0.11844560763794122
0.3 0.15182674443114264
0.35 0.18527263664525107
0.39999999999999997 0.21878209311555255
0.44999999999999996 0.25260428207306723
0.49999999999999994 0.2871287327629839
0.5499999999999999 0.3228060535703156
0.6 0.3601264085002808
0.65 0.399636790701384
0.7000000000000001 0.4420587599116668
0.7500000000000001 0.48849436888333
0.8000000000000002 0.5406790367255362
0.8500000000000002 0.6009124925356318
0.9000000000000002 0.6710772336476111
0.9500000000000003 0.7471736031740683
1.0000000000000002 0.8163466619261844
1.0500000000000003 0.8679266392387328
1.1000000000000003 0.9010902455315921
1.1500000000000004 0.9212807297629916
1.2000000000000004 0.9338695978357139
1.2500000000000004 0.9420903090258891
1.3000000000000005 0.9477014232875338
1.3500000000000005 0.9520449549792293
1.4000000000000006 0.9558052765145605
1.4500000000000006 0.9590093000888777
1.5000000000000007 0.9617590139867015
1.5500000000000007 0.9642338172392817
1.6000000000000008 0.9664939322393582
1.6500000000000008 0.9685828699929299
1.7000000000000008 0.9705192540159071
1.7500000000000009 0.9723263025042167
1.800000000000001 0.9740026746271454
1.850000000000001 0.9755560254277398
1.900000000000001 0.9769954313876127
1.950000000000001 0.978321792788209
2.000000000000001 0.9795416011638799
2.0500000000000007 0.9806646250992033
2.1000000000000005 0.9816993228732263
2.1500000000000004 0.9826535324812512
2.2 0.983534601892614
2.25 0.9843493965398583
2.3 0.9851040458346023
2.3499999999999996 0.9858043206212878
2.3999999999999995 0.9864552834474135
2.4499999999999993 0.9870614895777597
2.499999999999999 0.9876269518058517
2.549999999999999 0.9881554328095425
2.5999999999999988 0.9886500844449163
2.6499999999999986 0.9891137652914243
2.6999999999999984 0.9895490332789089
2.7499999999999982 0.9899583358686992
2.799999999999998 0.9903437018672746
2.849999999999998 0.9907069706478152
2.8999999999999977 0.9910497666109954
2.9499999999999975 0.991373653653783
2.9999999999999973 0.9916801241943596
2.9499999999999975 0.9916548535549827
2.8999999999999977 0.9914797636127812
2.849999999999998 0.9912291468006238
2.799999999999998 0.9909350912157125
2.7499999999999982 0.9906107218791412
2.6999999999999984 0.9902615743922871
2.6499999999999986 0.9898893269592395
2.5999999999999988 0.9894938953029087
2.549999999999999 0.9890741435829464
2.499999999999999 0.988628623632236
2.4499999999999993 0.9881555142314417
2.3999999999999995 0.9876526524753749
2.3499999999999996 0.9871175623668116
2.3 0.9865474052253468
2.25 0.9859392656610437
2.2 0.9852897708868544
2.1500000000000004 0.9845951679140313
2.1000000000000005 0.9838511786517123
2.0500000000000007 0.9830532254799075
2.000000000000001 0.9821960618498076
1.9500000000000008 0.9812738020136296
1.9000000000000008 0.9802799126225724
1.8500000000000008 0.9792070523380104
1.8000000000000007 0.9780468233399263
1.7500000000000007 0.9767897728887383
1.7000000000000006 0.9754253565721452
1.6500000000000006 0.9739412531557289
1.6000000000000005 0.972323770955031
1.5500000000000005 0.9705570897394126
1.5000000000000004 0.9686232270704879
1.4500000000000004 0.9665014835557652
1.4000000000000004 0.9641680301409962
1.3500000000000003 0.9615955170403891
1.3000000000000003 0.9587523550020353
1.2500000000000002 0.9556020417050823
1.2000000000000002 0.9521022543303087
1.1500000000000001 0.9482040704233381
1.1 0.9438509475796125
1.05 0.9389775307131275
1.0 0.9335085564731688
0.95 0.9273578999312945
0.8999999999999999 0.9204280913102755
0.8499999999999999 0.9126102375485049
0.7999999999999998 0.9037850250338388
0.7499999999999998 0.8938255774739494
0.6999999999999997 0.8826020330379895
0.6499999999999997 0.86998906373824
0.5999999999999996 0.8558749675633563
0.5499999999999996 0.8401732930645338
0.4999999999999996 0.8228343404839681
0.4499999999999996 0.8038554541359234
0.39999999999999963 0.7832850480396556
0.34999999999999964 0.7612156021789125
0.29999999999999966 0.7377646475227627
0.24999999999999967 0.7130541673395484
0.19999999999999968 0.6871951404003117
0.1499999999999997 0.6602787788839013
0.09999999999999969 0.6323670114174237
0.049999999999999684 0.6034768637961905
-3.191891195797325e-16 0.5735729527590872
-0.05000000000000032 0.5425789703510361
-0.10000000000000032 0.5103914747449615
-0.15000000000000033 0.47688084970426187
-0.20000000000000034 0.44189336904963067
-0.25000000000000033 0.40525073230071723
-0.3000000000000003 0.3667514455415456
-0.3500000000000003 0.3261551741293333
-0.4000000000000003 0.28318153542447794
-0.4500000000000003 0.2374830716828095
-0.5000000000000003 0.1886228827499043
-0.5500000000000004 0.13603413771121253
-0.6000000000000004 0.07895533158143082
-0.6500000000000005 0.016330001529465413
-0.7000000000000005 -0.053380038523300255
-0.7500000000000006 -0.1326022278888831
-0.8000000000000006 -0.22504241667298924
-0.8500000000000006 -0.3353151246923446
-0.9000000000000007 -0.4663886712886705
-0.9500000000000007 -0.6103379099152078
-1.0000000000000007 -0.7423454507486025
-1.0500000000000007 -0.8392501368182745
-1.1000000000000008 -0.8980762556927502
-1.1500000000000008 -0.9300020385056513
-1.2000000000000008 -0.9467043821116157
-1.2500000000000009 -0.9555340135927881
-1.300000000000001 -0.9601049521646866
-1.350000000000001 -0.9625697072571793
-1.400000000000001 -0.9642119376807466
-1.450000000000001 -0.9654280041695036
-1.500000000000001 -0.9665430483868342
-1.5500000000000012 -0.9677442166738993
-1.6000000000000012 -0.9690406573096526
-1.6500000000000012 -0.9703998199945965
-1.7000000000000013 -0.9717841406451788
-1.7500000000000013 -0.9731881844987555
-1.8000000000000014 -0.9745856381775417
-1.8500000000000014 -0.9759498311810163
-1.9000000000000015 -0.977253745455206
-1.9500000000000015 -0.978486262615441
-2.0000000000000013 -0.9796450768334523
-2.050000000000001 -0.9807288410929257
-2.100000000000001 -0.9817386950786281
-2.150000000000001 -0.9826784490739919
-2.2000000000000006 -0.9835500516921423
-2.2500000000000004 -0.9843587692360255
-2.3000000000000003 -0.9851096620222626
-2.35 -0.9858076455892627
-2.4 -0.9864572303693165
-2.4499999999999997 -0.9870626114620396
-2.4999999999999996 -0.9876275957626824
-2.5499999999999994 -0.9881557964693711
-2.599999999999999 -0.9886502870574456
-2.649999999999999 -0.9891138763450835
-2.699999999999999 -0.9895490914655894
-2.7499999999999987 -0.9899583655077815
-2.7999999999999985 -0.9903437149106873
-2.8499999999999983 -0.990706973503611
-2.899999999999998 -0.9910497651355036
-2.949999999999998 -0.9913736496139475
-2.999999999999998 -0.9916801192326986
-2.949999999999998 -0.9916548516483121
-2.899999999999998 -0.9914797611291944
-2.8499999999999983 -0.9912291455285211
-2.7999999999999985 -0.990935091032083
-2.7499999999999987 -0.9906107218645933
-2.699999999999999 -0.9902615745520719
-2.649999999999999 -0.9898893269679123
-2.599999999999999 -0.9894938957049048
-2.5499999999999994 -0.9890741451614641
-2.4999999999999996 -0.9886286248018445
-2.4499999999999997 -0.9881555165017061
-2.4 -0.9876526556652516
-2.35 -0.9871175637990457
-2.3000000000000003 -0.9865474073440069
-2.2500000000000004 -0.9859392682939229
-2.2000000000000006 -0.9852897743064207
-2.150000000000001 -0.9845951711745985
-2.100000000000001 -0.9838511836140474
-2.050000000000001 -0.9830532295726814
-2.0000000000000013 -0.9821960650620652
-1.9500000000000013 -0.9812738057435273
-1.9000000000000012 -0.9802799185212138
-1.8500000000000012 -0.9792070582960825
-1.8000000000000012 -0.9780468323267613
-1.750000000000001 -0.9767897810196267
-1.700000000000001 -0.9754253645654966
-1.650000000000001 -0.9739412598780641
-1.600000000000001 -0.9723237775446836
-1.550000000000001 -0.970557098185194
-1.5000000000000009 -0.9686232381567459
-1.4500000000000008 -0.9665014953521207
-1.4000000000000008 -0.964168041744083
-1.3500000000000008 -0.9615955333667348
-1.3000000000000007 -0.9587523708764915
-1.2500000000000007 -0.9556020609793099
-1.2000000000000006 -0.9521022768602606
-1.1500000000000006 -0.9482040929759089
-1.1000000000000005 -0.9438509720549053
-1.0500000000000005 -0.9389775550736372
-1.0000000000000004 -0.9335085779146878
-0.9500000000000004 -0.927357922751572
-0.9000000000000004 -0.9204281181538531
-0.8500000000000003 -0.9126102590447763
-0.8000000000000003 -0.9037850450900861
-0.7500000000000002 -0.8938255929810217
-0.7000000000000002 -0.8826020472708583
-0.6500000000000001 -0.869989080245871
-0.6000000000000001 -0.8558749852546529
-0.55 -0.8401733105795494
-0.5 -0.8228343569002547
-0.45 -0.8038554752344892
-0.4 -0.7832850745533706
-0.35000000000000003 -0.7612156372426081
-0.30000000000000004 -0.7377646963252402
-0.25000000000000006 -0.7130542350559202
-0.20000000000000007 -0.6871952256412869
-0.15000000000000008 -0.6602788770214915
-0.10000000000000007 -0.6323671184234388
-0.05000000000000007 -0.6034769720807595
-6.938893903907228e-17 -0.5735730589769032
0.04999999999999993 -0.5425790804246187
0.09999999999999994 -0.5103915861519002
0.14999999999999994 -0.47688097000529844
0.19999999999999996 -0.4418934986785853
0.24999999999999994 -0.40525087326018294
0.29999999999999993 -0.3667515969298918
0.3499999999999999 -0.3261553374746701
0.3999999999999999 -0.2831817152395043
0.4499999999999999 -0.23748327014964804
0.4999999999999999 -0.18862309771440214
0.5499999999999999 -0.13603437278776473
0.6 -0.0789555963300547
0.65 -0.016330458589467647
0.7000000000000001 0.05337290854096926
0.7500000000000001 0.13250203190651896
0.8000000000000002 0.2247302726747958
0.8500000000000002 0.33481667534113496
0.9000000000000002 0.4657651946241298
0.9500000000000003 0.6096320803894208
1.0000000000000002 0.7415826970827344
1.0500000000000003 0.8384691585209946
1.1000000000000003 0.8974886841470847
1.1500000000000004 0.9296445842776817
1.2000000000000004 0.9464884369439863
1.2500000000000004 0.9553979214994558
1.3000000000000005 0.9600163259606822
1.3500000000000005 0.9625105847015372
1.4000000000000006 0.9641833136616903
1.4500000000000006 0.9654062627869595
1.5000000000000007 0.9665298547640473
1.5500000000000007 0.9677397084311979
1.6000000000000008 0.9690471784893051
1.6500000000000008 0.9704023984148595
1.7000000000000008 0.9717886474960603
1.7500000000000009 0.9731982229742011
1.800000000000001 0.9745953121794377
1.850000000000001 0.9759548937946082
1.900000000000001 0.9772548651171181
1.950000000000001 0.9784864498840746
2.000000000000001 0.9796451036069892
2.0500000000000007 0.980728865245854
2.1000000000000005 0.9817389647140029
2.1500000000000004 0.9826785786882112
2.2 0.9835500780884507
2.25 0.9843587735621555
2.3 0.9851096625731579
2.3499999999999996 0.9858076455727655
2.3999999999999995 0.986457230300845
2.4499999999999993 0.9870626114965443
2.499999999999999 0.9876275957872022
2.549999999999999 0.988155796395768
2.5999999999999988 0.9886502870285699
2.6499999999999986 0.9891138762997855
2.6999999999999984 0.9895490914203489
2.7499999999999982 0.989958365528917
2.799999999999998 0.990343714844516
2.849999999999998 0.9907069734805654
2.8999999999999977 0.9910497650903677
2.9499999999999975 0.9913736496359923
2.9999999999999973 0.9916801191927109