0 0.04807914338745774
0.05 0.05719144213021943
0.1 0.07507024534531845
0.15000000000000002 0.09844442114201295
0.2 0.12463080628736005
0.25 0.15234348771823653
0.3 0.18117701129513758
0.35 0.21106668765191972
0.39999999999999997 0.24204303802550706
0.44999999999999996 0.2742119536050699
0.49999999999999994 0.3077472409221757
0.5499999999999999 0.34283728655206797
0.6 0.37973718878870605
0.65 0.41891522261155806
0.7000000000000001 0.461133162926475
0.7500000000000001 0.5075896624889396
0.8000000000000002 0.5600302766304689
0.8500000000000002 0.6202819662946436
0.9000000000000002 0.6889080073196246
0.9500000000000003 0.7611912216615789
1.0000000000000002 0.8261461385109828
1.0500000000000003 0.8743295055871214
1.1000000000000003 0.9052601212585383
1.1500000000000004 0.9236222846620059
1.2000000000000004 0.9347034046202717
1.2500000000000004 0.9420780412882545
1.3000000000000005 0.9473098367845206
1.3500000000000005 0.9514274209799702
1.4000000000000006 0.9549956608374374
1.4500000000000006 0.958295896589199
1.5000000000000007 0.9610866850424147
1.5500000000000007 0.9635313588280839
1.6000000000000008 0.9657891337925415
1.6500000000000008 0.9678890860993051
1.7000000000000008 0.9698651201074017
1.7500000000000009 0.9717115129584473
1.800000000000001 0.9734276277079926
1.850000000000001 0.97502374616687
1.900000000000001 0.9764961960937413
1.950000000000001 0.9778541041505268
2.000000000000001 0.9791105706803089
2.0500000000000007 0.9802643259019818
2.1000000000000005 0.9813255618701234
2.1500000000000004 0.9823038368821455
2.2 0.9832069477777111
2.25 0.9840419823599574
2.3 0.9848152343416032
2.3499999999999996 0.985532640617014
2.3999999999999995 0.9861994505906622
2.4499999999999993 0.9868202520360966
2.499999999999999 0.987399170943207
2.549999999999999 0.987940080432793
2.5999999999999988 0.9884462616522198
2.6499999999999986 0.9889206582375094
2.6999999999999984 0.9893658233624633
2.7499999999999982 0.9897843711987815
2.799999999999998 0.9901783741403619
2.849999999999998 0.9905496903694371
2.8999999999999977 0.9908999944639351
2.9499999999999975 0.9912308968564925
2.9999999999999973 0.991543943377606
2.9499999999999975 0.9915149702601173
2.8999999999999977 0.9913330960388127
2.849999999999998 0.9910747956267323
2.799999999999998 0.9907725717943311
2.7499999999999982 0.9904396947606892
2.6999999999999984 0.9900815741616665
2.6499999999999986 0.9896998114845952
2.5999999999999988 0.9892942022444962
2.549999999999999 0.9888635270131603
2.499999999999999 0.9884063091673096
2.4499999999999993 0.9879206407487148
2.3999999999999995 0.9874042522810654
2.3499999999999996 0.9868545352602983
2.3 0.9862686107804561
2.25 0.985643448617068
2.2 0.9849754759642257
2.1500000000000004 0.9842607266779235
2.1000000000000005 0.9834948993651556
2.0500000000000007 0.9826731915594514
2.000000000000001 0.981790142880863
1.9500000000000008 0.9808396020334841
1.9000000000000008 0.9798147212865506
1.8500000000000008 0.978707899047278
1.8000000000000007 0.9775104139272622
1.7500000000000007 0.9762124222240244
1.7000000000000006 0.9748028744021656
1.6500000000000006 0.9732689780478221
1.6000000000000005 0.9715965671018085
1.5500000000000005 0.9697692007938882
1.5000000000000004 0.967768242231348
1.4500000000000004 0.9655722135406577
1.4000000000000004 0.9631566630328636
1.3500000000000003 0.9604934605229384
1.3000000000000003 0.9575503691490889
1.2500000000000002 0.9542901970190968
1.2000000000000002 0.9506703013456789
1.1500000000000001 0.9466417892954757
1.1 0.9421483734818211
1.05 0.9371258917469926
1.0 0.9315010391519583
0.95 0.9251908373993024
0.8999999999999999 0.9181018651990603
0.8499999999999999 0.9101302528128103
0.7999999999999998 0.9011617240026332
0.7499999999999998 0.8910730631380442
0.6999999999999997 0.879734036335755
0.6499999999999997 0.8670113349844629
0.5999999999999996 0.8527754058276257
0.5499999999999996 0.8369167457431466
0.4999999999999996 0.8193665532526683
0.4499999999999996 0.8001136528312398
0.39999999999999963 0.7792106473577511
0.34999999999999964 0.7567688631124898
0.29999999999999966 0.732931417137888
0.24999999999999967 0.7078472956350634
0.19999999999999968 0.6816599399339713
0.1499999999999997 0.6544741147695823
0.09999999999999969 0.6263352115245092
0.049999999999999684 0.597238314051089
-3.191891195797325e-16 0.567128135973131
-0.05000000000000032 0.5359044687878493
-0.10000000000000032 0.5034380089922446
-0.15000000000000033 0.4695817533058809
-0.20000000000000034 0.43417589380216787
-0.25000000000000033 0.39704223732638866
-0.3000000000000003 0.357981689233388
-0.3500000000000003 0.3167550323494618
-0.4000000000000003 0.27307989750168127
-0.4500000000000003 0.22660241906167436
-0.5000000000000003 0.1768747524206684
-0.5500000000000004 0.12331033725458182
-0.6000000000000004 0.06511555966850494
-0.6500000000000005 0.0011773030146694518
-0.7000000000000005 -0.07014136810817997
-0.7500000000000006 -0.15140118615888742
-0.8000000000000006 -0.2466636984299515
-0.8500000000000006 -0.3605068679270541
-0.9000000000000007 -0.4937720903185633
-0.9500000000000007 -0.6360379410936928
-1.0000000000000007 -0.7643472385594151
-1.0500000000000007 -0.8566203289334856
-1.1000000000000008 -0.9104301895467878
-1.1500000000000008 -0.9375787883650903
-1.2000000000000008 -0.9500338089367327
-1.2500000000000009 -0.9557079844711608
-1.300000000000001 -0.9586812455375775
-1.350000000000001 -0.9608536900546866
-1.400000000000001 -0.9625962959906547
-1.450000000000001 -0.9642459817781178
-1.500000000000001 -0.9655941428974933
-1.5500000000000012 -0.9668863141792768
-1.6000000000000012 -0.9682358181648248
-1.6500000000000012 -0.9696009782847581
-1.7000000000000013 -0.9710426782799113
-1.7500000000000013 -0.9725182988504244
-1.8000000000000014 -0.9739701958277981
-1.8500000000000014 -0.9753749030813113
-1.9000000000000015 -0.976724338802327
-1.9500000000000015 -0.9780028768292223
-2.0000000000000013 -0.9792054482849215
-2.050000000000001 -0.9803242515432086
-2.100000000000001 -0.981362884312417
-2.150000000000001 -0.9823268417410964
-2.2000000000000006 -0.9832209739606158
-2.2500000000000004 -0.9840504414493302
-2.3000000000000003 -0.9848202947769422
-2.35 -0.9855356388395545
-2.4 -0.9862012000654797
-2.4499999999999997 -0.9868212619368393
-2.4999999999999996 -0.9873997496092224
-2.5499999999999994 -0.9879404080124724
-2.599999999999999 -0.9884464410694151
-2.649999999999999 -0.9889207508702537
-2.699999999999999 -0.9893658728136839
-2.7499999999999987 -0.9897843920519456
-2.7999999999999985 -0.9901783830116544
-2.8499999999999983 -0.9905496929057992
-2.899999999999998 -0.9908999937424162
-2.949999999999998 -0.9912308947068075
-2.999999999999998 -0.9915439400321759
-2.949999999999998 -0.9915149664350313
-2.899999999999998 -0.9913330937271212
-2.8499999999999983 -0.9910747944611646
-2.7999999999999985 -0.9907725719095161
-2.7499999999999987 -0.9904396965713886
-2.699999999999999 -0.9900815755822254
-2.649999999999999 -0.989699811952428
-2.599999999999999 -0.9892942049801554
-2.5499999999999994 -0.9888635276611353
-2.4999999999999996 -0.9884063084372148
-2.4499999999999997 -0.9879206405503621
-2.4 -0.9874042542784264
-2.35 -0.9868545366681524
-2.3000000000000003 -0.9862686112024057
-2.2500000000000004 -0.9856434516886339
-2.2000000000000006 -0.9849754790605567
-2.150000000000001 -0.9842607282746204
-2.100000000000001 -0.983494901763592
-2.050000000000001 -0.9826731932129825
-2.0000000000000013 -0.9817901446417836
-1.9500000000000013 -0.9808396041565919
-1.9000000000000012 -0.9798147254867253
-1.8500000000000012 -0.9787079026700615
-1.8000000000000012 -0.9775104202432868
-1.750000000000001 -0.976212428462401
-1.700000000000001 -0.9748028798179049
-1.650000000000001 -0.9732689834687687
-1.600000000000001 -0.971596571346622
-1.550000000000001 -0.9697692062093572
-1.5000000000000009 -0.9677682483929917
-1.4500000000000008 -0.9655722200725153
-1.4000000000000008 -0.9631566704750478
-1.3500000000000008 -0.9604934755581855
-1.3000000000000007 -0.9575503829471136
-1.2500000000000007 -0.9542902114646279
-1.2000000000000006 -0.9506703144564043
-1.1500000000000006 -0.9466418013547255
-1.1000000000000005 -0.9421483947676499
-1.0500000000000005 -0.9371259132595663
-1.0000000000000004 -0.931501061474309
-0.9500000000000004 -0.9251908617051616
-0.9000000000000004 -0.9181018909235272
-0.8500000000000003 -0.9101302788808646
-0.8000000000000003 -0.9011617498608636
-0.7500000000000002 -0.8910730907622488
-0.7000000000000002 -0.8797340621063273
-0.6500000000000001 -0.8670113601909815
-0.6000000000000001 -0.8527754332112717
-0.55 -0.8369167757236167
-0.5 -0.8193665897451307
-0.45 -0.8001137005243437
-0.4 -0.7792107117629994
-0.35000000000000003 -0.756768943563473
-0.30000000000000004 -0.7329315021973297
-0.25000000000000006 -0.7078473712455713
-0.20000000000000007 -0.6816599837513764
-0.15000000000000008 -0.6544741135736285
-0.10000000000000007 -0.6263351909781232
-0.05000000000000007 -0.5972383008842499
-6.938893903907228e-17 -0.567128146609006
0.04999999999999993 -0.535904503465436
0.09999999999999994 -0.5034380663745144
0.14999999999999994 -0.469581831992758
0.19999999999999996 -0.43417598883440284
0.24999999999999994 -0.39704234711494285
0.29999999999999993 -0.35798181393683237
0.3499999999999999 -0.31675517004600096
0.3999999999999999 -0.2730800488604535
0.4499999999999999 -0.22660258641714254
0.4999999999999999 -0.17687493486455091
0.5499999999999999 -0.1233105406776287
0.6 -0.06511578663662812
0.65 -0.0011775545046380804
0.7000000000000001 0.07014108394821295
0.7500000000000001 0.15140086246628995
0.8000000000000002 0.24666332813407274
0.8500000000000002 0.36050643602621224
0.9000000000000002 0.49377158099303436
0.9500000000000003 0.6360373207701909
1.0000000000000002 0.7643464363230967
1.0500000000000003 0.8566192011316526
1.1000000000000003 0.9104284508399209
1.1500000000000004 0.9375761040458337
1.2000000000000004 0.9500297313430734
1.2500000000000004 0.9557028992683152
1.3000000000000005 0.9586736212378945
1.3500000000000005 0.9608461862173797
1.4000000000000006 0.9625900801926124
1.4500000000000006 0.9642422283306238
1.5000000000000007 0.9655932504293085
1.5500000000000007 0.96688704683995
1.6000000000000008 0.9682370950425047
1.6500000000000008 0.9696043440498048
1.7000000000000008 0.9710476651283735
1.7500000000000009 0.9725230843258976
1.800000000000001 0.9739727564474094
1.850000000000001 0.9753798699096656
1.900000000000001 0.9767265948473591
1.950000000000001 0.9780062650461835
2.000000000000001 0.9792074178126986
2.0500000000000007 0.9803247087361423
2.1000000000000005 0.9813629743390817
2.1500000000000004 0.9823268591385419
2.2 0.9832209777778549
2.25 0.9840504426666109
2.3 0.9848202953723403
2.3499999999999996 0.9855356391661075
2.3999999999999995 0.986201200272915
2.4499999999999993 0.9868212620528051
2.499999999999999 0.9873997496600617
2.549999999999999 0.9879404079170964
2.5999999999999988 0.9884464410081389
2.6499999999999986 0.988920750808407
2.6999999999999984 0.9893658727576383
2.7499999999999982 0.9897843922613094
2.799999999999998 0.9901783830511713
2.849999999999998 0.9905496928847278
2.8999999999999977 0.9908999937005227
2.9499999999999975 0.9912308946584625
2.9999999999999973 0.9915439399822328