0 -0.0021962558348758788
0.05 0.009351746198676004
0.1 0.030231088335656336
0.15000000000000002 0.0576896654658977
0.2 0.08872354457955342
0.25 0.12129316909805919
0.3 0.15443934969699646
0.35 0.18780095027120086
0.39999999999999997 0.22139972168329775
0.44999999999999996 0.25553670509958654
0.49999999999999994 0.29060187445926006
0.5499999999999999 0.32695393997605304
0.6 0.3649627167758737
0.65 0.4050951020816543
0.7000000000000001 0.4480218115169173
0.7500000000000001 0.4947908709927003
0.8000000000000002 0.5470449527627423
0.8500000000000002 0.6070936877510306
0.9000000000000002 0.6761105186168032
0.9500000000000003 0.7497388856695143
1.0000000000000002 0.8168533707952227
1.0500000000000003 0.8678074223130042
1.1000000000000003 0.9009779370679042
1.1500000000000004 0.9212662786198312
1.2000000000000004 0.9339825389628524
1.2500000000000004 0.9423805511636485
1.3000000000000005 0.9481541494777053
1.3500000000000005 0.9524499462884455
1.4000000000000006 0.955842559899147
1.4500000000000006 0.9587556573428915
1.5000000000000007 0.9613422148295953
1.5500000000000007 0.9637562867187733
1.6000000000000008 0.966071216078181
1.6500000000000008 0.968224728221588
1.7000000000000008 0.9702192863991298
1.7500000000000009 0.972077884736243
1.800000000000001 0.9737959984437965
1.850000000000001 0.9753841162637308
1.900000000000001 0.9768519684751601
1.950000000000001 0.9782037113203929
2.000000000000001 0.9794478777034072
2.0500000000000007 0.9805934696937602
2.1000000000000005 0.9816480869948496
2.1500000000000004 0.9826196583904047
2.2 0.9835158441833769
2.25 0.9843437258661999
2.3 0.9851096638487022
2.3499999999999996 0.9858196715433839
2.3999999999999995 0.9864790169215918
2.4499999999999993 0.9870923675544399
2.499999999999999 0.9876638953440223
2.549999999999999 0.9881975710820207
2.5999999999999988 0.988696666333504
2.6499999999999986 0.9891640991184193
2.6999999999999984 0.9896024757841666
2.7499999999999982 0.9900143881893255
2.799999999999998 0.9904019183947402
2.849999999999998 0.9907669763698694
2.8999999999999977 0.9911112182477269
2.9499999999999975 0.9914362349054031
2.9999999999999973 0.9917436098847818
2.9499999999999975 0.9917201739501942
2.8999999999999977 0.9915465788057615
2.849999999999998 0.9912967864095656
2.799999999999998 0.9910029583214747
2.7499999999999982 0.9906783276084696
2.6999999999999984 0.9903285008224432
2.6499999999999986 0.9899552031571796
2.5999999999999988 0.9895583689077871
2.549999999999999 0.9891368149739879
2.499999999999999 0.9886891127392302
2.4499999999999993 0.9882133756685696
2.3999999999999995 0.9877073893080538
2.3499999999999996 0.987168562270602
2.3 0.9865940055467038
2.25 0.9859807357097081
2.2 0.9853252695078326
2.1500000000000004 0.9846237507616573
2.1000000000000005 0.9838716903698081
2.0500000000000007 0.9830644015601712
2.000000000000001 0.9821964761070083
1.9500000000000008 0.9812617958113115
1.9000000000000008 0.9802535688504963
1.8500000000000008 0.9791641959933723
1.8000000000000007 0.9779848821312932
1.7500000000000007 0.9767058966116924
1.7000000000000006 0.9753162275190602
1.6500000000000006 0.9738030777475761
1.6000000000000005 0.972152213599026
1.5500000000000005 0.9703471347040972
1.5000000000000004 0.9683691361214817
1.4500000000000004 0.9661967451534953
1.4000000000000004 0.9638052552383807
1.3500000000000003 0.9611663526154501
1.3000000000000003 0.9582474285686419
1.2500000000000002 0.9550108590673371
1.2000000000000002 0.9514133761897339
1.1500000000000001 0.9474051070604886
1.1 0.9429286714003859
1.05 0.9379181687754383
1.0 0.9322982096556826
0.95 0.9259828734914066
0.8999999999999999 0.9188752211511838
0.8499999999999999 0.910866746957345
0.7999999999999998 0.9018381437235266
0.7499999999999998 0.8916609061444031
0.6999999999999997 0.8802014163991078
0.6499999999999997 0.8673276079728965
0.5999999999999996 0.8529192336117063
0.5499999999999996 0.8368812802713168
0.4999999999999996 0.8191574197708168
0.4499999999999996 0.7997387307883084
0.39999999999999963 0.7786644884961763
0.34999999999999964 0.7560190900364616
0.29999999999999966 0.7319283465282077
0.24999999999999967 0.7065444638455755
0.19999999999999968 0.680010154490107
0.1499999999999997 0.6524213088868487
0.09999999999999969 0.6238137548386603
0.049999999999999684 0.5941744662827495
-3.191891195797325e-16 0.5634571881192014
-0.05000000000000032 0.5315872269415594
-0.10000000000000032 0.49847119278504015
-0.15000000000000033 0.4639972033074723
-0.20000000000000034 0.42802463774993166
-0.25000000000000033 0.39039156167391337
-0.3000000000000003 0.35093615681122925
-0.3500000000000003 0.3094630894303437
-0.4000000000000003 0.2657143291145293
-0.4500000000000003 0.21934804576349237
-0.5000000000000003 0.1699322064658592
-0.5500000000000004 0.11691179374611124
-0.6000000000000004 0.05954930196627956
-0.6500000000000005 -0.003171366373294015
-0.7000000000000005 -0.07271499059014386
-0.7500000000000006 -0.15130753521777504
-0.8000000000000006 -0.24247732565690863
-0.8500000000000006 -0.3509709813984233
-0.9000000000000007 -0.4794656080793105
-0.9500000000000007 -0.6195222129331079
-1.0000000000000007 -0.7483507631566606
-1.0500000000000007 -0.8434887570705537
-1.1000000000000008 -0.9010947064153513
-1.1500000000000008 -0.9320763114214555
-1.2000000000000008 -0.9480220772702178
-1.2500000000000009 -0.9561830769378153
-1.300000000000001 -0.9604972205950092
-1.350000000000001 -0.9627970512959412
-1.400000000000001 -0.9641476556067122
-1.450000000000001 -0.9652305548764677
-1.500000000000001 -0.9662953234824301
-1.5500000000000012 -0.9674306374658801
-1.6000000000000012 -0.9687325463148602
-1.6500000000000012 -0.9700974200746311
-1.7000000000000013 -0.9715026886178576
-1.7500000000000013 -0.9729447325495482
-1.8000000000000014 -0.9743805459536224
-1.8500000000000014 -0.975773006308904
-1.9000000000000015 -0.9771019589700226
-1.9500000000000015 -0.9783617971283681
-2.0000000000000013 -0.9795468444132126
-2.050000000000001 -0.980657231163964
-2.100000000000001 -0.9816877211420894
-2.150000000000001 -0.9826448125831928
-2.2000000000000006 -0.9835314789233227
-2.2500000000000004 -0.9843532121929534
-2.3000000000000003 -0.9851153484361441
-2.35 -0.9858230325539683
-2.4 -0.9864809842657416
-2.4499999999999997 -0.9870934968644361
-2.4999999999999996 -0.9876645415924639
-2.5499999999999994 -0.9881979349211374
-2.599999999999999 -0.9886968680807113
-2.649999999999999 -0.9891642070602036
-2.699999999999999 -0.9896025332876297
-2.7499999999999987 -0.9900144152837987
-2.7999999999999985 -0.9904019306190947
-2.8499999999999983 -0.9907669795435824
-2.899999999999998 -0.9911112162359842
-2.949999999999998 -0.9914362299445785
-2.999999999999998 -0.9917436043922155
-2.949999999999998 -0.9917201700647897
-2.899999999999998 -0.9915465769704762
-2.8499999999999983 -0.9912967856947165
-2.7999999999999985 -0.9910029580348589
-2.7499999999999987 -0.9906783263618623
-2.699999999999999 -0.9903285009200449
-2.649999999999999 -0.9899552023451291
-2.599999999999999 -0.9895583684378688
-2.5499999999999994 -0.9891368142377415
-2.4999999999999996 -0.9886891123436373
-2.4499999999999997 -0.9882133761869152
-2.4 -0.9877073909871962
-2.35 -0.9871685633538465
-2.3000000000000003 -0.9865940060166373
-2.2500000000000004 -0.9859807361493076
-2.2000000000000006 -0.985325270598115
-2.150000000000001 -0.9846237517660312
-2.100000000000001 -0.9838716913638259
-2.050000000000001 -0.983064403663862
-2.0000000000000013 -0.982196478341778
-1.9500000000000013 -0.9812617995574269
-1.9000000000000012 -0.9802535729752503
-1.8500000000000012 -0.9791642011771541
-1.8000000000000012 -0.9779848858885773
-1.750000000000001 -0.9767059007840053
-1.700000000000001 -0.9753162314136247
-1.650000000000001 -0.9738030852559029
-1.600000000000001 -0.9721522203119697
-1.550000000000001 -0.9703471441769455
-1.5000000000000009 -0.968369147013567
-1.4500000000000008 -0.9661967579950668
-1.4000000000000008 -0.9638052711294084
-1.3500000000000008 -0.9611663705846162
-1.3000000000000007 -0.9582474465646255
-1.2500000000000007 -0.9550108790435493
-1.2000000000000006 -0.9514133997393721
-1.1500000000000006 -0.9474051363743298
-1.1000000000000005 -0.942928704860901
-1.0500000000000005 -0.9379182046076534
-1.0000000000000004 -0.9322982484270921
-0.9500000000000004 -0.9259829155431564
-0.9000000000000004 -0.9188752682589411
-0.8500000000000003 -0.9108668027645724
-0.8000000000000003 -0.9018382034258517
-0.7500000000000002 -0.8916609700870142
-0.7000000000000002 -0.8802014830566892
-0.6500000000000001 -0.8673276789195887
-0.6000000000000001 -0.8529193008363329
-0.55 -0.836881345414084
-0.5 -0.8191574843644187
-0.45 -0.7997387941864641
-0.4 -0.7786645508491707
-0.35000000000000003 -0.75601915520071
-0.30000000000000004 -0.7319284145300502
-0.25000000000000006 -0.7065445417732736
-0.20000000000000007 -0.6800102427215721
-0.15000000000000008 -0.652421414828128
-0.10000000000000007 -0.623813896329379
-0.05000000000000007 -0.5941746744518877
-6.938893903907228e-17 -0.563457568361379
0.04999999999999993 -0.5315881310137276
0.09999999999999994 -0.49847380672869984
0.14999999999999994 -0.46400551023629466
0.19999999999999996 -0.4280485591169546
0.24999999999999994 -0.3904392777055992
0.29999999999999993 -0.350996068442105
0.3499999999999999 -0.3095170398078016
0.3999999999999999 -0.2657552461981772
0.4499999999999999 -0.21937693917783485
0.4999999999999999 -0.16995217361665504
0.5499999999999999 -0.1169256097307165
0.6 -0.05955897653957726
0.65 0.003164473600845164
0.7000000000000001 0.0727099766976998
0.7500000000000001 0.15130380152971867
0.8000000000000002 0.24247446130510092
0.8500000000000002 0.35096870997050844
0.9000000000000002 0.47946372606094767
0.9500000000000003 0.6195205626367695
1.0000000000000002 0.7483491998004422
1.0500000000000003 0.8434870970104792
1.1000000000000003 0.9010926501931976
1.1500000000000004 0.9320732844747409
1.2000000000000004 0.9480173329217159
1.2500000000000004 0.9561768897999157
1.3000000000000005 0.9604906574739052
1.3500000000000005 0.9627909364165258
1.4000000000000006 0.9641430970826973
1.4500000000000006 0.9652282665935658
1.5000000000000007 0.9662956031774647
1.5500000000000007 0.9674348081820503
1.6000000000000008 0.9687439859376427
1.6500000000000008 0.9701113327924221
1.7000000000000008 0.9715126579762408
1.7500000000000009 0.9729536536271788
1.800000000000001 0.9743849036479474
1.850000000000001 0.97577852611093
1.900000000000001 0.9771104754226214
1.950000000000001 0.9783686139186114
2.000000000000001 0.9795520675577869
2.0500000000000007 0.9806588406831666
2.1000000000000005 0.9816890981858785
2.1500000000000004 0.9826453182534687
2.2 0.9835315820948706
2.25 0.9843532292553435
2.3 0.9851153503866252
2.3499999999999996 0.9858230322964212
2.3999999999999995 0.9864809838460813
2.4499999999999993 0.9870934965593277
2.499999999999999 0.9876645413608319
2.549999999999999 0.9881979347608049
2.5999999999999988 0.9886968680109871
2.6499999999999986 0.989164206921355
2.6999999999999984 0.9896025331824188
2.7499999999999982 0.9900144151392449
2.799999999999998 0.9904019305160987
2.849999999999998 0.9907669794791709
2.8999999999999977 0.9911112161029171
2.9499999999999975 0.9914362298586282
2.9999999999999973 0.9917436042463583