
0 0.24803677033351196
0.05 0.2833816515402166
0.1 0.32018105523160767
0.15000000000000002 0.35876819753181827
0.2 0.39963893073559287
0.25 0.4435384236003536
0.3 0.49163418481272614
0.35 0.5458435966628775
0.39999999999999997 0.6083378501685002
0.44999999999999996 0.6799049039413241
0.49999999999999994 0.7564400697985855
0.5499999999999999 0.825192184547162
0.6 0.8751259026658733
0.65 0.9067588792318251
0.7000000000000001 0.925364125952705
0.7500000000000001 0.9365182495391415
0.8000000000000002 0.9437444054652441
0.8500000000000002 0.948757941046223
0.9000000000000002 0.9525246652056165
0.9500000000000003 0.9556259195145178
1.0000000000000002 0.9584233760519573
1.0500000000000003 0.961099997686198
1.1000000000000003 0.9635839930703071
1.1500000000000004 0.9658974336998913
1.2000000000000004 0.9680580414481976
1.2500000000000004 0.9700561464141297
1.3000000000000005 0.9719064705156021
1.3500000000000005 0.9736304472378767
1.4000000000000006 0.9752348681217515
1.4500000000000006 0.9767128514208598
1.5000000000000007 0.9780688888630251
1.5500000000000007 0.9793145946409513
1.6000000000000008 0.9804602976527746
1.6500000000000008 0.981514943473041
1.7000000000000008 0.9824874155312535
1.7500000000000009 0.983384202035227
1.800000000000001 0.9842127082820119
1.850000000000001 0.9849795447718588
1.900000000000001 0.9856907457166031
1.950000000000001 0.9863515766637806
2.000000000000001 0.9869666695195053
2.0500000000000007 0.987540125079057
2.1000000000000005 0.9880758504229163
2.1500000000000004 0.9885771066533199
2.2 0.9890468110905767
2.25 0.9894875380336161
2.3 0.9899018290317648
2.3499999999999996 0.9902917425574967
2.3999999999999995 0.9906591654121857
2.4499999999999993 0.9910057848725234
2.499999999999999 0.9913331698979576
2.549999999999999 0.9916428838066873
2.5999999999999988 0.9916167805995799
2.6499999999999986 0.991439415166769
2.6999999999999984 0.9911857991760166
2.7499999999999982 0.9908883277540337
2.799999999999998 0.9905601907984374
2.849999999999998 0.9902068803604887
2.8999999999999977 0.9898300957069976
2.9499999999999975 0.9894297239982034
2.9999999999999973 0.9890045592842174
2.9499999999999975 0.9885531781689183
2.8999999999999977 0.9880736569561953
2.849999999999998 0.9875637565620301
2.799999999999998 0.9870209614458435
2.7499999999999982 0.9864423740534556
2.6999999999999984 0.9858250038664362
2.6499999999999986 0.9851653608203068
2.5999999999999988 0.9844595820136364
2.549999999999999 0.9837032519348021
2.499999999999999 0.9828917160371069
2.4499999999999993 0.9820195725806021
2.3999999999999995 0.9810807683073848
2.3499999999999996 0.9800685339695845
2.3 0.978975303789643
2.25 0.977792476046618
2.2 0.9765103348829467
2.1500000000000004 0.9751179292728186
2.1000000000000005 0.9736026901771706
2.0500000000000007 0.9719504881548303
2.000000000000001 0.9701450265258067
1.9500000000000008 0.9681678269772271
1.9000000000000008 0.9659976683192913
1.8500000000000008 0.9636100465656555
1.8000000000000007 0.960977038760377
1.7500000000000007 0.9580663806948948
1.7000000000000006 0.9548407645763617
1.6500000000000006 0.9512572508214527
1.6000000000000005 0.9472663227024779
1.5500000000000005 0.942810875188024
1.5000000000000004 0.9378252246640153
1.4500000000000004 0.9322340093745719
1.4000000000000004 0.9259515304694695
1.3500000000000003 0.9188808467286771
1.3000000000000003 0.9109139629472216
1.2500000000000002 0.901932742110639
1.2000000000000002 0.8918115201716316
1.1500000000000001 0.8804222919352326
1.1 0.867643225508521
1.05 0.8533700209736783
1.0 0.8375273915432626
0.95 0.8200763944261172
0.8999999999999999 0.80101656952635
0.8499999999999999 0.7803845007905152
0.7999999999999998 0.7582504920605185
0.7499999999999998 0.7347071905732827
0.6999999999999997 0.7098499760551608
0.6499999999999997 0.6837592465739902
0.5999999999999996 0.6564949018919221
0.5499999999999996 0.6281007394995554
0.4999999999999996 0.5986079368489409
0.4499999999999996 0.5680253921703741
0.39999999999999963 0.536329071002921
0.34999999999999964 0.5034560047265432
0.29999999999999966 0.46929493079334034
0.24999999999999967 0.4336927730495084
0.19999999999999968 0.39646311349172264
0.1499999999999997 0.35739472472539463
0.09999999999999969 0.3162387568088125
0.049999999999999684 0.2727078598840578
-3.191891195797325e-16 0.22644885292972372
-0.05000000000000032 0.17701974471447265
-0.10000000000000032 0.1236007122767864
-0.15000000000000033 0.06552183662278026
-0.20000000000000034 0.0020104220953891965
-0.25000000000000033 -0.06855751413104087
-0.3000000000000003 -0.14866544780282678
-0.3500000000000003 -0.24226963708898622
-0.4000000000000003 -0.35442962843573017
-0.4500000000000003 -0.4870115998629281
-0.5000000000000003 -0.6300264948793086
-0.5500000000000004 -0.7588497475988945
-0.6000000000000004 -0.8522774629293562
-0.6500000000000005 -0.9084361762994041
-0.7000000000000005 -0.9374945370759348
-0.7500000000000006 -0.9516406413658652
-0.8000000000000006 -0.9583863725953998
-0.8500000000000006 -0.9615331774150896
-0.9000000000000007 -0.9628859645845324
-0.9500000000000007 -0.9637119300414345
-1.0000000000000007 -0.9646902230146236
-1.0500000000000007 -0.9658880763752571
-1.1000000000000008 -0.9671865097959813
-1.1500000000000008 -0.9685096749203731
-1.2000000000000008 -0.9699064480830945
-1.2500000000000009 -0.9713280442611301
-1.300000000000001 -0.9727696904723259
-1.350000000000001 -0.9742085188077308
-1.400000000000001 -0.9756035403983776
-1.450000000000001 -0.9769457532810163
-1.500000000000001 -0.9782126704139595
-1.5500000000000012 -0.9793994879888305
-1.6000000000000012 -0.9805081436128821
-1.6500000000000012 -0.9815401694255976
-1.7000000000000013 -0.9825073476048525
-1.7500000000000013 -0.9833986251942901
-1.8000000000000014 -0.9842218940112295
-1.8500000000000014 -0.9849851332856625
-1.9000000000000015 -0.9856940746516982
-1.9500000000000015 -0.986353532487661
-2.0000000000000013 -0.9869678033601902
-2.050000000000001 -0.9875407773189043
-2.100000000000001 -0.9880762220429417
-2.150000000000001 -0.9885773149391316
-2.2000000000000006 -0.9890469254656097
-2.2500000000000004 -0.9894876017566061
-2.3000000000000003 -0.9899018632999372
-2.35 -0.9902917602816363
-2.4 -0.9906591752132684
-2.4499999999999997 -0.9910057902890482
-2.4999999999999996 -0.9913331724820124
-2.5499999999999994 -0.9916428849745763
-2.599999999999999 -0.9916167803074554
-2.649999999999999 -0.9914394147054946
-2.699999999999999 -0.9911857971355912
-2.7499999999999987 -0.9908883263207974
-2.7999999999999985 -0.9905601893716247
-2.8499999999999983 -0.9902068785256591
-2.899999999999998 -0.9898300946147112
-2.949999999999998 -0.9894297225344899
-2.999999999999998 -0.9890045574814289
-2.949999999999998 -0.9885531768311286
-2.899999999999998 -0.9880736573015533
-2.8499999999999983 -0.9875637565783064
-2.7999999999999985 -0.9870209606359323
-2.7499999999999987 -0.9864423737687869
-2.699999999999999 -0.985825003833243
-2.649999999999999 -0.9851653604003068
-2.599999999999999 -0.9844595807396226
-2.5499999999999994 -0.9837032502888385
-2.4999999999999996 -0.9828917139451704
-2.4499999999999997 -0.9820195710697194
-2.4 -0.9810807673253649
-2.35 -0.9800685325874067
-2.3000000000000003 -0.9789753029561379
-2.2500000000000004 -0.9777924758949825
-2.2000000000000006 -0.9765103346184574
-2.150000000000001 -0.9751179293497961
-2.100000000000001 -0.9736026889056145
-2.050000000000001 -0.9719504864592388
-2.0000000000000013 -0.9701450251900342
-1.9500000000000013 -0.968167823940426
-1.9000000000000012 -0.965997667876813
-1.8500000000000012 -0.9636100456567893
-1.8000000000000012 -0.9609770367406841
-1.750000000000001 -0.9580663792186019
-1.700000000000001 -0.9548407640504118
-1.650000000000001 -0.9512572500421488
-1.600000000000001 -0.9472663223342497
-1.550000000000001 -0.942810873942573
-1.5000000000000009 -0.9378252215406175
-1.4500000000000008 -0.9322340072167671
-1.4000000000000008 -0.9259515247025526
-1.3500000000000008 -0.9188808417698635
-1.3000000000000007 -0.9109139594437373
-1.2500000000000007 -0.9019327401084922
-1.2000000000000006 -0.8918115186609308
-1.1500000000000006 -0.880422286668949
-1.1000000000000005 -0.8676432198505004
-1.0500000000000005 -0.8533700153117066
-1.0000000000000004 -0.8375273865798846
-0.9500000000000004 -0.8200763863024909
-0.9000000000000004 -0.8010165609332743
-0.8500000000000003 -0.7803844946507544
-0.8000000000000003 -0.7582504915890592
-0.7500000000000002 -0.7347071998618885
-0.7000000000000002 -0.7098499991350025
-0.6500000000000001 -0.6837592918440291
-0.6000000000000001 -0.6564949718684374
-0.55 -0.6281008302265653
-0.5 -0.5986080380624357
-0.45 -0.5680254956062193
-0.4 -0.5363291711437895
-0.35000000000000003 -0.503456094623949
-0.30000000000000004 -0.4692950120476776
-0.25000000000000006 -0.4336928473383207
-0.20000000000000007 -0.3964631863480224
-0.15000000000000008 -0.3573947992434442
-0.10000000000000007 -0.31623883182447216
-0.05000000000000007 -0.2727079382280328
-6.938893903907228e-17 -0.22644893887124268
0.04999999999999993 -0.17701984048197084
0.09999999999999994 -0.12384745885858801
0.14999999999999994 -0.06587881020467891
0.19999999999999996 -0.0022055773320185427
0.24999999999999994 0.06845859854892211
0.29999999999999993 0.14861254261869666
0.3499999999999999 0.2422394733862552
0.3999999999999999 0.35441144758039433
0.4499999999999999 0.48700010273239425
0.4999999999999999 0.6300188862956061
0.5499999999999999 0.7588444975766228
0.6 0.8522736390824295
0.65 0.9084330783105492
0.7000000000000001 0.9374914656400264
0.7500000000000001 0.9516375731123654
0.8000000000000002 0.9583822996050811
0.8500000000000002 0.96152931211632
0.9000000000000002 0.9628824573367641
0.9500000000000003 0.9637086055153454
1.0000000000000002 0.9646878582368792
1.0500000000000003 0.9658873820272402
1.1000000000000003 0.9671872896509753
1.1500000000000004 0.9685117916269684
1.2000000000000004 0.9699094981190783
1.2500000000000004 0.9713344707681075
1.3000000000000005 0.9727844651476985
1.3500000000000005 0.9742183630609164
1.4000000000000006 0.9756175245047563
1.4500000000000006 0.9769613069875335
1.5000000000000007 0.9782311802327506
1.5500000000000007 0.9794189510573754
1.6000000000000008 0.9805274062110462
1.6500000000000008 0.981557370402945
1.7000000000000008 0.9825132702131546
1.7500000000000009 0.9833998324021906
1.800000000000001 0.9842221117834778
1.850000000000001 0.9849851693659656
1.900000000000001 0.9856940794445704
1.950000000000001 0.9863535324945343
2.000000000000001 0.9869678021171301
2.0500000000000007 0.9875407766109704
2.1000000000000005 0.9880762216841684
2.1500000000000004 0.9885773147485908
2.2 0.9890469253553317
2.25 0.9894876016838577
2.3 0.9899018633673293
2.3499999999999996 0.9902917602820733
2.3999999999999995 0.9906591752699976
2.4499999999999993 0.9910057902900065