0 -0.012082007205792507
0.05 0.002355878041635305
0.1 0.02689340082652852
0.15000000000000002 0.05758535803985648
0.2 0.09084198867601746
0.25 0.12485424923485308
0.3 0.15895190699978107
0.35 0.19295173552832096
0.39999999999999997 0.22703085608002704
0.44999999999999996 0.2615301399853145
0.49999999999999994 0.2968239153437763
0.5499999999999999 0.3333126878254588
0.6 0.3714264716066818
0.65 0.41168537324367765
0.7000000000000001 0.4548429482183221
0.7500000000000001 0.5020812747013871
0.8000000000000002 0.5552887309678493
0.8500000000000002 0.6164678991427741
0.9000000000000002 0.6862808120221185
0.9500000000000003 0.7605583949269846
1.0000000000000002 0.827044043519473
1.0500000000000003 0.8756104040305415
1.1000000000000003 0.9067984510217213
1.1500000000000004 0.925340146467032
1.2000000000000004 0.9364737039385316
1.2500000000000004 0.9437049485861331
1.3000000000000005 0.9486809688448081
1.3500000000000005 0.9524656440985125
1.4000000000000006 0.9556141909145596
1.4500000000000006 0.9584102129415779
1.5000000000000007 0.9610445830653069
1.5500000000000007 0.9635282450249801
1.6000000000000008 0.9658433420803504
1.6500000000000008 0.9680172162788607
1.7000000000000008 0.9700279129001114
1.7500000000000009 0.9719080394851856
1.800000000000001 0.9736447130716146
1.850000000000001 0.9752423940110728
1.900000000000001 0.9767137674401635
1.950000000000001 0.9780681265100367
2.000000000000001 0.9793141175799058
2.0500000000000007 0.9804603191152041
2.1000000000000005 0.9815152465123451
2.1500000000000004 0.9824871457117204
2.2 0.9833837878482067
2.25 0.9842123363567924
2.3 0.9849792305800884
2.3499999999999996 0.9856904721037386
2.3999999999999995 0.9863513305539751
2.4499999999999993 0.9869664447590903
2.499999999999999 0.9875399146821923
2.549999999999999 0.9880756546026154
2.5999999999999988 0.9885769198299602
2.6499999999999986 0.9890466311427893
2.6999999999999984 0.9894873638136722
2.7499999999999982 0.9899016608202146
2.799999999999998 0.990291581484653
2.849999999999998 0.9906590116645768
2.8999999999999977 0.9910056354803808
2.9499999999999975 0.9913330265958772
2.9999999999999973 0.991642744465341
2.9499999999999975 0.9916166372187395
2.8999999999999977 0.9914392679965026
2.849999999999998 0.9911856451232555
2.799999999999998 0.9908881681911156
2.7499999999999982 0.9905600246664706
2.6999999999999984 0.990206709212858
2.6499999999999986 0.9898299182551079
2.5999999999999988 0.9894295388932627
2.549999999999999 0.9890043681139913
2.499999999999999 0.98855297743735
2.4499999999999993 0.9880734476508014
2.3999999999999995 0.9875635386473508
2.3499999999999996 0.9870207351146214
2.3 0.9864421359747685
2.25 0.9858247539487159
2.2 0.9851651012702135
2.1500000000000004 0.9844593097482838
2.1000000000000005 0.9837029665049756
2.0500000000000007 0.9828914170598059
2.000000000000001 0.982019257819935
1.9500000000000008 0.9810804379735183
1.9000000000000008 0.9800681859081141
1.8500000000000008 0.9789749393132379
1.8000000000000007 0.97779209040085
1.7500000000000007 0.9765099256466117
1.7000000000000006 0.9751174930988603
1.6500000000000006 0.9736022291692774
1.6000000000000005 0.9719499968948955
1.5500000000000005 0.9701444996986212
1.5000000000000004 0.9681672613210146
1.4500000000000004 0.9659970598997777
1.4000000000000004 0.9636093896707515
1.3500000000000003 0.9609763250358269
1.3000000000000003 0.9580656021289711
1.2500000000000002 0.9548399113947272
1.2000000000000002 0.9512563170645996
1.1500000000000001 0.9472652913714327
1.1 0.9428097319161819
1.05 0.9378239577824655
1.0 0.9322326040947585
0.95 0.9259499691773975
0.8999999999999999 0.9188791142986285
0.8499999999999999 0.9109120658783594
0.7999999999999998 0.9019306929198427
0.7499999999999998 0.8918093412711613
0.6999999999999997 0.8804200223818753
0.6499999999999997 0.8676409363091627
0.5999999999999996 0.853367810193979
0.5499999999999996 0.8375254589594923
0.4999999999999996 0.8200750581332595
0.4499999999999996 0.8010163659069791
0.39999999999999963 0.7803862295430053
0.34999999999999964 0.7582550221719174
0.29999999999999966 0.7347148479548595
0.24999999999999967 0.7098588097114742
0.19999999999999968 0.6837559330242153
0.1499999999999997 0.656419206903119
0.09999999999999969 0.6278614217558652
0.049999999999999684 0.598192685713324
-3.191891195797325e-16 0.5674772454247248
-0.05000000000000032 0.5356898848979077
-0.10000000000000032 0.5027522823384921
-0.15000000000000033 0.46854124547184817
-0.20000000000000034 0.4328967720863182
-0.25000000000000033 0.3956287855584693
-0.3000000000000003 0.3565241769475298
-0.3500000000000003 0.3153331491464745
-0.4000000000000003 0.2717678796598734
-0.4500000000000003 0.22547499372683932
-0.5000000000000003 0.17601239651030837
-0.5500000000000004 0.1228068714227958
-0.6000000000000004 0.06508741110352147
-0.6500000000000005 0.0017798430287899569
-0.7000000000000005 -0.068685262533884
-0.7500000000000006 -0.14873967253975112
-0.8000000000000006 -0.24231486560068713
-0.8500000000000006 -0.3544577817507032
-0.9000000000000007 -0.48702869663585646
-0.9500000000000007 -0.6300354370414571
-1.0000000000000007 -0.758853617420021
-1.0500000000000007 -0.8522802380036959
-1.1000000000000008 -0.9084394133046918
-1.1500000000000008 -0.9374974132032946
-1.2000000000000008 -0.9516431876240751
-1.2500000000000009 -0.9583882350086852
-1.300000000000001 -0.9615341182078231
-1.350000000000001 -0.9628865625780139
-1.400000000000001 -0.9637117811172196
-1.450000000000001 -0.9646892869169172
-1.500000000000001 -0.9658853007914462
-1.5500000000000012 -0.9671803147692692
-1.6000000000000012 -0.9684924966152124
-1.6500000000000012 -0.9698812211173669
-1.7000000000000013 -0.9713009625909418
-1.7500000000000013 -0.9727460370079288
-1.8000000000000014 -0.9741885887124394
-1.8500000000000014 -0.9755974773016293
-1.9000000000000015 -0.9769445526472216
-1.9500000000000015 -0.9782119442949946
-2.0000000000000013 -0.9793993190566068
-2.050000000000001 -0.9805091879800617
-2.100000000000001 -0.9815444620424285
-2.150000000000001 -0.982502787648181
-2.2000000000000006 -0.9833964208040133
-2.2500000000000004 -0.9842212252253868
-2.3000000000000003 -0.9849847986167428
-2.35 -0.9856938145131802
-2.4 -0.9863532972331445
-2.4499999999999997 -0.9869675787707523
-2.4999999999999996 -0.987540563224716
-2.5499999999999994 -0.9880760172672192
-2.599999999999999 -0.98857711983513
-2.649999999999999 -0.989046738467503
-2.699999999999999 -0.989487420736559
-2.7499999999999987 -0.989901690092432
-2.7999999999999985 -0.9902915938493063
-2.8499999999999983 -0.9906590146979564
-2.899999999999998 -0.9910056361285232
-2.949999999999998 -0.9913330243670252
-2.999999999999998 -0.9916427413198113
-2.949999999999998 -0.9916166340810255
-2.899999999999998 -0.9914392662741984
-2.8499999999999983 -0.9911856438748643
-2.7999999999999985 -0.9908881673610732
-2.7499999999999987 -0.9905600243297275
-2.699999999999999 -0.9902067074251723
-2.649999999999999 -0.989829918147941
-2.599999999999999 -0.9894295386894527
-2.5499999999999994 -0.9890043682587476
-2.4999999999999996 -0.9885529786180876
-2.4499999999999997 -0.9880734497535415
-2.4 -0.9875635402905727
-2.35 -0.987020734729544
-2.3000000000000003 -0.9864421367833064
-2.2500000000000004 -0.9858247559431009
-2.2000000000000006 -0.9851651013445121
-2.150000000000001 -0.9844593099395721
-2.100000000000001 -0.9837029670216523
-2.050000000000001 -0.9828914174929309
-2.0000000000000013 -0.9820192598524422
-1.9500000000000013 -0.9810804412339641
-1.9000000000000012 -0.9800681882109439
-1.8500000000000012 -0.9789749410934561
-1.8000000000000012 -0.9777920925352983
-1.750000000000001 -0.9765099290537256
-1.700000000000001 -0.9751174972676079
-1.650000000000001 -0.9736022330861255
-1.600000000000001 -0.9719500004561905
-1.550000000000001 -0.9701445051458525
-1.5000000000000009 -0.9681672659205147
-1.4500000000000008 -0.9659970656405761
-1.4000000000000008 -0.9636093969383136
-1.3500000000000008 -0.9609763333205747
-1.3000000000000007 -0.9580656114169434
-1.2500000000000007 -0.954839922914642
-1.2000000000000006 -0.9512563295662423
-1.1500000000000006 -0.9472653045665268
-1.1000000000000005 -0.9428097452222141
-1.0500000000000005 -0.9378239675952798
-1.0000000000000004 -0.9322326141829277
-0.9500000000000004 -0.9259499783946952
-0.9000000000000004 -0.9188791274363837
-0.8500000000000003 -0.9109120806627429
-0.8000000000000003 -0.9019307085095843
-0.7500000000000002 -0.891809356900857
-0.7000000000000002 -0.8804200406200351
-0.6500000000000001 -0.8676409531722514
-0.6000000000000001 -0.8533678265084612
-0.55 -0.8375254800492891
-0.5 -0.8200750770653354
-0.45 -0.8010163825096626
-0.4 -0.7803862431416466
-0.35000000000000003 -0.7582550390072239
-0.30000000000000004 -0.7347148687384595
-0.25000000000000006 -0.7098588377008778
-0.20000000000000007 -0.6837559757422215
-0.15000000000000008 -0.6564192813213282
-0.10000000000000007 -0.627861530305672
-0.05000000000000007 -0.5981928217635245
-6.938893903907228e-17 -0.5674773997082885
0.04999999999999993 -0.535690054047577
0.09999999999999994 -0.5027524501348168
0.14999999999999994 -0.4685414078103292
0.19999999999999996 -0.43289692972151955
0.24999999999999994 -0.3956289406896114
0.29999999999999993 -0.35652433584368703
0.3499999999999999 -0.31533331223509214
0.3999999999999999 -0.2717680507028657
0.4499999999999999 -0.22547517642967654
0.4999999999999999 -0.17601259401372338
0.5499999999999999 -0.12280708634574879
0.6 -0.0650876467042024
0.65 -0.0017801020144123803
0.7000000000000001 0.06868497261554522
0.7500000000000001 0.14873934989394463
0.8000000000000002 0.24231450361442683
0.8500000000000002 0.3544573693946831
0.9000000000000002 0.4870282162883182
0.9500000000000003 0.6300348558880152
1.0000000000000002 0.7588528736892423
1.0500000000000003 0.8522791956706917
1.1000000000000003 0.9084377720723386
1.1500000000000004 0.9374945809644641
1.2000000000000004 0.9516393370210452
1.2500000000000004 0.9583827061630065
1.3000000000000005 0.9615289936139043
1.3500000000000005 0.9628823018941863
1.4000000000000006 0.9637084921144041
1.4500000000000006 0.9646878690807591
1.5000000000000007 0.965886991890732
1.5500000000000007 0.9671864584757228
1.6000000000000008 0.9685104003316604
1.6500000000000008 0.9699085631744527
1.7000000000000008 0.9713337609444423
1.7500000000000009 0.9727843775900036
1.800000000000001 0.9742179977533165
1.850000000000001 0.9756164771522976
1.900000000000001 0.9769626739916691
1.950000000000001 0.9782312112652691
2.000000000000001 0.9794186894800657
2.0500000000000007 0.9805270845072319
2.1000000000000005 0.9815570502789012
2.1500000000000004 0.9825129641210386
2.2 0.9833995463516594
2.25 0.9842218419789317
2.3 0.9849849116898517
2.3499999999999996 0.985693836360172
2.3999999999999995 0.9863533024847532
2.4499999999999993 0.9869675807648728
2.499999999999999 0.9875405641338484
2.549999999999999 0.9880760177728998
2.5999999999999988 0.9885771200754933
2.6499999999999986 0.9890467385649812
2.6999999999999984 0.9894874207598285
2.7499999999999982 0.9899016901212102
2.799999999999998 0.9902915938275806
2.849999999999998 0.9906590146551562
2.8999999999999977 0.9910056360683063
2.9499999999999975 0.991333024209697
2.9999999999999973 0.9916427412863683