
0 0.2528800158765053
0.05 0.2878322839911811
0.1 0.3241371640272929
0.15000000000000002 0.36211128751256505
0.2 0.4022389009443633
0.25 0.4452566554653216
0.3 0.49232393910112904
0.35 0.54528289185895
0.39999999999999997 0.6066508663585866
0.44999999999999996 0.6778890919768504
0.49999999999999994 0.7533421382437379
0.5499999999999999 0.8197753097070851
0.6 0.8696242895595914
0.65 0.9023851624322997
0.7000000000000001 0.9220386746679937
0.7500000000000001 0.9341748416015933
0.8000000000000002 0.9425665606400127
0.8500000000000002 0.9485483592951803
0.9000000000000002 0.9529442236381659
0.9500000000000003 0.9566441123753838
1.0000000000000002 0.9596226851241465
1.0500000000000003 0.9621700299747948
1.1000000000000003 0.9644932168056126
1.1500000000000004 0.9666955412526617
1.2000000000000004 0.9687641849217209
1.2500000000000004 0.9707319678642771
1.3000000000000005 0.972568050630263
1.3500000000000005 0.9742599591051883
1.4000000000000006 0.97582543189635
1.4500000000000006 0.9772688584502776
1.5000000000000007 0.9785998461097641
1.5500000000000007 0.979830568246361
1.6000000000000008 0.9809592890830967
1.6500000000000008 0.981995953243323
1.7000000000000008 0.9829500833478504
1.7500000000000009 0.9838296877216306
1.800000000000001 0.9846419891916419
1.850000000000001 0.9853933831034628
1.900000000000001 0.9860897423045845
1.950000000000001 0.9867363416501459
2.000000000000001 0.9873378019242837
2.0500000000000007 0.9878982027426019
2.1000000000000005 0.988421457292621
2.1500000000000004 0.9889107950379813
2.2 0.9893690348096855
2.25 0.9897987924998052
2.3 0.9902026008717685
2.3499999999999996 0.9905825392169983
2.3999999999999995 0.9909404479184711
2.4499999999999993 0.9912778773464098
2.499999999999999 0.9915964914617484
2.549999999999999 0.9918978112451438
2.5999999999999988 0.9918702370476689
2.6499999999999986 0.9916955928312182
2.6999999999999984 0.9914472833134659
2.7499999999999982 0.9911565783117517
2.799999999999998 0.990836156158635
2.849999999999998 0.990491290428063
2.8999999999999977 0.9901234733529806
2.9499999999999975 0.9897325001274677
2.9999999999999973 0.9893171532701789
2.9499999999999975 0.9888759808025626
2.8999999999999977 0.9884070784787082
2.849999999999998 0.9879082585081901
2.799999999999998 0.9873768884227823
2.7499999999999982 0.986810145667296
2.6999999999999984 0.986205011922757
2.6499999999999986 0.985557929388337
2.5999999999999988 0.9848650943122814
2.549999999999999 0.9841220816954978
2.499999999999999 0.9833240743814786
2.4499999999999993 0.9824656961567616
2.3999999999999995 0.9815407463023332
2.3499999999999996 0.9805423516987167
2.3 0.9794628906072244
2.25 0.9782935054590146
2.2 0.9770242081703325
2.1500000000000004 0.9756438674977926
2.1000000000000005 0.9741394642744189
2.0500000000000007 0.972496482967866
2.000000000000001 0.9706979717270316
1.9500000000000008 0.9687248310661026
1.9000000000000008 0.9665549076474634
1.8500000000000008 0.9641627347673201
1.8000000000000007 0.961518937491537
1.7500000000000007 0.9585896839264209
1.7000000000000006 0.9553357231538195
1.6500000000000006 0.9517117892713323
1.6000000000000005 0.9476653025583733
1.5500000000000005 0.9431357700735193
1.5000000000000004 0.9380532405076096
1.4500000000000004 0.9323375207786138
1.4000000000000004 0.9258968848205359
1.3500000000000003 0.9186274571819545
1.3000000000000003 0.9104130359881367
1.2500000000000002 0.9011264039039107
1.2000000000000002 0.8906316432263773
1.1500000000000001 0.8787900963656395
1.1 0.8654713222988429
1.05 0.8505686371582555
1.0 0.8340147748192793
0.95 0.8157922916753897
0.8999999999999999 0.7959369540352479
0.8499999999999999 0.7745299291287588
0.7999999999999998 0.7516830567135655
0.7499999999999998 0.7275258138713205
0.6999999999999997 0.7021754833688688
0.6499999999999997 0.6757011451339668
0.5999999999999996 0.6481243320719827
0.5499999999999996 0.6194481999845478
0.4999999999999996 0.5896812495034653
0.4499999999999996 0.5588365826718517
0.39999999999999963 0.526900863217627
0.34999999999999964 0.49380695113951345
0.29999999999999966 0.4594345928211327
0.24999999999999967 0.42362886306305664
0.19999999999999968 0.3862081255579079
0.1499999999999997 0.34696928366077845
0.09999999999999969 0.3056721173068652
0.049999999999999684 0.2620368087172765
-3.191891195797325e-16 0.21571704915109727
-0.05000000000000032 0.1662763074846054
-0.10000000000000032 0.11314526509182574
-0.15000000000000033 0.055554207355939224
-0.20000000000000034 -0.007577124591870201
-0.25000000000000033 -0.07783806996192291
-0.3000000000000003 -0.1577068722444255
-0.3500000000000003 -0.2512115862341769
-0.4000000000000003 -0.3642146049093083
-0.4500000000000003 -0.4985840584969197
-0.5000000000000003 -0.6397852753019216
-0.5500000000000004 -0.7633013668941404
-0.6000000000000004 -0.8528868334119739
-0.6500000000000005 -0.907273538461613
-0.7000000000000005 -0.9355169021563999
-0.7500000000000006 -0.9494943960016017
-0.8000000000000006 -0.9573509873773894
-0.8500000000000006 -0.9615915565483918
-0.9000000000000007 -0.9637261069283081
-0.9500000000000007 -0.9652034637982617
-1.0000000000000007 -0.9661023300923769
-1.0500000000000007 -0.9669481321913005
-1.1000000000000008 -0.9679337446414268
-1.1500000000000008 -0.969153533557457
-1.2000000000000008 -0.9704913912666134
-1.2500000000000009 -0.9719012292891279
-1.300000000000001 -0.9733438078429604
-1.350000000000001 -0.9747716843040233
-1.400000000000001 -0.9761579812204929
-1.450000000000001 -0.9774829413557602
-1.500000000000001 -0.9787410205883735
-1.5500000000000012 -0.9799178962415132
-1.6000000000000012 -0.9810122452153336
-1.6500000000000012 -0.9820279559488326
-1.7000000000000013 -0.9829693082658595
-1.7500000000000013 -0.983841099259056
-1.8000000000000014 -0.9846486387690337
-1.8500000000000014 -0.9853971504761476
-1.9000000000000015 -0.9860917870637044
-1.9500000000000015 -0.9867373651099914
-2.0000000000000013 -0.9873382216595914
-2.050000000000001 -0.9878982767059478
-2.100000000000001 -0.9884213282605723
-2.150000000000001 -0.9889105490968656
-2.2000000000000006 -0.9893687257739996
-2.2500000000000004 -0.9897984483807958
-2.3000000000000003 -0.9902022347450414
-2.35 -0.990582161731921
-2.4 -0.9909400653570464
-2.4499999999999997 -0.9912774924398187
-2.4999999999999996 -0.9915961049064304
-2.5499999999999994 -0.991897421755734
-2.599999999999999 -0.9918698499364996
-2.649999999999999 -0.991695206179925
-2.699999999999999 -0.9914468949531426
-2.7499999999999987 -0.9911561902890904
-2.7999999999999985 -0.990835766620751
-2.8499999999999983 -0.9904909002104209
-2.899999999999998 -0.9901230834579694
-2.949999999999998 -0.9897321095222454
-2.999999999999998 -0.9893167596021036
-2.949999999999998 -0.9888755875878416
-2.899999999999998 -0.9884066845479235
-2.8499999999999983 -0.9879078655445078
-2.7999999999999985 -0.9873764955734823
-2.7499999999999987 -0.9868097535223274
-2.699999999999999 -0.9862046176775526
-2.649999999999999 -0.9855575348604104
-2.599999999999999 -0.9848646993521921
-2.5499999999999994 -0.98412168568024
-2.4999999999999996 -0.983323676534664
-2.4499999999999997 -0.9824652965918537
-2.4 -0.9815403420549306
-2.35 -0.9805419459031015
-2.3000000000000003 -0.9794624843179611
-2.2500000000000004 -0.9782930984833743
-2.2000000000000006 -0.9770237975783094
-2.150000000000001 -0.9756434565155369
-2.100000000000001 -0.9741390523238743
-2.050000000000001 -0.9724960679351778
-2.0000000000000013 -0.9706975514911641
-1.9500000000000013 -0.968724407844078
-1.9000000000000012 -0.966554481703372
-1.8500000000000012 -0.9641623031821996
-1.8000000000000012 -0.9615185065917408
-1.750000000000001 -0.9585892453520707
-1.700000000000001 -0.955335278419455
-1.650000000000001 -0.9517113374692848
-1.600000000000001 -0.9476648449007972
-1.550000000000001 -0.9431353000938023
-1.5000000000000009 -0.9380527611544136
-1.4500000000000008 -0.9323370309588535
-1.4000000000000008 -0.9258963856792312
-1.3500000000000008 -0.9186269425117339
-1.3000000000000007 -0.9104125173605365
-1.2500000000000007 -0.901125884250703
-1.2000000000000006 -0.8906311317192296
-1.1500000000000006 -0.8787896117093875
-1.1000000000000005 -0.865470876766518
-1.0500000000000005 -0.8505682512264545
-1.0000000000000004 -0.8340144703069495
-0.9500000000000004 -0.8157920759793337
-0.9000000000000004 -0.795936803077913
-0.8500000000000003 -0.7745298374208064
-0.8000000000000003 -0.7516830060360077
-0.7500000000000002 -0.7275257971101018
-0.7000000000000002 -0.7021755316437233
-0.6500000000000001 -0.6757013451170082
-0.6000000000000001 -0.6481248136590066
-0.55 -0.6194490721646201
-0.5 -0.5896824430613778
-0.45 -0.5588378355896705
-0.4 -0.5269019236840388
-0.35000000000000003 -0.4938077091923899
-0.30000000000000004 -0.45943505268111867
-0.25000000000000006 -0.42362908113047487
-0.20000000000000007 -0.3862081524800925
-0.15000000000000008 -0.34696917511054676
-0.10000000000000007 -0.3056719050060366
-0.05000000000000007 -0.2620365184433375
-6.938893903907228e-17 -0.21571669954443565
0.04999999999999993 -0.16627591071501321
0.09999999999999994 -0.11314482598217018
0.14999999999999994 -0.05555373013274414
0.19999999999999996 0.00757764300190139
0.24999999999999994 0.07783863970683497
0.29999999999999993 0.1577075158626956
0.3499999999999999 0.25121233815486343
0.3999999999999999 0.3642155374412866
0.4499999999999999 0.498585219927318
0.4999999999999999 0.6397862362714248
0.5499999999999999 0.7633010238244222
0.6 0.8528854324515057
0.65 0.9072724957883993
0.7000000000000001 0.9355161673988255
0.7500000000000001 0.9494928098471094
0.8000000000000002 0.9573480884853951
0.8500000000000002 0.961587460717349
0.9000000000000002 0.9637214342855466
0.9500000000000003 0.9652000832979003
1.0000000000000002 0.9661008459049295
1.0500000000000003 0.9669480016731183
1.1000000000000003 0.9679350374048036
1.1500000000000004 0.9691560814170632
1.2000000000000004 0.9704935094476705
1.2500000000000004 0.9719030118862484
1.3000000000000005 0.973344720435174
1.3500000000000005 0.9747723394174083
1.4000000000000006 0.9761588214489222
1.4500000000000006 0.9774854790316405
1.5000000000000007 0.9787433478328261
1.5500000000000007 0.9799187797673796
1.6000000000000008 0.9810127453325304
1.6500000000000008 0.9820283759426776
1.7000000000000008 0.982969711948723
1.7500000000000009 0.9838415004809292
1.800000000000001 0.9846490378123415
1.850000000000001 0.9853975488360304
1.900000000000001 0.986092183717859
1.950000000000001 0.9867377604796113
2.000000000000001 0.9873386167775218
2.0500000000000007 0.9878986704836593
2.1000000000000005 0.9884217210931785
2.1500000000000004 0.9889109415952978
2.2 0.9893691178283345
2.25 0.9897988395323702
2.3 0.9902026250956898
2.3499999999999996 0.9905825514583879
2.3999999999999995 0.9909404546019513
2.4499999999999993 0.9912778812559112