0 -0.04824163706226451
0.05 -0.03954996785217279
0.1 -0.01960138760209012
0.15000000000000002 0.007582364410359961
0.2 0.03920979777497436
0.25 0.07353798557121052
0.3 0.10861856635419823
0.35 0.14372786149951375
0.39999999999999997 0.17910069007509252
0.44999999999999996 0.2150640016351127
0.49999999999999994 0.2519749347585667
0.5499999999999999 0.29032424943387897
0.6 0.33071825514787906
0.65 0.3738952152328074
0.7000000000000001 0.42089527377366526
0.7500000000000001 0.4734290060146067
0.8000000000000002 0.5344729905133101
0.8500000000000002 0.6050560876327254
0.9000000000000002 0.6811063206156033
0.9500000000000003 0.7564724829388242
1.0000000000000002 0.8219115475905935
1.0500000000000003 0.8703177288781215
1.1000000000000003 0.9022089234508258
1.1500000000000004 0.9225360795445189
1.2000000000000004 0.9356008731098271
1.2500000000000004 0.943991715139357
1.3000000000000005 0.9496386489044476
1.3500000000000005 0.9539240720435971
1.4000000000000006 0.9572733716231334
1.4500000000000006 0.960226318636405
1.5000000000000007 0.9628311092601463
1.5500000000000007 0.9651711041860226
1.6000000000000008 0.9673602464259291
1.6500000000000008 0.969418970370814
1.7000000000000008 0.9713055716242733
1.7500000000000009 0.9730718450664003
1.800000000000001 0.9747191698438697
1.850000000000001 0.9762475207949872
1.900000000000001 0.9776597108326636
1.950000000000001 0.9789612147881912
2.000000000000001 0.9801589471440774
2.0500000000000007 0.981260769736208
2.1000000000000005 0.9822746714325935
2.1500000000000004 0.9832085237270212
2.2 0.9840697730095096
2.25 0.9848653080271578
2.3 0.9856014484567469
2.3499999999999996 0.9862838633094393
2.3999999999999995 0.9869177067832909
2.4499999999999993 0.9875074930220535
2.499999999999999 0.9880572485154462
2.549999999999999 0.9885706738101697
2.5999999999999988 0.9890509448949928
2.6499999999999986 0.989500875219606
2.6999999999999984 0.9899230671562895
2.7499999999999982 0.9903198258183717
2.799999999999998 0.990693183275548
2.849999999999998 0.9910449855501877
2.8999999999999977 0.9913768527496288
2.9499999999999975 0.9916903113909651
2.9999999999999973 0.9919868010301958
2.9499999999999975 0.9919533093532886
2.8999999999999977 0.9917758924031777
2.849999999999998 0.9915277755317413
2.799999999999998 0.9912390206616174
2.7499999999999982 0.9909218092099158
2.6999999999999984 0.9905808713741168
2.6499999999999986 0.9902175131797257
2.5999999999999988 0.9898313999451952
2.549999999999999 0.9894213741526005
2.499999999999999 0.9889858981777786
2.4499999999999993 0.9885231153288191
2.3999999999999995 0.9880308327220116
2.3499999999999996 0.9875064310423078
2.3 0.986947213775372
2.25 0.9863501538900608
2.2 0.9857118024602701
2.1500000000000004 0.9850282486519665
2.1000000000000005 0.9842952672782624
2.0500000000000007 0.9835081437928526
2.000000000000001 0.9826614445212918
1.9500000000000008 0.9817490845793091
1.9000000000000008 0.9807642775907166
1.8500000000000008 0.9796994330950779
1.8000000000000007 0.978545842256384
1.7500000000000007 0.9772935493128987
1.7000000000000006 0.975931349692773
1.6500000000000006 0.9744464362571557
1.6000000000000005 0.9728241633642911
1.5500000000000005 0.9710477027457197
1.5000000000000004 0.969097740879921
1.4500000000000004 0.9669520342935226
1.4000000000000004 0.9645848003420109
1.3500000000000003 0.9619663918962486
1.3000000000000003 0.9590624744174917
1.2500000000000002 0.9558331775072814
1.2000000000000002 0.952232270984541
1.1500000000000001 0.948206408876101
1.1 0.9436941517496966
1.05 0.9386247203822368
1.0 0.932917501179961
0.95 0.9264810190282138
0.8999999999999999 0.9192132097404784
0.8499999999999999 0.9110014360634732
0.7999999999999998 0.9017238302151488
0.7499999999999998 0.8912518508892766
0.6999999999999997 0.879455956147555
0.6499999999999997 0.8662133134524969
0.5999999999999996 0.8514199012139575
0.5499999999999996 0.835001045629269
0.4999999999999996 0.8169183336122544
0.4499999999999996 0.7971730139088108
0.39999999999999963 0.7758058562367166
0.34999999999999964 0.7528961676598137
0.29999999999999966 0.7285471751053656
0.24999999999999967 0.7028672139640811
0.19999999999999968 0.6759700884277577
0.1499999999999997 0.6479796744149644
0.09999999999999969 0.6190102109653627
0.049999999999999684 0.589126840431472
-3.191891195797325e-16 0.5583186449875893
-0.05000000000000032 0.5265036824891749
-0.10000000000000032 0.4935542117693181
-0.15000000000000033 0.45931605420481963
-0.20000000000000034 0.42361718602183374
-0.25000000000000033 0.3862685235442999
-0.3000000000000003 0.347057987757892
-0.3500000000000003 0.3057369149561305
-0.4000000000000003 0.26200836644556047
-0.4500000000000003 0.2155014657226048
-0.5000000000000003 0.1657428217501866
-0.5500000000000004 0.11210264575264492
-0.6000000000000004 0.05371420797494609
-0.6500000000000005 -0.010674154879181271
-0.7000000000000005 -0.08298483929147432
-0.7500000000000006 -0.1664758277789282
-0.8000000000000006 -0.26665876405261674
-0.8500000000000006 -0.3871732790631143
-0.9000000000000007 -0.5264477043791426
-0.9500000000000007 -0.6651884448754437
-1.0000000000000007 -0.7816885598838773
-1.0500000000000007 -0.8614020167569221
-1.1000000000000008 -0.907905178001425
-1.1500000000000008 -0.9337909886417889
-1.2000000000000008 -0.9484752399672923
-1.2500000000000009 -0.9566668759954787
-1.300000000000001 -0.9612807151008005
-1.350000000000001 -0.9636633460535686
-1.400000000000001 -0.965098762405574
-1.450000000000001 -0.9661634940907287
-1.500000000000001 -0.9670506303236437
-1.5500000000000012 -0.9681735610511215
-1.6000000000000012 -0.9695438048289774
-1.6500000000000012 -0.9709528323839166
-1.7000000000000013 -0.9723628267617557
-1.7500000000000013 -0.9737831073182678
-1.8000000000000014 -0.9751901219663865
-1.8500000000000014 -0.9765553021890477
-1.9000000000000015 -0.9778584614425935
-1.9500000000000015 -0.9790880549491519
-2.0000000000000013 -0.9802390512955165
-2.050000000000001 -0.9813108663414309
-2.100000000000001 -0.9823057319872545
-2.150000000000001 -0.9832276284597382
-2.2000000000000006 -0.9840814395706137
-2.2500000000000004 -0.9848723935867281
-2.3000000000000003 -0.985605784003626
-2.35 -0.9862865586689716
-2.4 -0.9869193535816196
-2.4499999999999997 -0.9875085308725963
-2.4999999999999996 -0.9880579383959691
-2.5499999999999994 -0.9885711464692847
-2.599999999999999 -0.9890512802484284
-2.649999999999999 -0.9895011699433395
-2.699999999999999 -0.989923304972177
-2.7499999999999987 -0.9903200102148095
-2.7999999999999985 -0.9906933585186496
-2.8499999999999983 -0.9910451488880374
-2.899999999999998 -0.9913769941181758
-2.949999999999998 -0.9916904587507666
-2.999999999999998 -0.9919869243981451
-2.949999999999998 -0.9919534527195722
-2.899999999999998 -0.9917760533209087
-2.8499999999999983 -0.9915279300607271
-2.7999999999999985 -0.9912391797497857
-2.7499999999999987 -0.9909219739960454
-2.699999999999999 -0.9905810357293081
-2.649999999999999 -0.9902176910971727
-2.599999999999999 -0.9898316007166621
-2.5499999999999994 -0.9894215947788403
-2.4999999999999996 -0.9889861437418381
-2.4499999999999997 -0.9885233736764287
-2.4 -0.988031118379469
-2.35 -0.9875067254085442
-2.3000000000000003 -0.9869475374597012
-2.2500000000000004 -0.9863505042471498
-2.2000000000000006 -0.9857121692453426
-2.150000000000001 -0.9850286644967321
-2.100000000000001 -0.9842957194293003
-2.050000000000001 -0.9835086227322226
-2.0000000000000013 -0.9826619918350957
-1.9500000000000013 -0.9817496853569286
-1.9000000000000012 -0.9807649331881849
-1.8500000000000012 -0.9797001486132157
-1.8000000000000012 -0.9785466153031093
-1.750000000000001 -0.9772943976753492
-1.700000000000001 -0.9759322949606155
-1.650000000000001 -0.9744475053236998
-1.600000000000001 -0.9728253827541836
-1.550000000000001 -0.9710490805809722
-1.5000000000000009 -0.9690993061819486
-1.4500000000000008 -0.9669538389081853
-1.4000000000000008 -0.9645869296193436
-1.3500000000000008 -0.9619689268909314
-1.3000000000000007 -0.9590655008468622
-1.2500000000000007 -0.9558367289424208
-1.2000000000000006 -0.9522362972186403
-1.1500000000000006 -0.9482109094094495
-1.1000000000000005 -0.9436991997439023
-1.0500000000000005 -0.9386304710662641
-1.0000000000000004 -0.9329241823930656
-0.9500000000000004 -0.9264890356822236
-0.9000000000000004 -0.9192230892556487
-0.8500000000000003 -0.9110140261011088
-0.8000000000000003 -0.9017404112735141
-0.7500000000000002 -0.8912744005861818
-0.7000000000000002 -0.8794874409347839
-0.6500000000000001 -0.8662581117441784
-0.6000000000000001 -0.851483971571433
-0.55 -0.8350910526781599
-0.5 -0.8170389425394364
-0.45 -0.79732277686811
-0.4 -0.7759751222103507
-0.35000000000000003 -0.7530709321628214
-0.30000000000000004 -0.7287151614632135
-0.25000000000000006 -0.703019019688009
-0.20000000000000007 -0.676098373527333
-0.15000000000000008 -0.6480808021838574
-0.10000000000000007 -0.6190853378137344
-0.05000000000000007 -0.5891803054381609
-6.938893903907228e-17 -0.5583556272568885
0.04999999999999993 -0.526528825066694
0.09999999999999994 -0.4935711267730107
0.14999999999999994 -0.4593273835246693
0.19999999999999996 -0.42362476872992566
0.24999999999999994 -0.3862736140707445
0.29999999999999993 -0.3470614267936827
0.3499999999999999 -0.3057392678516829
0.3999999999999999 -0.2620100035241554
0.4499999999999999 -0.21550263922752044
0.4999999999999999 -0.16574369800467087
0.5499999999999999 -0.11210334216054588
0.6 -0.05371480390741297
0.65 0.010673602511753913
0.7000000000000001 0.08298432145781481
0.7500000000000001 0.16647551244371878
0.8000000000000002 0.2666583282229483
0.8500000000000002 0.3871721263521504
0.9000000000000002 0.5264469966998515
0.9500000000000003 0.6651900167208816
1.0000000000000002 0.7816885023580882
1.0500000000000003 0.8614015190004026
1.1000000000000003 0.9079051994114841
1.1500000000000004 0.9337924837747612
1.2000000000000004 0.9484768539054934
1.2500000000000004 0.9566672935550883
1.3000000000000005 0.9612810177100656
1.3500000000000005 0.9636640432033197
1.4000000000000006 0.9650998391274523
1.4500000000000006 0.9661653530543247
1.5000000000000007 0.9670243112622752
1.5500000000000007 0.9682015090597319
1.6000000000000008 0.9695535489777692
1.6500000000000008 0.9709493481710122
1.7000000000000008 0.9723629440167003
1.7500000000000009 0.9737839583757666
1.800000000000001 0.9751910208145338
1.850000000000001 0.976556084788499
1.900000000000001 0.9778590677637525
1.950000000000001 0.9790884915940361
2.000000000000001 0.9802393490305914
2.0500000000000007 0.9813110534438177
2.1000000000000005 0.9823058403838143
2.1500000000000004 0.9832276890032295
2.2 0.9840814697610194
2.25 0.9848724011483164
2.3 0.985605778002803
2.3499999999999996 0.9862865520032994
2.3999999999999995 0.9869193445006088
2.4499999999999993 0.9875085170471644
2.499999999999999 0.9880579252136577
2.549999999999999 0.9885711347050549
2.5999999999999988 0.9890512695786817
2.6499999999999986 0.9895011648217052
2.6999999999999984 0.9899232940030656
2.7499999999999982 0.990320000969443
2.799999999999998 0.9906933509455723
2.849999999999998 0.9910451417339029
2.8999999999999977 0.9913769896487843
2.9499999999999975 0.991690452535463
2.9999999999999973 0.9919869151989867