
0 0.2528800613967299
0.05 0.28783233633472477
0.1 0.32413722577122756
0.15000000000000002 0.36211135930931504
0.2 0.402238986974019
0.25 0.4452567637991752
0.3 0.4923240822352401
0.35 0.5452830848441766
0.39999999999999997 0.6066511170933285
0.44999999999999996 0.6778894551279142
0.49999999999999994 0.7533424532316276
0.5499999999999999 0.819775524338045
0.6 0.8696244638016122
0.65 0.9023852669223099
0.7000000000000001 0.9220387325952385
0.7500000000000001 0.9341748946358824
0.8000000000000002 0.9425664654839006
0.8500000000000002 0.948548284401682
0.9000000000000002 0.95294415130013
0.9500000000000003 0.9566441049474607
1.0000000000000002 0.9596227160413967
1.0500000000000003 0.9621700481170192
1.1000000000000003 0.9644932255630594
1.1500000000000004 0.9666955325278666
1.2000000000000004 0.9687641737348512
1.2500000000000004 0.9707319779289278
1.3000000000000005 0.97256805714276
1.3500000000000005 0.9742599577671841
1.4000000000000006 0.9758254319491879
1.4500000000000006 0.9772688638105305
1.5000000000000007 0.9785998845883395
1.5500000000000007 0.9798306092855072
1.6000000000000008 0.980959293743508
1.6500000000000008 0.9819959489200254
1.7000000000000008 0.9829500782381208
1.7500000000000009 0.983829684516219
1.800000000000001 0.9846419862924736
1.850000000000001 0.9853933805299183
1.900000000000001 0.9860897393130138
1.950000000000001 0.9867363386395315
2.000000000000001 0.9873377993907649
2.0500000000000007 0.9878982001936438
2.1000000000000005 0.9884214548560177
2.1500000000000004 0.9889107928679597
2.2 0.9893690327253264
2.25 0.9897987905479201
2.3 0.990202599060526
2.3499999999999996 0.9905825375407386
2.3999999999999995 0.990940446366914
2.4499999999999993 0.991277875908354
2.499999999999999 0.991596490127441
2.549999999999999 0.9918978100072079
2.5999999999999988 0.9918702358061297
2.6499999999999986 0.991695591562539
2.6999999999999984 0.991447281983559
2.7499999999999982 0.9911565768994252
2.799999999999998 0.9908361546552027
2.849999999999998 0.9904912888053702
2.8999999999999977 0.9901234719718912
2.9499999999999975 0.9897324984539877
2.9999999999999973 0.9893171513558213
2.9499999999999975 0.9888759786690773
2.8999999999999977 0.9884070761306218
2.849999999999998 0.9879082559390193
2.799999999999998 0.9873768856174293
2.7499999999999982 0.9868101426086211
2.6999999999999984 0.9862050085865961
2.6499999999999986 0.9855579257460746
2.5999999999999988 0.9848650903326468
2.549999999999999 0.9841220773455814
2.499999999999999 0.9833240696191481
2.4499999999999993 0.9824656909339362
2.3999999999999995 0.9815407405716158
2.3499999999999996 0.9805423453999326
2.3 0.9794628836779492
2.25 0.9782934978210057
2.2 0.9770241997591643
2.1500000000000004 0.9756438582256021
2.1000000000000005 0.9741394540453413
2.0500000000000007 0.9724964716820643
2.000000000000001 0.9706979591825464
1.9500000000000008 0.968724817118107
1.9000000000000008 0.9665548924258456
1.8500000000000008 0.964162718010918
1.8000000000000007 0.9615189192050183
1.7500000000000007 0.958589663994361
1.7000000000000006 0.9553357015128228
1.6500000000000006 0.9517117659202856
1.6000000000000005 0.9476652777325723
1.5500000000000005 0.9431357437192773
1.5000000000000004 0.9380532135182159
1.4500000000000004 0.9323374932440804
1.4000000000000004 0.9258968575876342
1.3500000000000003 0.9186274181211946
1.3000000000000003 0.9104130012926926
1.2500000000000002 0.9011263773785836
1.2000000000000002 0.8906316268341877
1.1500000000000001 0.8787900909894122
1.1 0.8654713227961492
1.05 0.8505686333144893
1.0 0.8340147531708746
0.95 0.8157922376850983
0.8999999999999999 0.7959368446693166
0.8499999999999999 0.7745297385295021
0.7999999999999998 0.7516828034976523
0.7499999999999998 0.7275255668307657
0.6999999999999997 0.7021752987924743
0.6499999999999997 0.6757010705315313
0.5999999999999996 0.6481244700266838
0.5499999999999996 0.6194487304196347
0.4999999999999996 0.5896822235190288
0.4499999999999996 0.5588377859676227
0.39999999999999963 0.5269020162922324
0.34999999999999964 0.4938079001495881
0.29999999999999966 0.4594353114368716
0.24999999999999967 0.42362938509648845
0.19999999999999968 0.38620849876286206
0.1499999999999997 0.34696955098438803
0.09999999999999969 0.30567231068433975
0.049999999999999684 0.2620369539828875
-3.191891195797325e-16 0.21571716322604317
-0.05000000000000032 0.16627640890035034
-0.10000000000000032 0.11314534524065302
-0.15000000000000033 0.05555428407794169
-0.20000000000000034 -0.007577046790735516
-0.25000000000000033 -0.07783798818532008
-0.3000000000000003 -0.1577067859167594
-0.3500000000000003 -0.2512115022057681
-0.4000000000000003 -0.3642144996648561
-0.4500000000000003 -0.4985838696573588
-0.5000000000000003 -0.6397851706295752
-0.5500000000000004 -0.7633014406444345
-0.6000000000000004 -0.852887012142633
-0.6500000000000005 -0.9072736756462955
-0.7000000000000005 -0.9355169898132015
-0.7500000000000006 -0.949494451345948
-0.8000000000000006 -0.957350988333944
-0.8500000000000006 -0.9615915564755885
-0.9000000000000007 -0.9637260696299561
-0.9500000000000007 -0.9652034504687602
-1.0000000000000007 -0.966102314623158
-1.0500000000000007 -0.9669481035987321
-1.1000000000000008 -0.9679337304327968
-1.1500000000000008 -0.9691535378058638
-1.2000000000000008 -0.9704913755508594
-1.2500000000000009 -0.9719012334526009
-1.300000000000001 -0.973343797501631
-1.350000000000001 -0.9747716663811292
-1.400000000000001 -0.9761579695199862
-1.450000000000001 -0.9774829355598194
-1.500000000000001 -0.9787410192828686
-1.5500000000000012 -0.9799178931302293
-1.6000000000000012 -0.9810122400178908
-1.6500000000000012 -0.9820279546090769
-1.7000000000000013 -0.982969305622791
-1.7500000000000013 -0.9838410976075587
-1.8000000000000014 -0.9846486363763921
-1.8500000000000014 -0.9853971477613094
-1.9000000000000015 -0.9860917842649424
-1.9500000000000015 -0.9867373623628145
-2.0000000000000013 -0.9873382198369588
-2.050000000000001 -0.9878982745378563
-2.100000000000001 -0.9884213261272459
-2.150000000000001 -0.9889105493589965
-2.2000000000000006 -0.98936872479941
-2.2500000000000004 -0.9897984472959153
-2.3000000000000003 -0.9902022333474948
-2.35 -0.9905821602875761
-2.4 -0.9909400639628101
-2.4499999999999997 -0.9912774911268135
-2.4999999999999996 -0.9915961036815366
-2.5499999999999994 -0.9918974206182481
-2.599999999999999 -0.9918698487932157
-2.649999999999999 -0.9916952050104303
-2.699999999999999 -0.991446893725431
-2.7499999999999987 -0.9911561889829507
-2.7999999999999985 -0.9908357652199545
-2.8499999999999983 -0.9904908987009481
-2.899999999999998 -0.9901230818290448
-2.949999999999998 -0.989732107761507
-2.999999999999998 -0.989316757695083
-2.949999999999998 -0.9888755855197825
-2.899999999999998 -0.9884066823028728
-2.8499999999999983 -0.9879078632879774
-2.7999999999999985 -0.9873764929890673
-2.7499999999999987 -0.9868097506578816
-2.699999999999999 -0.9862046145337037
-2.649999999999999 -0.9855575314181659
-2.599999999999999 -0.9848646954136319
-2.5499999999999994 -0.9841216814951578
-2.4999999999999996 -0.9833236719917694
-2.4499999999999997 -0.9824652916196036
-2.4 -0.981540336598723
-2.35 -0.9805419399015466
-2.3000000000000003 -0.979462477709144
-2.2500000000000004 -0.9782930912009373
-2.2000000000000006 -0.9770237895446999
-2.150000000000001 -0.9756434476492075
-2.100000000000001 -0.9741390425334204
-2.050000000000001 -0.9724960571676293
-2.0000000000000013 -0.970697539591683
-1.9500000000000013 -0.9687243947097255
-1.9000000000000012 -0.9665544672267277
-1.8500000000000012 -0.9641622872650674
-1.8000000000000012 -0.9615184936489864
-1.750000000000001 -0.9585892298909773
-1.700000000000001 -0.955335260614712
-1.650000000000001 -0.9517113174961579
-1.600000000000001 -0.9476648229715261
-1.550000000000001 -0.9431352764981924
-1.5000000000000009 -0.9380527368335739
-1.4500000000000008 -0.9323370060597733
-1.4000000000000008 -0.9258963611091824
-1.3500000000000008 -0.9186269135066546
-1.3000000000000007 -0.9104124923476021
-1.2500000000000007 -0.9011258659029409
-1.2000000000000006 -0.8906311202631016
-1.1500000000000006 -0.8787896096624719
-1.1000000000000005 -0.8654708795688627
-1.0500000000000005 -0.8505682484854349
-1.0000000000000004 -0.8340144498130181
-0.9500000000000004 -0.8157920218176665
-0.9000000000000004 -0.7959367053396427
-0.8500000000000003 -0.7745296585798074
-0.8000000000000003 -0.7516827640893012
-0.7500000000000002 -0.7275255628879738
-0.7000000000000002 -0.7021753664747101
-0.6500000000000001 -0.6757013047074515
-0.6000000000000001 -0.6481250137518929
-0.55 -0.6194497058511159
-0.5 -0.5896835587081377
-0.45 -0.558839194049139
-0.4 -0.5269032179941513
-0.35000000000000003 -0.49380877270611456
-0.30000000000000004 -0.4594358581263008
-0.25000000000000006 -0.4236296669638443
-0.20000000000000007 -0.386208572268817
-0.15000000000000008 -0.3469694766479687
-0.10000000000000007 -0.3056721252307745
-0.05000000000000007 -0.26203668428319543
-6.938893903907228e-17 -0.2157168301778073
0.04999999999999993 -0.16627601973742695
0.09999999999999994 -0.1131449130822319
0.14999999999999994 -0.055553813573953115
0.19999999999999996 0.007577558507717323
0.24999999999999994 0.07783855107616774
0.29999999999999993 0.1577074223829994
0.3499999999999999 0.251212247970904
0.3999999999999999 0.36421543016524366
0.4499999999999999 0.49858501278134976
0.4999999999999999 0.6397861110730252
0.5499999999999999 0.7633010762544865
0.6 0.8528855867271901
0.65 0.9072726269996897
0.7000000000000001 0.9355162595121972
0.7500000000000001 0.949492877910984
0.8000000000000002 0.9573480940723138
0.8500000000000002 0.9615874596077639
0.9000000000000002 0.9637213924097786
0.9500000000000003 0.9652000725924007
1.0000000000000002 0.9661008230586977
1.0500000000000003 0.9669479734595987
1.1000000000000003 0.9679350179555042
1.1500000000000004 0.9691560774953821
1.2000000000000004 0.9704934969602111
1.2500000000000004 0.9719030114159024
1.3000000000000005 0.9733447080520121
1.3500000000000005 0.9747723213832358
1.4000000000000006 0.9761588080399304
1.4500000000000006 0.9774854615585312
1.5000000000000007 0.9787433342562676
1.5500000000000007 0.9799187728781572
1.6000000000000008 0.9810127387832717
1.6500000000000008 0.982028373152451
1.7000000000000008 0.9829697083166231
1.7500000000000009 0.983841496581877
1.800000000000001 0.9846490341454849
1.850000000000001 0.9853975452250692
1.900000000000001 0.9860921802878644
1.950000000000001 0.9867377572787316
2.000000000000001 0.9873386138188837
2.0500000000000007 0.9878986676929137
2.1000000000000005 0.9884217185405354
2.1500000000000004 0.988910941562191
2.2 0.9893691166328501
2.25 0.9897988382715888
2.3 0.9902026235499504
2.3499999999999996 0.9905825498835574
2.3999999999999995 0.990940453246663
2.4499999999999993 0.991277879894606