0 0.02605793590720839
0.05 0.03977851932824064
0.1 0.061152110914757946
0.15000000000000002 0.08815295704104972
0.2 0.11828509249520965
0.25 0.1495263232676469
0.3 0.1809738747983284
0.35 0.21261087996011832
0.39999999999999997 0.24479016814364396
0.44999999999999996 0.2778981339440609
0.49999999999999994 0.312249455063398
0.5499999999999999 0.34813463614632795
0.6 0.3859923180981549
0.65 0.4264262485345819
0.7000000000000001 0.4702932351158919
0.7500000000000001 0.5187745511499657
0.8000000000000002 0.5724679385029545
0.8500000000000002 0.629805500691687
0.9000000000000002 0.6875822533384778
0.9500000000000003 0.7432031123756973
1.0000000000000002 0.794690833532921
1.0500000000000003 0.8394688513459789
1.1000000000000003 0.8749902486710385
1.1500000000000004 0.9014995538649432
1.2000000000000004 0.9200067313362327
1.2500000000000004 0.9330409781988301
1.3000000000000005 0.9423402367828781
1.3500000000000005 0.9485774527132929
1.4000000000000006 0.9529964327537165
1.4500000000000006 0.9565462781608494
1.5000000000000007 0.9595428376093779
1.5500000000000007 0.9622229787996157
1.6000000000000008 0.9646309160951028
1.6500000000000008 0.9668422398309269
1.7000000000000008 0.9689007500205598
1.7500000000000009 0.9708255133230863
1.800000000000001 0.9726200468576293
1.850000000000001 0.9742863857917035
1.900000000000001 0.9758284573934798
1.950000000000001 0.9772519517431698
2.000000000000001 0.9785639346755569
2.0500000000000007 0.9797721810823505
2.1000000000000005 0.980884756413337
2.1500000000000004 0.9819097400211555
2.2 0.9828549175391079
2.25 0.9837275595270915
2.3 0.9845344373746233
2.3499999999999996 0.9852817740206177
2.3999999999999995 0.9859751615948307
2.4499999999999993 0.9866196180115806
2.499999999999999 0.987219680084445
2.549999999999999 0.9877793894339635
2.5999999999999988 0.9883023342222279
2.6499999999999986 0.9887917113342524
2.6999999999999984 0.9892504025380227
2.7499999999999982 0.9896809738638108
2.799999999999998 0.9900857551932623
2.849999999999998 0.9904667734978927
2.8999999999999977 0.9908258842076938
2.9499999999999975 0.9911647789244603
2.9999999999999973 0.9914849696052229
2.9499999999999975 0.9914553141964051
2.8999999999999977 0.9912703559503564
2.849999999999998 0.9910081242441001
2.799999999999998 0.9907007427746791
2.7499999999999982 0.9903615878301203
2.6999999999999984 0.9899959847708016
2.6499999999999986 0.9896055463717554
2.5999999999999988 0.989190122631016
2.549999999999999 0.9887485927894422
2.499999999999999 0.9882792098612786
2.4499999999999993 0.9877800689831336
2.3999999999999995 0.9872487248785872
2.3499999999999996 0.9866824521295419
2.3 0.9860781862325811
2.25 0.9854325977109317
2.2 0.9847419041767882
2.1500000000000004 0.9840019116867189
2.1000000000000005 0.9832079632141004
2.0500000000000007 0.9823548033629325
2.000000000000001 0.9814365546411147
1.9500000000000008 0.9804466076488928
1.9000000000000008 0.9793775764513695
1.8500000000000008 0.9782210383159105
1.8000000000000007 0.9769675468066983
1.7500000000000007 0.9756063709498246
1.7000000000000006 0.9741253526601529
1.6500000000000006 0.9725106779936531
1.6000000000000005 0.9707465835000205
1.5500000000000005 0.968815069305939
1.5000000000000004 0.9666955516048148
1.4500000000000004 0.9643645058008485
1.4000000000000004 0.9617949478324753
1.3500000000000003 0.9589558376123013
1.3000000000000003 0.9558114270074497
1.2500000000000002 0.9523209551832631
1.2000000000000002 0.9484377061918549
1.1500000000000001 0.944108111822721
1.1 0.9392710247018458
1.05 0.9338568334362386
1.0 0.9277867947809053
0.95 0.9209723195775608
0.8999999999999999 0.9133148425538109
0.8499999999999999 0.904706333115454
0.7999999999999998 0.8950310958176426
0.7499999999999998 0.8841692146281597
0.6999999999999997 0.8720020587918861
0.6499999999999997 0.8584190014247991
0.5999999999999996 0.843326490581425
0.5499999999999996 0.8266562380110779
0.4999999999999996 0.8083725289736098
0.4499999999999996 0.7884834481895563
0.39999999999999963 0.7670629859671707
0.34999999999999964 0.744251482652236
0.29999999999999966 0.7202035609638797
0.24999999999999967 0.6950274061371969
0.19999999999999968 0.6687645194800742
0.1499999999999997 0.6414108658225739
0.09999999999999969 0.6129504801688686
0.049999999999999684 0.5833671958742133
-3.191891195797325e-16 0.5526265921963626
-0.05000000000000032 0.5206511754190412
-0.10000000000000032 0.48732020848089086
-0.15000000000000033 0.45249166248716616
-0.20000000000000034 0.41602141782827334
-0.25000000000000033 0.37775404004555074
-0.3000000000000003 0.3374995105994721
-0.3500000000000003 0.2950143739192539
-0.4000000000000003 0.24998967237496283
-0.4500000000000003 0.2020319121780152
-0.5000000000000003 0.15063124310548084
-0.5500000000000004 0.0951052264488911
-0.6000000000000004 0.034503526860551206
-0.6500000000000005 -0.032561882214353105
-0.7000000000000005 -0.10821469008706144
-0.7500000000000006 -0.1956217402959782
-0.8000000000000006 -0.29765738989206086
-0.8500000000000006 -0.412372105598685
-0.9000000000000007 -0.5323437482645327
-0.9500000000000007 -0.646734866391668
-1.0000000000000007 -0.7458610667394802
-1.0500000000000007 -0.8228889316411537
-1.1000000000000008 -0.8760036531593242
-1.1500000000000008 -0.9098584438534771
-1.2000000000000008 -0.9312016076601396
-1.2500000000000009 -0.9445797728171683
-1.300000000000001 -0.9529425118022488
-1.350000000000001 -0.958120139071604
-1.400000000000001 -0.9612942435495796
-1.450000000000001 -0.9635780088649122
-1.500000000000001 -0.9651406464203897
-1.5500000000000012 -0.966392568812167
-1.6000000000000012 -0.967815932939024
-1.6500000000000012 -0.9691674272590293
-1.7000000000000013 -0.9705302536086676
-1.7500000000000013 -0.9719407513058161
-1.8000000000000014 -0.9733719334209623
-1.8500000000000014 -0.9747932845738981
-1.9000000000000015 -0.9761775419861859
-1.9500000000000015 -0.9774855288196367
-2.0000000000000013 -0.9787157134047545
-2.050000000000001 -0.9798688851909839
-2.100000000000001 -0.9809455161260185
-2.150000000000001 -0.9819475503084198
-2.2000000000000006 -0.9828782529343215
-2.2500000000000004 -0.9837419097085918
-2.3000000000000003 -0.984543257482822
-2.35 -0.9852872143894554
-2.4 -0.9859785423564533
-2.4499999999999997 -0.9866217533736324
-2.4999999999999996 -0.9872210678811768
-2.5499999999999994 -0.9877803363329227
-2.599999999999999 -0.9883030113835819
-2.649999999999999 -0.9887922148963126
-2.699999999999999 -0.9892507991371571
-2.7499999999999987 -0.9896813009131407
-2.7999999999999985 -0.9900860236255975
-2.8499999999999983 -0.9904670035359759
-2.899999999999998 -0.9908260856054517
-2.949999999999998 -0.9911649498738537
-2.999999999999998 -0.9914851213274384
-2.949999999999998 -0.9914554556172933
-2.899999999999998 -0.9912704733280697
-2.8499999999999983 -0.991008241958646
-2.7999999999999985 -0.9907008632726203
-2.7499999999999987 -0.9903617219453554
-2.699999999999999 -0.9899961322476858
-2.649999999999999 -0.9896057131770161
-2.599999999999999 -0.9891903049115475
-2.5499999999999994 -0.9887487854714584
-2.4999999999999996 -0.9882794447398306
-2.4499999999999997 -0.987780330753946
-2.4 -0.9872490231917248
-2.35 -0.986682785706922
-2.3000000000000003 -0.9860785727822535
-2.2500000000000004 -0.9854330411839789
-2.2000000000000006 -0.9847423952355028
-2.150000000000001 -0.9840024692029365
-2.100000000000001 -0.9832085822736042
-2.050000000000001 -0.9823555097553947
-2.0000000000000013 -0.9814373447287069
-1.9500000000000013 -0.9804475170751581
-1.9000000000000012 -0.9793785867655875
-1.8500000000000012 -0.9782221801531464
-1.8000000000000012 -0.9769688116537484
-1.750000000000001 -0.9756077479561241
-1.700000000000001 -0.9741268065029399
-1.650000000000001 -0.9725121803193598
-1.600000000000001 -0.970748133131515
-1.550000000000001 -0.9688166558144748
-1.5000000000000009 -0.9666971713513649
-1.4500000000000008 -0.9643661764636016
-1.4000000000000008 -0.96179667873294
-1.3500000000000008 -0.9589576299222476
-1.3000000000000007 -0.95581330592783
-1.2500000000000007 -0.9523229629915869
-1.2000000000000006 -0.9484398986945787
-1.1500000000000006 -0.9441105581878239
-1.1000000000000005 -0.9392738310739978
-1.0500000000000005 -0.9338601425927736
-1.0000000000000004 -0.9277908205731334
-0.9500000000000004 -0.9209773529896316
-0.9000000000000004 -0.9133213005808022
-0.8500000000000003 -0.9047147495541424
-0.8000000000000003 -0.8950421676235312
-0.7500000000000002 -0.884183663117727
-0.7000000000000002 -0.8720205255114049
-0.6500000000000001 -0.8584423704981463
-0.6000000000000001 -0.8433558170473565
-0.55 -0.8266939208146799
-0.5 -0.8084223761817513
-0.45 -0.7885463282989672
-0.4 -0.7671304857612524
-0.35000000000000003 -0.7443093456101479
-0.30000000000000004 -0.7202405575887179
-0.25000000000000006 -0.6950385496854701
-0.20000000000000007 -0.6687505127737994
-0.15000000000000008 -0.6413774165017363
-0.10000000000000007 -0.6129070465911599
-0.05000000000000007 -0.5833240219628831
-6.938893903907228e-17 -0.5525912182521241
0.04999999999999993 -0.5206272831880542
0.09999999999999994 -0.48730824983880033
0.14999999999999994 -0.45248940069756544
0.19999999999999996 -0.41602493673449853
0.24999999999999994 -0.37775982095333616
0.29999999999999993 -0.3375055146573512
0.3499999999999999 -0.29501979399926487
0.3999999999999999 -0.24999417793301926
0.4499999999999999 -0.20203548889108983
0.4999999999999999 -0.15063399393744628
0.5499999999999999 -0.09510726012790824
0.6 -0.03450494171980816
0.65 0.032561085011735075
0.7000000000000001 0.10821455734923126
0.7500000000000001 0.1956217643374833
0.8000000000000002 0.29765737972246437
0.8500000000000002 0.41237211336509966
0.9000000000000002 0.5323430742509814
0.9500000000000003 0.6467340518056607
1.0000000000000002 0.7458604745036623
1.0500000000000003 0.8228882427304269
1.1000000000000003 0.8760025733588322
1.1500000000000004 0.9098569432906799
1.2000000000000004 0.9312000710041158
1.2500000000000004 0.944578554157456
1.3000000000000005 0.9529420025154307
1.3500000000000005 0.9581213122211197
1.4000000000000006 0.9612951081643683
1.4500000000000006 0.9635778764883972
1.5000000000000007 0.9651406150626468
1.5500000000000007 0.9663925077175335
1.6000000000000008 0.9678158973043803
1.6500000000000008 0.9691673873215038
1.7000000000000008 0.9705302142097632
1.7500000000000009 0.9719407172382645
1.800000000000001 0.9733719076397056
1.850000000000001 0.97479326626052
1.900000000000001 0.976177527345878
1.950000000000001 0.97748551895281
2.000000000000001 0.9787157060137286
2.0500000000000007 0.9798688808154427
2.1000000000000005 0.9809455156581148
2.1500000000000004 0.9819475538172597
2.2 0.9828782549393232
2.25 0.9837419111299234
2.3 0.9845432587849865
2.3499999999999996 0.9852872156123641
2.3999999999999995 0.985978545291155
2.4499999999999993 0.9866217552877129
2.499999999999999 0.9872210692636454
2.549999999999999 0.9877803377010735
2.5999999999999988 0.9883030126227467
2.6499999999999986 0.9887922157576311
2.6999999999999984 0.9892508001686126
2.7499999999999982 0.9896813020641984
2.799999999999998 0.9900860246854073
2.849999999999998 0.9904670044271845
2.8999999999999977 0.9908260865618038
2.9499999999999975 0.9911649509904257
2.9999999999999973 0.9914851219074114