
0 0.24804355102339945
0.05 0.28338797642282043
0.1 0.32018638390723847
0.15000000000000002 0.3587724244557733
0.2 0.39964216567812944
0.25 0.44354086433407025
0.3 0.4916360350987566
0.35 0.5458450376584104
0.39999999999999997 0.6083391899939637
0.44999999999999996 0.6799060107629579
0.49999999999999994 0.7564403885886617
0.5499999999999999 0.8251918862388355
0.6 0.8751253570532951
0.65 0.9067589244509666
0.7000000000000001 0.9253642852441488
0.7500000000000001 0.9365183398628183
0.8000000000000002 0.9437444299300278
0.8500000000000002 0.9487579282009125
0.9000000000000002 0.9525243482130474
0.9500000000000003 0.955625541436412
1.0000000000000002 0.9584229788459966
1.0500000000000003 0.9610995779591087
1.1000000000000003 0.9635835940317559
1.1500000000000004 0.9658971279578268
1.2000000000000004 0.9680577017823995
1.2500000000000004 0.9700558154933707
1.3000000000000005 0.97190614744373
1.3500000000000005 0.9736300813082169
1.4000000000000006 0.9752344873802264
1.4500000000000006 0.9767125436588256
1.5000000000000007 0.9780686377854095
1.5500000000000007 0.9793143694686863
1.6000000000000008 0.9804600824678066
1.6500000000000008 0.9815147140918258
1.7000000000000008 0.9824871936733727
1.7500000000000009 0.9833840184514279
1.800000000000001 0.984212539646484
1.850000000000001 0.9849793875585708
1.900000000000001 0.9856905967299923
1.950000000000001 0.9863514363439638
2.000000000000001 0.9869665353352234
2.0500000000000007 0.9875399960692062
2.1000000000000005 0.9880757264322279
2.1500000000000004 0.9885769883823098
2.2 0.9890466979080575
2.25 0.9894874288456142
2.3 0.9899017244637588
2.3499999999999996 0.9902916421208228
2.3999999999999995 0.9906590689381461
2.4499999999999993 0.9910056921500214
2.499999999999999 0.991333080497232
2.549999999999999 0.9916427976497892
2.5999999999999988 0.9916166946988859
2.6499999999999986 0.9914393270437256
2.6999999999999984 0.9911857077813864
2.7499999999999982 0.9908882330091452
2.799999999999998 0.9905600924175865
2.849999999999998 0.9902067780127307
2.8999999999999977 0.9898299898677828
2.9499999999999975 0.9894296136557674
2.9999999999999973 0.9890044442029094
2.9499999999999975 0.9885530585684764
2.8999999999999977 0.9880735322399359
2.849999999999998 0.9875636262329862
2.799999999999998 0.9870208250031105
2.7499999999999982 0.9864422305598407
2.6999999999999984 0.9858248544071155
2.6499999999999986 0.9851652045226006
2.5999999999999988 0.9844594177077391
2.549999999999999 0.9837030796097358
2.499999999999999 0.9828915349480036
2.4499999999999993 0.9820193826526173
2.3999999999999995 0.9810805691888671
2.3499999999999996 0.9800683226474263
2.3 0.9789750818240361
2.25 0.977792241336342
2.2 0.976510084418037
2.1500000000000004 0.9751176624047638
2.1000000000000005 0.9736024071787884
2.0500000000000007 0.9719501877043661
2.000000000000001 0.9701447026491085
1.9500000000000008 0.9681674778759294
1.9000000000000008 0.9659972928596752
1.8500000000000008 0.9636096392864928
1.8000000000000007 0.9609765957310777
1.7500000000000007 0.9580658970865271
1.7000000000000006 0.9548402356059432
1.6500000000000006 0.9512566723640528
1.6000000000000005 0.9472656831430157
1.5500000000000005 0.9428101683881681
1.5000000000000004 0.9378244402903214
1.4500000000000004 0.9322331426277153
1.4000000000000004 0.9259505712217586
1.3500000000000003 0.9188797825862709
1.3000000000000003 0.9109127891434323
1.2500000000000002 0.9019314602289542
1.2000000000000002 0.8918101351815803
1.1500000000000001 0.8804208074954006
1.1 0.8676416569131792
1.05 0.853368395614176
1.0 0.8375257884804117
0.95 0.8200749627288393
0.8999999999999999 0.8010156229700139
0.8499999999999999 0.7803845554420777
0.7999999999999998 0.7582521514538579
0.7499999999999998 0.7347108047112774
0.6999999999999997 0.7098551220681801
0.6499999999999997 0.683763984313513
0.5999999999999996 0.6564960300395387
0.5499999999999996 0.6280965839163539
0.4999999999999996 0.5985998855006485
0.4499999999999996 0.5680162191339093
0.39999999999999963 0.536320967900993
0.34999999999999964 0.503449769296041
0.29999999999999966 0.46929047806727
0.24999999999999967 0.43368772369276765
0.19999999999999968 0.39633271938982206
0.1499999999999997 0.35696301816007536
0.09999999999999969 0.31557222966200077
0.049999999999999684 0.27189622435458316
-3.191891195797325e-16 0.22554486887035197
-0.05000000000000032 0.17605110936174537
-0.10000000000000032 0.1228286690608824
-0.15000000000000033 0.06509984153062386
-0.20000000000000034 0.0017870378345416257
-0.25000000000000033 -0.06868097897625468
-0.3000000000000003 -0.14873689997358874
-0.3500000000000003 -0.24231254257007442
-0.4000000000000003 -0.3544557048247602
-0.4500000000000003 -0.48702712397833453
-0.5000000000000003 -0.630035241458484
-0.5500000000000004 -0.7588548208946366
-0.6000000000000004 -0.8522813819105083
-0.6500000000000005 -0.9084394464086517
-0.7000000000000005 -0.9374967132059693
-0.7500000000000006 -0.9516421062639636
-0.8000000000000006 -0.9583874925849741
-0.8500000000000006 -0.9615338181174924
-0.9000000000000007 -0.9628860253541026
-0.9500000000000007 -0.9637116874722372
-1.0000000000000007 -0.9646899762112078
-1.0500000000000007 -0.9658878409826692
-1.1000000000000008 -0.9671862175153655
-1.1500000000000008 -0.9685092568375142
-1.2000000000000008 -0.969906035929954
-1.2500000000000009 -0.9713276641539108
-1.300000000000001 -0.9727693042502844
-1.350000000000001 -0.9742081411201539
-1.400000000000001 -0.9756032405838421
-1.450000000000001 -0.9769455164714935
-1.500000000000001 -0.9782124319018198
-1.5500000000000012 -0.979399221096064
-1.6000000000000012 -0.980507899168688
-1.6500000000000012 -0.9815400038230168
-1.7000000000000013 -0.9825045269941568
-1.7500000000000013 -0.9833976786557811
-1.8000000000000014 -0.9842215776675375
-1.8500000000000014 -0.9849849476932923
-1.9000000000000015 -0.9856939210454911
-1.9500000000000015 -0.9863533912869418
-2.0000000000000013 -0.986967667960817
-2.050000000000001 -0.9875406480855924
-2.100000000000001 -0.9880760981380711
-2.150000000000001 -0.9885771977122964
-2.2000000000000006 -0.9890468116825912
-2.2500000000000004 -0.9894874932227581
-2.3000000000000003 -0.9899017590004952
-2.35 -0.9902916600821573
-2.4 -0.9906590788356728
-2.4499999999999997 -0.9910056975195879
-2.4999999999999996 -0.9913330832167833
-2.5499999999999994 -0.9916427988647598
-2.599999999999999 -0.9916166938202169
-2.649999999999999 -0.9914393260013515
-2.699999999999999 -0.9911857055473252
-2.7499999999999987 -0.9908882314600987
-2.7999999999999985 -0.9905600908491797
-2.8499999999999983 -0.990206776452589
-2.899999999999998 -0.9898299885462075
-2.949999999999998 -0.9894296124101092
-2.999999999999998 -0.9890044428945812
-2.949999999999998 -0.9885530572331822
-2.899999999999998 -0.988073532556918
-2.8499999999999983 -0.9875636263344393
-2.7999999999999985 -0.9870208243191345
-2.7499999999999987 -0.9864422296141092
-2.699999999999999 -0.9858248540956678
-2.649999999999999 -0.9851652037777043
-2.599999999999999 -0.9844594161566873
-2.5499999999999994 -0.9837030778178185
-2.4999999999999996 -0.9828915329033556
-2.4499999999999997 -0.9820193808527196
-2.4 -0.9810805674720378
-2.35 -0.9800683204893439
-2.3000000000000003 -0.9789750802204578
-2.2500000000000004 -0.9777922392606418
-2.2000000000000006 -0.9765100833717549
-2.150000000000001 -0.9751176618643194
-2.100000000000001 -0.9736024057124857
-2.050000000000001 -0.9719501858038138
-2.0000000000000013 -0.9701447013224545
-1.9500000000000013 -0.9681674753409029
-1.9000000000000012 -0.9659972904154683
-1.8500000000000012 -0.9636096365828821
-1.8000000000000012 -0.9609765922521323
-1.750000000000001 -0.9580658943764113
-1.700000000000001 -0.9548402330939266
-1.650000000000001 -0.9512566704268345
-1.600000000000001 -0.9472656810649641
-1.550000000000001 -0.9428101644919783
-1.5000000000000009 -0.9378244372370156
-1.4500000000000008 -0.932233137580362
-1.4000000000000008 -0.9259505614657104
-1.3500000000000008 -0.9188797719077901
-1.3000000000000007 -0.9109127824705596
-1.2500000000000007 -0.9019314557466471
-1.2000000000000006 -0.8918101260540645
-1.1500000000000006 -0.8804207961314502
-1.1000000000000005 -0.8676416457874402
-1.0500000000000005 -0.8533683868403642
-1.0000000000000004 -0.8375257818577166
-0.9500000000000004 -0.8200749561456792
-0.9000000000000004 -0.8010156172956113
-0.8500000000000003 -0.7803845511237576
-0.8000000000000003 -0.7582521510453051
-0.7500000000000002 -0.7347108111343948
-0.7000000000000002 -0.7098551389879619
-0.6500000000000001 -0.6837640169197091
-0.6000000000000001 -0.6564960848282214
-0.55 -0.6280966594551672
-0.5 -0.5985999751323651
-0.45 -0.5680163147732042
-0.4 -0.5363210635955483
-0.35000000000000003 -0.5034498579031113
-0.30000000000000004 -0.4692905591586992
-0.25000000000000006 -0.43368788403883557
-0.20000000000000007 -0.3963341839656222
-0.15000000000000008 -0.35696451724412137
-0.10000000000000007 -0.31557313570986933
-0.05000000000000007 -0.2718967463115107
-6.938893903907228e-17 -0.22554519314723745
0.04999999999999993 -0.17605133667887757
0.09999999999999994 -0.12282884969019504
0.14999999999999994 -0.06510000285661044
0.19999999999999996 -0.0017871948545786533
0.24999999999999994 0.0686808135104923
0.29999999999999993 0.14873672043929415
0.3499999999999999 0.24231234125247536
0.3999999999999999 0.35445547450825193
0.4499999999999999 0.48702685305390325
0.4999999999999999 0.6300349134881936
0.5499999999999999 0.7588543992725044
0.6 0.8522807965407666
0.65 0.9084385345973358
0.7000000000000001 0.9374951217139099
0.7500000000000001 0.9516400084919019
0.8000000000000002 0.9583840229737383
0.8500000000000002 0.9615303286990057
0.9000000000000002 0.9628827405919929
0.9500000000000003 0.9637084995473476
1.0000000000000002 0.9646876928761727
1.0500000000000003 0.965887196234082
1.1000000000000003 0.9671870311164922
1.1500000000000004 0.968511395894013
1.2000000000000004 0.9699090895569759
1.2500000000000004 0.971334038076348
1.3000000000000005 0.972784052817647
1.3500000000000005 0.9742179957855869
1.4000000000000006 0.9756171283754623
1.4500000000000006 0.9769603688714866
1.5000000000000007 0.9782305529031584
1.5500000000000007 0.9794185953128849
1.6000000000000008 0.9805271545658468
1.6500000000000008 0.9815571603096538
1.7000000000000008 0.9825130783465826
1.7500000000000009 0.9833996552944674
1.800000000000001 0.9842219457890616
1.850000000000001 0.9849850108869714
1.900000000000001 0.9856939306708262
1.950000000000001 0.9863533921349965
2.000000000000001 0.9869676667842557
2.0500000000000007 0.9875406474160032
2.1000000000000005 0.9880760977906162
2.1500000000000004 0.9885771975316132
2.2 0.9890468115791609
2.25 0.9894874931548184
2.3 0.9899017590245034
2.3499999999999996 0.9902916600675833
2.3999999999999995 0.9906590788878069
2.4499999999999993 0.9910056975151371