0 0.0002733103966749462
0.1 0.024928045788411093
0.2 0.06766685999385107
0.30000000000000004 0.1225918310884486
0.4 0.18412053516434806
0.5 0.24849967548748028
0.6 0.31424476776655363
0.7 0.38183660288811605
0.7999999999999999 0.4530761322076834
0.8999999999999999 0.5307000193666834
0.9999999999999999 0.6180760233962082
1.0999999999999999 0.7163767182776747
1.2 0.8143583888766596
1.3 0.8892031286038895
1.4000000000000001 0.9332325923468162
1.5000000000000002 0.9552435329929259
1.6000000000000003 0.965922337070331
1.7000000000000004 0.9712984135066863
1.8000000000000005 0.9745514980673036
1.9000000000000006 0.9770077725339209
2.0000000000000004 0.979092319100408
2.1000000000000005 0.9809922073038194
2.2000000000000006 0.9827394820359785
2.3000000000000007 0.9843394136615053
2.400000000000001 0.9857603159706573
2.500000000000001 0.9870186950784585
2.600000000000001 0.9881295857830626
2.700000000000001 0.9891091401590979
2.800000000000001 0.9899737222640969
2.9000000000000012 0.9907388633945222
3.0000000000000013 0.991418372979376
2.9000000000000012 0.991382429293551
2.800000000000001 0.991019203097769
2.700000000000001 0.9904725679188474
2.600000000000001 0.9897976782039163
2.500000000000001 0.989011641226859
2.400000000000001 0.9881140336317589
2.3000000000000007 0.9870946784855114
2.2000000000000006 0.9859369803970323
2.1000000000000005 0.9846184114959061
2.0000000000000004 0.9831104976548796
1.9000000000000004 0.9813775291278025
1.8000000000000003 0.9793749776732165
1.7000000000000002 0.9770471757531972
1.6 0.9743239818438204
1.5 0.9711167437026658
1.4 0.9673124579645548
1.2999999999999998 0.962766623650195
1.1999999999999997 0.9572933162700352
1.0999999999999996 0.9506531506046144
0.9999999999999997 0.9425378013156742
0.8999999999999997 0.9325525493658539
0.7999999999999997 0.9201984680253102
0.6999999999999997 0.904859315550196
0.5999999999999998 0.885803276015236
0.4999999999999998 0.8622137077911799
0.3999999999999998 0.8332665518454988
0.2999999999999998 0.7982572924890022
0.19999999999999982 0.7567436592762122
0.09999999999999981 0.7086382538354471
-1.942890293094024e-16 0.6541727192539938
-0.1000000000000002 0.593716635032897
-0.2000000000000002 0.5276581177649274
-0.3000000000000002 0.45623917858070523
-0.40000000000000024 0.37926412133903536
-0.5000000000000002 0.29590680092642235
-0.6000000000000002 0.20476322588132687
-0.7000000000000002 0.10364351561773856
-0.8000000000000002 -0.01087845643329081
-0.9000000000000001 -0.14428344826615372
-1.0000000000000002 -0.30481933566924024
-1.1000000000000003 -0.49716715802265055
-1.2000000000000004 -0.6968187611450877
-1.3000000000000005 -0.8493927299057383
-1.4000000000000006 -0.9330353882441268
-1.5000000000000007 -0.9682880111126737
-1.6000000000000008 -0.9800511411503109
-1.7000000000000008 -0.9824920781833391
-1.800000000000001 -0.9824762948475632
-1.900000000000001 -0.9820684401491472
-2.000000000000001 -0.9821530344008361
-2.100000000000001 -0.982792694498308
-2.200000000000001 -0.9837767155929092
-2.300000000000001 -0.9849119109985829
-2.4000000000000012 -0.9860692328240557
-2.5000000000000013 -0.987183022133264
-2.6000000000000014 -0.9882158306925908
-2.7000000000000015 -0.9891533422131868
-2.8000000000000016 -0.989995911201677
-2.9000000000000017 -0.9907498324851173
-3.0000000000000018 -0.9914236435442791
-2.9000000000000017 -0.9913852397909185
-2.8000000000000016 -0.9910208127291488
-2.7000000000000015 -0.9904735530007233
-2.6000000000000014 -0.9897983064737724
-2.5000000000000013 -0.9890120639131608
-2.4000000000000012 -0.9881143574514495
-2.300000000000001 -0.9870949441741634
-2.200000000000001 -0.9859372265039077
-2.100000000000001 -0.9846186348259517
-2.000000000000001 -0.9831107471915627
-1.9000000000000008 -0.9813777963140315
-1.8000000000000007 -0.9793752680959807
-1.7000000000000006 -0.9770475096284031
-1.6000000000000005 -0.9743244044796942
-1.5000000000000004 -0.9711172511295317
-1.4000000000000004 -0.9673130594807274
-1.3000000000000003 -0.9627673492409268
-1.2000000000000002 -0.9572942072578701
-1.1 -0.9506542053588986
-1.0 -0.9425390610579998
-0.9 -0.9325540858196559
-0.8 -0.920200309109794
-0.7000000000000001 -0.9048615342893731
-0.6000000000000001 -0.8858059333190033
-0.5000000000000001 -0.8622168655125697
-0.40000000000000013 -0.8332702068133346
-0.30000000000000016 -0.7982613222147779
-0.20000000000000015 -0.7567476639704281
-0.10000000000000014 -0.708641253620236
-1.3877787807814457e-16 -0.6541721757235747
0.09999999999999987 -0.5937050529313188
0.19999999999999987 -0.5276130679279368
0.2999999999999999 -0.456115253493692
0.3999999999999999 -0.3790204034837967
0.4999999999999999 -0.29553679845104275
0.5999999999999999 -0.20428345700141057
0.6999999999999998 -0.10307469203367658
0.7999999999999998 0.011519097291829788
0.8999999999999998 0.14498294464508965
0.9999999999999998 0.3055678893183019
1.0999999999999999 0.4979568232215427
1.2 0.6976421016122787
1.3 0.850235052543259
1.4000000000000001 0.9337365211474673
1.5000000000000002 0.9687150439963217
1.6000000000000003 0.9802889621911682
1.7000000000000004 0.9826296314035008
1.8000000000000005 0.9825570988944043
1.9000000000000006 0.9821142442861293
2.0000000000000004 0.9821991783751477
2.1000000000000005 0.9828242535148342
2.2000000000000006 0.9837910774848713
2.3000000000000007 0.9849155660400726
2.400000000000001 0.986070296461796
2.500000000000001 0.9871833244764927
2.600000000000001 0.9882159100256106
2.700000000000001 0.9891533669265913
2.800000000000001 0.9899959179970707
2.9000000000000012 0.9907498341197126
3.0000000000000013 0.9914236430688559