0 -0.012081384386246658
0.05 0.0023563922816582914
0.1 0.02689312437219001
0.15000000000000002 0.057583602041819976
0.2 0.0908390765501189
0.25 0.1248517260245952
0.3 0.15895245164987357
0.35 0.19295791730501988
0.39999999999999997 0.22703814942724707
0.44999999999999996 0.2615316625641792
0.49999999999999994 0.29681940720890054
0.5499999999999999 0.33330289359365656
0.6 0.37141087408354456
0.65 0.41167126598876075
0.7000000000000001 0.4548360545075466
0.7500000000000001 0.5020805116273309
0.8000000000000002 0.5552911871277699
0.8500000000000002 0.6164710683078604
0.9000000000000002 0.6862815289525829
0.9500000000000003 0.7605582659368565
1.0000000000000002 0.8270439388895259
1.0500000000000003 0.8756127558262886
1.1000000000000003 0.9068022995730749
1.1500000000000004 0.9253411826519521
1.2000000000000004 0.9364729292250774
1.2500000000000004 0.9437039386873632
1.3000000000000005 0.9486807553677239
1.3500000000000005 0.9524654144779192
1.4000000000000006 0.9556135560540989
1.4500000000000006 0.9584100342545605
1.5000000000000007 0.9610449182705848
1.5500000000000007 0.9635281764013396
1.6000000000000008 0.9658425570781286
1.6500000000000008 0.9680165043298393
1.7000000000000008 0.9700272879997203
1.7500000000000009 0.9719075285281098
1.800000000000001 0.9736442798864953
1.850000000000001 0.9752420108374188
1.900000000000001 0.9767134109021464
1.950000000000001 0.9780678055740181
2.000000000000001 0.979313831041388
2.0500000000000007 0.9804600639653629
2.1000000000000005 0.9815150142450095
2.1500000000000004 0.982486932464687
2.2 0.9833835909096874
2.25 0.9842121520225489
2.3 0.984979061269417
2.3499999999999996 0.9856903150821511
2.3999999999999995 0.9863511847766002
2.4499999999999993 0.9869663098108578
2.499999999999999 0.9875397893254383
2.549999999999999 0.9880755374068174
2.5999999999999988 0.9885768097513444
2.6499999999999986 0.9890465284442715
2.6999999999999984 0.9894872679803245
2.7499999999999982 0.989901570661829
2.799999999999998 0.9902914966016492
2.849999999999998 0.9906589313629032
2.8999999999999977 0.9910055617645556
2.9499999999999975 0.9913329566690444
2.9999999999999973 0.9916426772467353
2.9499999999999975 0.9916165695383803
2.8999999999999977 0.9914391994264445
2.849999999999998 0.9911855744224911
2.799999999999998 0.9908880943706538
2.7499999999999982 0.9905599475126039
2.6999999999999984 0.9902066273902077
2.6499999999999986 0.9898298332331672
2.5999999999999988 0.9894294480740532
2.549999999999999 0.9890042712271526
2.499999999999999 0.9885528740149225
2.4499999999999993 0.9880733379106919
2.3999999999999995 0.9875634230575197
2.3499999999999996 0.9870206117328871
2.3 0.9864420045340591
2.25 0.9858246114873763
2.2 0.9851649494507915
2.1500000000000004 0.9844591482624642
2.1000000000000005 0.98370279347453
2.0500000000000007 0.9828912326324414
2.000000000000001 0.9820190608478343
1.9500000000000008 0.981080226061492
1.9000000000000008 0.980067955785341
1.8500000000000008 0.9789746895452118
1.8000000000000007 0.9777918180393416
1.7500000000000007 0.9765096298540872
1.7000000000000006 0.9751171728468531
1.6500000000000006 0.973601881196955
1.6000000000000005 0.9719496193334907
1.5500000000000005 0.9701440868549449
1.5000000000000004 0.9681668044937547
1.4500000000000004 0.9659965594044799
1.4000000000000004 0.9636088383036331
1.3500000000000003 0.9609757155383649
1.3000000000000003 0.9580649269474971
1.2500000000000002 0.9548391625066122
1.2000000000000002 0.9512554818703859
1.1500000000000001 0.9472643530016099
1.1 0.9428086760874853
1.05 0.9378227656910717
1.0 0.9322312628839708
0.95 0.9259484531421248
0.8999999999999999 0.9188774150438623
0.8499999999999999 0.9109101699646119
0.7999999999999998 0.9019285899542387
0.7499999999999998 0.8918070530403445
0.6999999999999997 0.8804175972628265
0.6499999999999997 0.867638436101812
0.5999999999999996 0.8533653534924599
0.5499999999999996 0.8375231863491798
0.4999999999999996 0.8200730874880601
0.4499999999999996 0.8010145653539997
0.39999999999999963 0.7803834371109843
0.34999999999999964 0.7582452222260565
0.29999999999999966 0.734672352621591
0.24999999999999967 0.7097261938877844
0.19999999999999968 0.6834998757631304
0.1499999999999997 0.656101125762007
0.09999999999999969 0.6275989322506952
0.049999999999999684 0.5980273701364422
-3.191891195797325e-16 0.5673870064077073
-0.05000000000000032 0.5356442473687177
-0.10000000000000032 0.5027303060701955
-0.15000000000000033 0.46853119559655676
-0.20000000000000034 0.43289257548666077
-0.25000000000000033 0.39562741279479
-0.3000000000000003 0.3565241319963422
-0.3500000000000003 0.3153336992433829
-0.4000000000000003 0.27176866743628164
-0.4500000000000003 0.22547585125659805
-0.5000000000000003 0.17601324276820554
-0.5500000000000004 0.12280761467314477
-0.6000000000000004 0.06508801519220254
-0.6500000000000005 0.0017801937551287024
-0.7000000000000005 -0.06868536415318441
-0.7500000000000006 -0.14874052969817156
-0.8000000000000006 -0.24231691233130268
-0.8500000000000006 -0.3544612360866734
-0.9000000000000007 -0.4870314528964238
-0.9500000000000007 -0.6300344708949003
-1.0000000000000007 -0.7588501857647589
-1.0500000000000007 -0.8522772683588077
-1.1000000000000008 -0.9084382930780799
-1.1500000000000008 -0.937496166308238
-1.2000000000000008 -0.9516412302687279
-1.2500000000000009 -0.9583874644386963
-1.300000000000001 -0.9615347715526946
-1.350000000000001 -0.9628880489377805
-1.400000000000001 -0.9637136024350677
-1.450000000000001 -0.964689741272074
-1.500000000000001 -0.9658848050378867
-1.5500000000000012 -0.9671815326193645
-1.6000000000000012 -0.9684952094559206
-1.6500000000000012 -0.9698889201636024
-1.7000000000000013 -0.9713213523093152
-1.7500000000000013 -0.9727706935465861
-1.8000000000000014 -0.9742064517510385
-1.8500000000000014 -0.9756028143553658
-1.9000000000000015 -0.9769454151797637
-1.9500000000000015 -0.9782119477817581
-2.0000000000000013 -0.9793997936539474
-2.050000000000001 -0.9805123492514921
-2.100000000000001 -0.9815455666601384
-2.150000000000001 -0.9825030512700169
-2.2000000000000006 -0.9833964371494716
-2.2500000000000004 -0.984221089187602
-2.3000000000000003 -0.9849846403923563
-2.35 -0.9856936617552666
-2.4 -0.9863531535646775
-2.4499999999999997 -0.9869674429792189
-2.4999999999999996 -0.9875404370598952
-2.5499999999999994 -0.9880759002850671
-2.599999999999999 -0.9885770111469471
-2.649999999999999 -0.9890466362497697
-2.699999999999999 -0.9894873242943047
-2.7499999999999987 -0.989901598731182
-2.7999999999999985 -0.9902915077776986
-2.8499999999999983 -0.9906589337475424
-2.899999999999998 -0.9910055597509683
-2.949999999999998 -0.9913329518581361
-2.999999999999998 -0.9916426715710331
-2.949999999999998 -0.9916165673788342
-2.899999999999998 -0.991439198762457
-2.8499999999999983 -0.9911855749998193
-2.7999999999999985 -0.9908880943295735
-2.7499999999999987 -0.9905599472741407
-2.699999999999999 -0.9902066258849395
-2.649999999999999 -0.9898298331724529
-2.599999999999999 -0.9894294482721828
-2.5499999999999994 -0.9890042719761959
-2.4999999999999996 -0.9885528761285528
-2.4499999999999997 -0.9880733408457458
-2.4 -0.9875634245605411
-2.35 -0.9870206111772959
-2.3000000000000003 -0.9864420053446393
-2.2500000000000004 -0.9858246155983909
-2.2000000000000006 -0.9851649507115043
-2.150000000000001 -0.9844591492026711
-2.100000000000001 -0.9837027951176937
-2.050000000000001 -0.9828912343278137
-2.0000000000000013 -0.9820190630355362
-1.9500000000000013 -0.9810802301588701
-1.9000000000000012 -0.9800679585474118
-1.8500000000000012 -0.978974692334871
-1.8000000000000012 -0.9777918209867399
-1.750000000000001 -0.9765096338408178
-1.700000000000001 -0.9751171772817543
-1.650000000000001 -0.9736018852211832
-1.600000000000001 -0.9719496229652751
-1.550000000000001 -0.9701440928188555
-1.5000000000000009 -0.9681668110287314
-1.4500000000000008 -0.9659965684178827
-1.4000000000000008 -0.963608849424779
-1.3500000000000008 -0.9609757277525622
-1.3000000000000007 -0.9580649394581298
-1.2500000000000007 -0.9548391744716931
-1.2000000000000006 -0.951255493632412
-1.1500000000000006 -0.9472643672633115
-1.1000000000000005 -0.9428086923281328
-1.0500000000000005 -0.9378227811538419
-1.0000000000000004 -0.9322312818242825
-0.9500000000000004 -0.9259484795561264
-0.9000000000000004 -0.9188774445963083
-0.8500000000000003 -0.910910200281236
-0.8000000000000003 -0.9019286222223487
-0.7500000000000002 -0.8918070856263931
-0.7000000000000002 -0.8804176307489477
-0.6500000000000001 -0.8676384692167707
-0.6000000000000001 -0.8533653857380212
-0.55 -0.8375232185475351
-0.5 -0.8200731210403596
-0.45 -0.8010145988563493
-0.4 -0.7803834693227341
-0.35000000000000003 -0.758245257706257
-0.30000000000000004 -0.7346723948468582
-0.25000000000000006 -0.709726241337777
-0.20000000000000007 -0.6834999284451873
-0.15000000000000008 -0.6561011865186936
-0.10000000000000007 -0.6275990109632041
-0.05000000000000007 -0.5980274743106135
-6.938893903907228e-17 -0.5673871351353903
0.04999999999999993 -0.5356443935923046
0.09999999999999994 -0.5027304562034376
0.14999999999999994 -0.4685313425458045
0.19999999999999996 -0.4328927246416129
0.24999999999999994 -0.39562756039148655
0.29999999999999993 -0.35652428579986256
0.3499999999999999 -0.3153338571601425
0.3999999999999999 -0.2717688355222499
0.4499999999999999 -0.22547603250121107
0.4999999999999999 -0.17601343917989176
0.5499999999999999 -0.12280782864205099
0.6 -0.06508824894578953
0.65 -0.0017804501663902727
0.7000000000000001 0.06868508040749041
0.7500000000000001 0.14874021539994745
0.8000000000000002 0.24231655867223822
0.8500000000000002 0.35446083016230534
0.9000000000000002 0.4870309774902144
0.9500000000000003 0.6300338970848435
1.0000000000000002 0.7588494540079972
1.0500000000000003 0.8522762479994846
1.1000000000000003 0.9084367019476697
1.1500000000000004 0.9374933972845324
1.2000000000000004 0.951637433159757
1.2500000000000004 0.9583820395909756
1.3000000000000005 0.9615295699833792
1.3500000000000005 0.9628836132484978
1.4000000000000006 0.9637100625485611
1.4500000000000006 0.9646879673517746
1.5000000000000007 0.9658858741234714
1.5500000000000007 0.9671864880943156
1.6000000000000008 0.9685105320589807
1.6500000000000008 0.9699084875361121
1.7000000000000008 0.9713341848583265
1.7500000000000009 0.9727846641307715
1.800000000000001 0.9742179293823722
1.850000000000001 0.9756161637265385
1.900000000000001 0.9769625208705774
1.950000000000001 0.9782309644737907
2.000000000000001 0.9794187804441503
2.0500000000000007 0.9805269714174302
2.1000000000000005 0.981556873288928
2.1500000000000004 0.9825127794281967
2.2 0.9833993668084747
2.25 0.9842216697557503
2.3 0.9849847497806974
2.3499999999999996 0.9856936845905909
2.3999999999999995 0.9863531598723115
2.4499999999999993 0.9869674454510491
2.499999999999999 0.9875404381172254
2.549999999999999 0.9880759008675576
2.5999999999999988 0.9885770114260197
2.6499999999999986 0.9890466363111153
2.6999999999999984 0.989487324302368
2.7499999999999982 0.989901598696441
2.799999999999998 0.9902915077318999
2.849999999999998 0.9906589336960065
2.8999999999999977 0.9910055598735843
2.9499999999999975 0.9913329518718442
2.9999999999999973 0.9916426715401891