0 0.02615657328690006
0.05 0.03996575032529059
0.1 0.06137071285728484
0.15000000000000002 0.08837047365152524
0.2 0.118548379057134
0.25 0.149873109115175
0.3 0.18141601061175514
0.35 0.21320502127499566
0.39999999999999997 0.24553530770289467
0.44999999999999996 0.27867442898419026
0.49999999999999994 0.31294742201230225
0.5499999999999999 0.34872112046891246
0.6 0.38642095596742504
0.65 0.42662166468821944
0.7000000000000001 0.4702990150469033
0.7500000000000001 0.5187246451163103
0.8000000000000002 0.5726147433145057
0.8500000000000002 0.6303930102820117
0.9000000000000002 0.6883883995953957
0.9500000000000003 0.7438539835956883
1.0000000000000002 0.7949683706553383
1.0500000000000003 0.8395594556486273
1.1000000000000003 0.8754061807979533
1.1500000000000004 0.9020677292782756
1.2000000000000004 0.9204534989347515
1.2500000000000004 0.9332062022225563
1.3000000000000005 0.9422685053440035
1.3500000000000005 0.9483731414243052
1.4000000000000006 0.952934128583011
1.4500000000000006 0.956418192655774
1.5000000000000007 0.9593901202041208
1.5500000000000007 0.9620779335125726
1.6000000000000008 0.9644709675180216
1.6500000000000008 0.9666670387857547
1.7000000000000008 0.9687195249415274
1.7500000000000009 0.9706412223823253
1.800000000000001 0.9724343981998317
1.850000000000001 0.974100851779062
1.900000000000001 0.9756440079477146
1.950000000000001 0.9770691971314278
2.000000000000001 0.9783832326922964
2.0500000000000007 0.9795937656302387
2.1000000000000005 0.9807088667244636
2.1500000000000004 0.9817365509263704
2.2 0.9826846089593884
2.25 0.9835602964661578
2.3 0.9843703796370586
2.3499999999999996 0.985121007983507
2.3999999999999995 0.9858177856890109
2.4499999999999993 0.9864657105621275
2.499999999999999 0.9870692794268636
2.549999999999999 0.9876325098127671
2.5999999999999988 0.9881589442412472
2.6499999999999986 0.9886518055050364
2.6999999999999984 0.9891139419286521
2.7499999999999982 0.9895479031782346
2.799999999999998 0.9899559769451124
2.849999999999998 0.9903402210555226
2.8999999999999977 0.9907025018731458
2.9499999999999975 0.9910444801621368
2.9999999999999973 0.9913676802318014
2.9499999999999975 0.9913366497203749
2.8999999999999977 0.9911490308338613
2.849999999999998 0.990883712767128
2.799999999999998 0.9905730187966111
2.7499999999999982 0.9902304077424828
2.6999999999999984 0.9898612261023436
2.6499999999999986 0.9894671192272527
2.5999999999999988 0.989047911417417
2.549999999999999 0.9886025179175785
2.499999999999999 0.9881292684729681
2.4499999999999993 0.9876260869718604
2.3999999999999995 0.9870906060341187
2.3499999999999996 0.9865201022093089
2.3 0.9859115676489583
2.25 0.985261662872765
2.2 0.9845665702331127
2.1500000000000004 0.9838221561907378
2.1000000000000005 0.983023810867511
2.0500000000000007 0.9821662534511472
2.000000000000001 0.9812436490138098
1.9500000000000008 0.9802494522935108
1.9000000000000008 0.9791762499818873
1.8500000000000008 0.9780157439388647
1.8000000000000007 0.9767585720621519
1.7500000000000007 0.9753941011246131
1.7000000000000006 0.9739102755142843
1.6500000000000006 0.9722933898189419
1.6000000000000005 0.9705278241090123
1.5500000000000005 0.9685957773510339
1.5000000000000004 0.9664769078632384
1.4500000000000004 0.9641478891831184
1.4000000000000004 0.9615819404693736
1.3500000000000003 0.9587483883691973
1.3000000000000003 0.9556119833251245
1.2500000000000002 0.952132163886038
1.2000000000000002 0.9482622765653445
1.1500000000000001 0.9439488796351304
1.1 0.9391306185801962
1.05 0.9337374734243041
1.0 0.9276898072052024
0.95 0.9208979368739847
0.8999999999999999 0.9132620135938228
0.8499999999999999 0.9046726615219584
0.7999999999999998 0.8950129616913004
0.7499999999999998 0.8841623513175865
0.6999999999999997 0.8720043072479063
0.6499999999999997 0.8584370342042925
0.5999999999999996 0.8433858269756845
0.5499999999999996 0.8268111680928265
0.4999999999999996 0.8087098027288953
0.4499999999999996 0.7891113208439852
0.39999999999999963 0.7680713417044487
0.34999999999999964 0.7456567922082108
0.29999999999999966 0.7219342409711379
0.24999999999999967 0.6969732477407452
0.19999999999999968 0.6708325791302165
0.1499999999999997 0.6434935788675797
0.09999999999999969 0.6148777651414808
0.049999999999999684 0.5850108703992317
-3.191891195797325e-16 0.5539501786487245
-0.05000000000000032 0.5216633417793307
-0.10000000000000032 0.488045825737161
-0.15000000000000033 0.4529866177415018
-0.20000000000000034 0.4163765356626922
-0.25000000000000033 0.37806207830398003
-0.3000000000000003 0.33783104246595147
-0.3500000000000003 0.2954166475107817
-0.4000000000000003 0.25049455816991806
-0.4500000000000003 0.20266380206023987
-0.5000000000000003 0.15141073491725549
-0.5500000000000004 0.09605352924923956
-0.6000000000000004 0.03564487035630061
-0.6500000000000005 -0.031195565147141075
-0.7000000000000005 -0.10659235400480255
-0.7500000000000006 -0.193865095225325
-0.8000000000000006 -0.29595697423753176
-0.8500000000000006 -0.41062632020718737
-0.9000000000000007 -0.5303567543195331
-0.9500000000000007 -0.6444833100118048
-1.0000000000000007 -0.7435785826953577
-1.0500000000000007 -0.8209512884241148
-1.1000000000000008 -0.8742908806701775
-1.1500000000000008 -0.9083645800408133
-1.2000000000000008 -0.9302572110483871
-1.2500000000000009 -0.944241285163087
-1.300000000000001 -0.952850020196503
-1.350000000000001 -0.9580715893159032
-1.400000000000001 -0.9611733102027044
-1.450000000000001 -0.9632656650724241
-1.500000000000001 -0.9649381755533185
-1.5500000000000012 -0.9661528873604631
-1.6000000000000012 -0.9675178039179452
-1.6500000000000012 -0.9689090512415488
-1.7000000000000013 -0.9702875340594336
-1.7500000000000013 -0.9717102028656377
-1.8000000000000014 -0.9731526520500127
-1.8500000000000014 -0.97458158482515
-1.9000000000000015 -0.9759750579521353
-1.9500000000000015 -0.9772909035223016
-2.0000000000000013 -0.9785266984352713
-2.050000000000001 -0.9796847702000101
-2.100000000000001 -0.9807658204543108
-2.150000000000001 -0.9817718352758609
-2.2000000000000006 -0.9827062838028957
-2.2500000000000004 -0.9835735467953409
-2.3000000000000003 -0.9843784478421391
-2.35 -0.9851259410591516
-2.4 -0.985820837457313
-2.4499999999999997 -0.9864676350445953
-2.4999999999999996 -0.9870705143911226
-2.5499999999999994 -0.9876333109645166
-2.599999999999999 -0.9881594930340033
-2.649999999999999 -0.9886522010477141
-2.699999999999999 -0.989114240897555
-2.7499999999999987 -0.9895481245315998
-2.7999999999999985 -0.9899561568420732
-2.8499999999999983 -0.9903403714661883
-2.899999999999998 -0.990702621524314
-2.949999999999998 -0.9910445791730385
-2.999999999999998 -0.9913677616877619
-2.949999999999998 -0.991336711927252
-2.899999999999998 -0.9911490880297659
-2.8499999999999983 -0.9908837667725464
-2.7999999999999985 -0.9905730814749822
-2.7499999999999987 -0.99023047272045
-2.699999999999999 -0.9898612967940923
-2.649999999999999 -0.9894672045206524
-2.599999999999999 -0.9890480146336805
-2.5499999999999994 -0.9886026261063305
-2.4999999999999996 -0.9881293933579126
-2.4499999999999997 -0.9876262245010246
-2.4 -0.9870907610359294
-2.35 -0.9865202811126955
-2.3000000000000003 -0.9859117646636956
-2.2500000000000004 -0.9852618865008406
-2.2000000000000006 -0.9845668345136113
-2.150000000000001 -0.9838224570816178
-2.100000000000001 -0.9830241250532171
-2.050000000000001 -0.9821665980475771
-2.0000000000000013 -0.9812440213439958
-1.9500000000000013 -0.9802498416666166
-1.9000000000000012 -0.9791766621340094
-1.8500000000000012 -0.9780161814432388
-1.8000000000000012 -0.9767590268806483
-1.750000000000001 -0.9753945731526026
-1.700000000000001 -0.9739107609967976
-1.650000000000001 -0.972293885631136
-1.600000000000001 -0.9705283344341432
-1.550000000000001 -0.9685963046669268
-1.5000000000000009 -0.966477435046897
-1.4500000000000008 -0.9641484417705323
-1.4000000000000008 -0.9615825129456881
-1.3500000000000008 -0.9587489967207081
-1.3000000000000007 -0.955612655053062
-1.2500000000000007 -0.9521329053659865
-1.2000000000000006 -0.9482631158932386
-1.1500000000000006 -0.9439498560699634
-1.1000000000000005 -0.939131753911838
-1.0500000000000005 -0.9337387969050367
-1.0000000000000004 -0.9276913239229421
-0.9500000000000004 -0.920899690007043
-0.9000000000000004 -0.9132640555962876
-0.8500000000000003 -0.9046750757278498
-0.8000000000000003 -0.8950158388520273
-0.7500000000000002 -0.8841658296373816
-0.7000000000000002 -0.8720085724755572
-0.6500000000000001 -0.8584423497895192
-0.6000000000000001 -0.8433925365154171
-0.55 -0.8268197690230275
-0.5 -0.8087208732450991
-0.45 -0.7891253445688313
-0.4 -0.7680881083627397
-0.35000000000000003 -0.7456755575716552
-0.30000000000000004 -0.7219531702350321
-0.25000000000000006 -0.6969893513041779
-0.20000000000000007 -0.6708471034267959
-0.15000000000000008 -0.6435285826999639
-0.10000000000000007 -0.6149391337339281
-0.05000000000000007 -0.5849994388911044
-6.938893903907228e-17 -0.5537575529756669
0.04999999999999993 -0.5212918501006794
0.09999999999999994 -0.4875963891705744
0.14999999999999994 -0.45256706994372575
0.19999999999999996 -0.4160372140213587
0.24999999999999994 -0.3778033194600661
0.29999999999999993 -0.3376331611960599
0.3499999999999999 -0.29525777890520083
0.3999999999999999 -0.25035644058560974
0.4499999999999999 -0.20253263882847583
0.4999999999999999 -0.15127622496385276
0.5499999999999999 -0.09590733698254698
0.6 -0.03547911488494144
0.65 0.031391091521695454
0.7000000000000001 0.10683115567930351
0.7500000000000001 0.1940947970890908
0.8000000000000002 0.2960159784139213
0.8500000000000002 0.41061016822683905
0.9000000000000002 0.5304688948244181
0.9500000000000003 0.6448277510866826
1.0000000000000002 0.7441628061906119
1.0500000000000003 0.8216414350683726
1.1000000000000003 0.8751391614631727
1.1500000000000004 0.9092691889856501
1.2000000000000004 0.9309254512313968
1.2500000000000004 0.9445232016439336
1.3000000000000005 0.9528647193134092
1.3500000000000005 0.9579280305468353
1.4000000000000006 0.9610406558492688
1.4500000000000006 0.9631814298177422
1.5000000000000007 0.9648702513473107
1.5500000000000007 0.966105821499339
1.6000000000000008 0.9674834846240272
1.6500000000000008 0.9688872634855912
1.7000000000000008 0.9702742555356703
1.7500000000000009 0.9717024326906328
1.800000000000001 0.9731485768837967
1.850000000000001 0.9745813285358325
1.900000000000001 0.9759748491005754
1.950000000000001 0.9772895508440211
2.000000000000001 0.9785255330104969
2.0500000000000007 0.9796840082889103
2.1000000000000005 0.9807653635491569
2.1500000000000004 0.9817715780315598
2.2 0.9827061410449554
2.25 0.9835734700376961
2.3 0.9843784100322535
2.3499999999999996 0.9851259281850338
2.3999999999999995 0.9858208317888293
2.4499999999999993 0.9864676328037306
2.499999999999999 0.9870705078602006
2.549999999999999 0.987633305057894
2.5999999999999988 0.9881594832387227
2.6499999999999986 0.9886521949339405
2.6999999999999984 0.9891142341792749
2.7499999999999982 0.9895481192394308
2.799999999999998 0.9899561519646639
2.849999999999998 0.9903403644037103
2.8999999999999977 0.9907026153547542
2.9499999999999975 0.9910445719936519
2.9999999999999973 0.9913677579775353