
0 0.24804278167844188
0.05 0.2833871795247617
0.1 0.3201856854001319
0.15000000000000002 0.3587718532726358
0.2 0.39964171406421073
0.25 0.44354049923268934
0.3 0.4916357157146723
0.35 0.5458447254971528
0.39999999999999997 0.6083389569815337
0.44999999999999996 0.6799059709188753
0.49999999999999994 0.7564403464187305
0.5499999999999999 0.8251917639033073
0.6 0.8751251894058765
0.65 0.9067589117270971
0.7000000000000001 0.9253643539088805
0.7500000000000001 0.9365184018086904
0.8000000000000002 0.943744529341789
0.8500000000000002 0.9487580153390194
0.9000000000000002 0.9525243957233115
0.9500000000000003 0.9556255608943964
1.0000000000000002 0.958422953190277
1.0500000000000003 0.96109959221039
1.1000000000000003 0.96358357495127
1.1500000000000004 0.9658970873762658
1.2000000000000004 0.9680576415110991
1.2500000000000004 0.9700557683251652
1.3000000000000005 0.9719061043890961
1.3500000000000005 0.973630052273374
1.4000000000000006 0.9752344305238313
1.4500000000000006 0.9767124758030772
1.5000000000000007 0.9780685946390537
1.5500000000000007 0.9793143344771661
1.6000000000000008 0.9804600487532453
1.6500000000000008 0.9815146724257758
1.7000000000000008 0.9824871463092043
1.7500000000000009 0.9833839874009139
1.800000000000001 0.9842125135902914
1.850000000000001 0.9849793630361251
1.900000000000001 0.9856905736383635
1.950000000000001 0.9863514143522553
2.000000000000001 0.9869665144336324
2.0500000000000007 0.9875399763885049
2.1000000000000005 0.9880757072511156
2.1500000000000004 0.9885769697819617
2.2 0.9890466786895675
2.25 0.9894874099399272
2.3 0.9899017070124971
2.3499999999999996 0.9902916255963748
2.3999999999999995 0.9906590531579662
2.4499999999999993 0.9910056769875769
2.499999999999999 0.991333065860704
2.549999999999999 0.9916427834963537
2.5999999999999988 0.9916166804160506
2.6499999999999986 0.9914393123818536
2.6999999999999984 0.9911856927884439
2.7499999999999982 0.9908882173998593
2.799999999999998 0.990560076226251
2.849999999999998 0.9902067612628334
2.8999999999999977 0.9898299724848634
2.9499999999999975 0.9894295956227215
2.9999999999999973 0.9890044259185319
2.9499999999999975 0.9885530401175415
2.8999999999999977 0.9880735124808782
2.849999999999998 0.98756360560002
2.799999999999998 0.9870208033738543
2.7499999999999982 0.9864422080821393
2.6999999999999984 0.9858248308891875
2.6499999999999986 0.9851651797604489
2.5999999999999988 0.9844593918980726
2.549999999999999 0.9837030527938577
2.499999999999999 0.9828915068747768
2.4499999999999993 0.9820193533831102
2.3999999999999995 0.9810805383797622
2.3499999999999996 0.9800682901761592
2.3 0.9789750475992586
2.25 0.9777922038905296
2.2 0.9765100458541858
2.1500000000000004 0.9751176218111223
2.1000000000000005 0.973602364086547
2.0500000000000007 0.9719501418538237
2.000000000000001 0.9701446536968049
1.9500000000000008 0.9681674257569071
1.9000000000000008 0.9659972367403127
1.8500000000000008 0.9636095784527404
1.8000000000000007 0.9609765296007501
1.7500000000000007 0.9580658247123657
1.7000000000000006 0.9548401564172785
1.6500000000000006 0.9512565866915504
1.6000000000000005 0.9472655873735423
1.5500000000000005 0.9428100611328206
1.5000000000000004 0.9378243222883226
1.4500000000000004 0.9322330097222109
1.4000000000000004 0.9259504216532479
1.3500000000000003 0.9188796172483923
1.3000000000000003 0.9109126033405286
1.2500000000000002 0.9019312574307026
1.2000000000000002 0.8918099178400989
1.1500000000000001 0.8804205799787888
1.1 0.8676414259820754
1.05 0.8533681705648518
1.0 0.8375255847368419
0.95 0.8200748136789084
0.8999999999999999 0.8010155720919842
0.8499999999999999 0.7803846838846981
0.7999999999999998 0.7582525559899614
0.7499999999999998 0.7347115672903324
0.6999999999999997 0.7098562301776817
0.6499999999999997 0.6837651374173437
0.5999999999999996 0.6564966055646999
0.5499999999999996 0.6280962131071283
0.4999999999999996 0.5985988120141865
0.4499999999999996 0.5680149570519145
0.39999999999999963 0.53631989930001
0.34999999999999964 0.5034489811951853
0.29999999999999966 0.4692866463334978
0.24999999999999967 0.4335659463916104
0.19999999999999968 0.39605417342193444
0.1499999999999997 0.35675827042576674
0.09999999999999969 0.3154589372070641
0.049999999999999684 0.27183602405337537
-3.191891195797325e-16 0.22551240638968958
-0.05000000000000032 0.17603318621131056
-0.10000000000000032 0.12281854964785018
-0.15000000000000033 0.06509401659337083
-0.20000000000000034 0.0017836414066982357
-0.25000000000000033 -0.06868296692468064
-0.3000000000000003 -0.1487380476686158
-0.3500000000000003 -0.24231318131854004
-0.4000000000000003 -0.3544559564167277
-0.4500000000000003 -0.4870270408269699
-0.5000000000000003 -0.6300349583736181
-0.5500000000000004 -0.758854573349266
-0.6000000000000004 -0.8522815829154503
-0.6500000000000005 -0.9084399054607745
-0.7000000000000005 -0.9374971801092205
-0.7500000000000006 -0.9516424093129613
-0.8000000000000006 -0.9583875359112668
-0.8500000000000006 -0.9615337821217099
-0.9000000000000007 -0.9628860094301768
-0.9500000000000007 -0.9637116558197262
-1.0000000000000007 -0.9646899544013101
-1.0500000000000007 -0.9658877674584668
-1.1000000000000008 -0.9671861602554095
-1.1500000000000008 -0.9685091680534864
-1.2000000000000008 -0.9699059577749514
-1.2500000000000009 -0.9713276049862032
-1.300000000000001 -0.9727692629796082
-1.350000000000001 -0.9742080782056145
-1.400000000000001 -0.975603190018671
-1.450000000000001 -0.9769454523442596
-1.500000000000001 -0.9782123856137955
-1.5500000000000012 -0.9793991943436972
-1.6000000000000012 -0.9805078831181403
-1.6500000000000012 -0.9815401162268248
-1.7000000000000013 -0.9825041528616509
-1.7500000000000013 -0.9833975105296362
-1.8000000000000014 -0.9842215238296966
-1.8500000000000014 -0.9849849189442874
-1.9000000000000015 -0.9856938969379738
-1.9500000000000015 -0.9863533690038676
-2.0000000000000013 -0.9869676467857698
-2.050000000000001 -0.9875406281302309
-2.100000000000001 -0.988076078450858
-2.150000000000001 -0.9885771787885252
-2.2000000000000006 -0.9890467936858532
-2.2500000000000004 -0.9894874758563873
-2.3000000000000003 -0.9899017422414534
-2.35 -0.9902916439010402
-2.4 -0.9906590626684635
-2.4499999999999997 -0.9910056822148553
-2.4999999999999996 -0.9913330684322728
-2.5499999999999994 -0.9916427846602668
-2.599999999999999 -0.9916166795154016
-2.649999999999999 -0.9914393113318903
-2.699999999999999 -0.9911856904097208
-2.7499999999999987 -0.9908882158862948
-2.7999999999999985 -0.99056007467674
-2.8499999999999983 -0.9902067596815053
-2.899999999999998 -0.9898299711748549
-2.949999999999998 -0.9894295943823791
-2.999999999999998 -0.9890044253127733
-2.949999999999998 -0.9885530384414701
-2.899999999999998 -0.9880735127415405
-2.8499999999999983 -0.9875636055700787
-2.7999999999999985 -0.9870208026228661
-2.7499999999999987 -0.9864422076000613
-2.699999999999999 -0.9858248308090098
-2.649999999999999 -0.9851651788804677
-2.599999999999999 -0.9844593902918718
-2.5499999999999994 -0.983703050839263
-2.4999999999999996 -0.9828915052118014
-2.4499999999999997 -0.9820193515248544
-2.4 -0.9810805372367833
-2.35 -0.980068288465295
-2.3000000000000003 -0.9789750463124256
-2.2500000000000004 -0.9777922033846858
-2.2000000000000006 -0.9765100455077441
-2.150000000000001 -0.9751176216346715
-2.100000000000001 -0.9736023630052947
-2.050000000000001 -0.9719501403633372
-2.0000000000000013 -0.9701446526485302
-1.9500000000000013 -0.968167423020536
-1.9000000000000012 -0.9659972340807044
-1.8500000000000012 -0.9636095760726683
-1.8000000000000012 -0.9609765266473684
-1.750000000000001 -0.9580658225606837
-1.700000000000001 -0.9548401545863845
-1.650000000000001 -0.9512565841260866
-1.600000000000001 -0.9472655850404865
-1.550000000000001 -0.9428100580412522
-1.5000000000000009 -0.93782431799487
-1.4500000000000008 -0.932233004248876
-1.4000000000000008 -0.9259504121316579
-1.3500000000000008 -0.9188796074729948
-1.3000000000000007 -0.9109126005037299
-1.2500000000000007 -0.9019312576820624
-1.2000000000000006 -0.8918099176105664
-1.1500000000000006 -0.8804205787931495
-1.1000000000000005 -0.8676414255627988
-1.0500000000000005 -0.8533681688424467
-1.0000000000000004 -0.8375255844574834
-0.9500000000000004 -0.820074809362406
-0.9000000000000004 -0.8010155645727732
-0.8500000000000003 -0.780384674627333
-0.8000000000000003 -0.7582525476117958
-0.7500000000000002 -0.7347115652957665
-0.7000000000000002 -0.7098562392321807
-0.6500000000000001 -0.6837651635664279
-0.6000000000000001 -0.6564966541387455
-0.55 -0.6280962829332283
-0.5 -0.5985988965915103
-0.45 -0.5680150485430897
-0.4 -0.5363199915989039
-0.35000000000000003 -0.5034490674610693
-0.30000000000000004 -0.46928672990152726
-0.25000000000000006 -0.43356607331635466
-0.20000000000000007 -0.39605430164186883
-0.15000000000000008 -0.3567583779736868
-0.10000000000000007 -0.31545903063400255
-0.05000000000000007 -0.2718361144004946
-6.938893903907228e-17 -0.22551250020116748
0.04999999999999993 -0.17603328608843327
0.09999999999999994 -0.12281865765708802
0.14999999999999994 -0.06509413546535127
0.19999999999999996 -0.0017837723416652303
0.24999999999999994 0.06868281842538349
0.29999999999999993 0.14873787921467188
0.3499999999999999 0.24231298777224047
0.3999999999999999 0.3544557322692546
0.4499999999999999 0.48702677561001345
0.4999999999999999 0.6300346362410192
0.5499999999999999 0.7588541583880343
0.6 0.8522810071247607
0.65 0.9084390071645017
0.7000000000000001 0.937495604112341
0.7500000000000001 0.9516403145136587
0.8000000000000002 0.9583840802740654
0.8500000000000002 0.9615303024841904
0.9000000000000002 0.9628827274299249
0.9500000000000003 0.9637084634998578
1.0000000000000002 0.9646876667577787
1.0500000000000003 0.9658871303365472
1.1000000000000003 0.967186977126214
1.1500000000000004 0.9685113018527114
1.2000000000000004 0.9699090077531315
1.2500000000000004 0.9713339733621343
1.3000000000000005 0.972784003635834
1.3500000000000005 0.9742179296734396
1.4000000000000006 0.9756169747482422
1.4500000000000006 0.9769601587270766
1.5000000000000007 0.9782304295815879
1.5500000000000007 0.9794185521710737
1.6000000000000008 0.9805271250422789
1.6500000000000008 0.9815571312748573
1.7000000000000008 0.9825130497901248
1.7500000000000009 0.9833996284328428
1.800000000000001 0.9842219204596226
1.850000000000001 0.9849849868366947
1.900000000000001 0.985693907388741
1.950000000000001 0.9863533699738773
2.000000000000001 0.986967645616241
2.0500000000000007 0.9875406273026017
2.1000000000000005 0.9880760779316979
2.1500000000000004 0.9885771786542922
2.2 0.9890467935987755
2.25 0.9894874757940546
2.3 0.9899017422675681
2.3499999999999996 0.9902916438873822
2.3999999999999995 0.9906590627211288
2.4499999999999993 0.9910056822107872