0 -0.04505457148435535
0.05 -0.040291392873585574
0.1 -0.028494256246977715
0.15000000000000002 -0.010432044669250976
0.2 0.012629080597617045
0.25 0.03931489109711352
0.3 0.06826977860638164
0.35 0.09844214689242169
0.39999999999999997 0.12930609624979142
0.44999999999999996 0.16071376812091012
0.49999999999999994 0.19265899018100208
0.5499999999999999 0.22518586280941896
0.6 0.2583699312980302
0.65 0.29227917584363694
0.7000000000000001 0.32691348771147644
0.7500000000000001 0.3621661912409846
0.8000000000000002 0.3978521308147219
0.8500000000000002 0.4337957582371631
0.9000000000000002 0.4699366540554356
0.9500000000000003 0.5062528883136076
1.0000000000000002 0.5424862112853962
1.0500000000000003 0.5786025970280952
1.1000000000000003 0.614767232736729
1.1500000000000004 0.6509293174875748
1.2000000000000004 0.686836874968672
1.2500000000000004 0.7221864971924182
1.3000000000000005 0.7564637586869526
1.3500000000000005 0.7888749755469748
1.4000000000000006 0.8188177757752144
1.4500000000000006 0.8461568427305698
1.5000000000000007 0.8709902317500109
1.5500000000000007 0.8931280649790211
1.6000000000000008 0.9123303512134254
1.6500000000000008 0.9286081840078323
1.7000000000000008 0.9419281272262394
1.7500000000000009 0.952326309295104
1.800000000000001 0.9601681672311819
1.850000000000001 0.9659076650218915
1.900000000000001 0.9699482834425435
1.950000000000001 0.9728118260181103
2.000000000000001 0.9749693857100111
2.0500000000000007 0.9766108383889822
2.1000000000000005 0.9778598739162025
2.1500000000000004 0.9788793794835031
2.2 0.9797875355967132
2.25 0.9806425758359315
2.3 0.9814682714719639
2.3499999999999996 0.9822713312379137
2.3999999999999995 0.9830517537917627
2.4499999999999993 0.9838068456831467
2.499999999999999 0.9845336039638591
2.549999999999999 0.985229359457371
2.5999999999999988 0.9858923607327105
2.6499999999999986 0.9865216814937583
2.6999999999999984 0.987117131609815
2.7499999999999982 0.9876791863787926
2.799999999999998 0.9882087751893409
2.849999999999998 0.9887071647982458
2.8999999999999977 0.9891758675798844
2.9499999999999975 0.9896165807713746
2.9999999999999973 0.9900310260635218
2.9499999999999975 0.9901452782973901
2.8999999999999977 0.9900802807881587
2.849999999999998 0.9899007081283717
2.799999999999998 0.9896426426129749
2.7499999999999982 0.9893266276607317
2.6999999999999984 0.9889641062201469
2.6499999999999986 0.9885614964835827
2.5999999999999988 0.9881221283645126
2.549999999999999 0.9876470381719655
2.499999999999999 0.9871359864524377
2.4499999999999993 0.9865877616693313
2.3999999999999995 0.9860003800540768
2.3499999999999996 0.9853712324542764
2.3 0.9846972296052956
2.25 0.9839746806158548
2.2 0.9831993539582587
2.1500000000000004 0.9823664515128265
2.1000000000000005 0.9814705297239286
2.0500000000000007 0.9805054661586281
2.000000000000001 0.9794643891392506
1.9500000000000008 0.9783395239815992
1.9000000000000008 0.9771221070315071
1.8500000000000008 0.9758023290084824
1.8000000000000007 0.9743690714435626
1.7500000000000007 0.9728098372194174
1.7000000000000006 0.9711105146417445
1.6500000000000006 0.9692552405246524
1.6000000000000005 0.9672261462521324
1.5500000000000005 0.965003107778607
1.5000000000000004 0.9625635651323458
1.4500000000000004 0.9598822653661145
1.4000000000000004 0.9569310711185447
1.3500000000000003 0.9536787248131157
1.3000000000000003 0.9500907839444043
1.2500000000000002 0.9461296075076923
1.2000000000000002 0.9417544418315767
1.1500000000000001 0.9369215511631754
1.1 0.9315847761473731
1.05 0.9256957851836006
1.0 0.9192043742475494
0.95 0.9120586773684087
0.8999999999999999 0.9042048636865717
0.8499999999999999 0.89558702261796
0.7999999999999998 0.8861464841059813
0.7499999999999998 0.8758212126965892
0.6999999999999997 0.8645456646168922
0.6499999999999997 0.852250787278943
0.5999999999999996 0.8388646295112813
0.5499999999999996 0.8243136471525128
0.4999999999999996 0.808525534529779
0.4499999999999996 0.7914350334221015
0.39999999999999963 0.7729922048697074
0.34999999999999964 0.7531683075009784
0.29999999999999966 0.7319536777518987
0.24999999999999967 0.7093490717140288
0.19999999999999968 0.6853593127479632
0.1499999999999997 0.6599941735271009
0.09999999999999969 0.633268666680415
0.049999999999999684 0.6052005542885097
-3.191891195797325e-16 0.5758068599405157
-0.05000000000000032 0.5451020369684336
-0.10000000000000032 0.5130957382995748
-0.15000000000000033 0.4797875487855537
-0.20000000000000034 0.445157063339104
-0.25000000000000033 0.40915235184302445
-0.3000000000000003 0.3716848230168173
-0.3500000000000003 0.33262833883654475
-0.4000000000000003 0.291820148361902
-0.4500000000000003 0.24906421329716935
-0.5000000000000003 0.204132196455853
-0.5500000000000004 0.1567704340614149
-0.6000000000000004 0.10671910902851005
-0.6500000000000005 0.0537401787975806
-0.7000000000000005 -0.002353796784701886
-0.7500000000000006 -0.06164769639820359
-0.8000000000000006 -0.12402725778487411
-0.8500000000000006 -0.18914894367547888
-0.9000000000000007 -0.25663103719716157
-0.9500000000000007 -0.3260753362636263
-1.0000000000000007 -0.3967952569632528
-1.0500000000000007 -0.46744833113475
-1.1000000000000008 -0.5360882370270181
-1.1500000000000008 -0.6009225355438677
-1.2000000000000008 -0.660988763884361
-1.2500000000000009 -0.716093855893736
-1.300000000000001 -0.7656705126636384
-1.350000000000001 -0.8089379961025862
-1.400000000000001 -0.8461271850184784
-1.450000000000001 -0.8774332012843343
-1.500000000000001 -0.902827213465957
-1.5500000000000012 -0.922790646016286
-1.6000000000000012 -0.9382100633608005
-1.6500000000000012 -0.9499196141198017
-1.7000000000000013 -0.9585795053808172
-1.7500000000000013 -0.9648748571814374
-1.8000000000000014 -0.9693698326200352
-1.8500000000000014 -0.9725041344976597
-1.9000000000000015 -0.9747665849072895
-1.9500000000000015 -0.9764722572401702
-2.0000000000000013 -0.9777496172916931
-2.050000000000001 -0.9787020098787199
-2.100000000000001 -0.9794967222776759
-2.150000000000001 -0.9802424851783595
-2.2000000000000006 -0.9809644123612823
-2.2500000000000004 -0.9816468923686348
-2.3000000000000003 -0.982300833737491
-2.35 -0.9829450601897454
-2.4 -0.9835872452260291
-2.4499999999999997 -0.9842264827988838
-2.4999999999999996 -0.9848585352495892
-2.5499999999999994 -0.9854784276298147
-2.599999999999999 -0.9860815043457151
-2.649999999999999 -0.9866640521822884
-2.699999999999999 -0.9872233954902457
-2.7499999999999987 -0.9877578704359022
-2.7999999999999985 -0.9882666377732288
-2.8499999999999983 -0.9887494376889615
-2.899999999999998 -0.9892065861049893
-2.949999999999998 -0.9896387690789884
-2.999999999999998 -0.9900469838532219
-2.949999999999998 -0.9901570687153698
-2.899999999999998 -0.9900892067618807
-2.8499999999999983 -0.989907636271143
-2.7999999999999985 -0.989648161248829
-2.7499999999999987 -0.9893310850380668
-2.699999999999999 -0.9889678155657464
-2.649999999999999 -0.9885646275914568
-2.599999999999999 -0.9881248010603049
-2.5499999999999994 -0.9876493469597477
-2.4999999999999996 -0.9871380225635674
-2.4499999999999997 -0.9865895677889117
-2.4 -0.9860020012852547
-2.35 -0.9853727255283724
-2.3000000000000003 -0.9846986021026322
-2.2500000000000004 -0.983975955205668
-2.2000000000000006 -0.9832005339162609
-2.150000000000001 -0.982367539797889
-2.100000000000001 -0.981471559514644
-2.050000000000001 -0.9805064436507395
-2.0000000000000013 -0.9794653143901729
-1.9500000000000013 -0.9783404013343334
-1.9000000000000012 -0.9771229251116478
-1.8500000000000012 -0.9758030827416538
-1.8000000000000012 -0.9743697741172115
-1.750000000000001 -0.972810503358048
-1.700000000000001 -0.9711111515557298
-1.650000000000001 -0.9692558535691558
-1.600000000000001 -0.9672267295862644
-1.550000000000001 -0.9650036711936169
-1.5000000000000009 -0.9625641145214144
-1.4500000000000008 -0.9598828229868733
-1.4000000000000008 -0.9569316560121137
-1.3500000000000008 -0.9536793693921763
-1.3000000000000007 -0.9500915102942863
-1.2500000000000007 -0.946130441512238
-1.2000000000000006 -0.9417554118855058
-1.1500000000000006 -0.9369228306706957
-1.1000000000000005 -0.9315864624194282
-1.0500000000000005 -0.9256979313484928
-1.0000000000000004 -0.9192070396901278
-0.9500000000000004 -0.912061951727561
-0.9000000000000004 -0.9042088884633189
-0.8500000000000003 -0.8955920422222557
-0.8000000000000003 -0.8861528752359921
-0.7500000000000002 -0.8758294952809664
-0.7000000000000002 -0.86455656534072
-0.6500000000000001 -0.8522652485808614
-0.6000000000000001 -0.8388837513640331
-0.55 -0.8243385634699549
-0.5 -0.8085570543133851
-0.45 -0.7914732490936515
-0.4 -0.7730360914914011
-0.35000000000000003 -0.7532156701629802
-0.30000000000000004 -0.7320017043638231
-0.25000000000000006 -0.7093950400386577
-0.20000000000000007 -0.6854012048745385
-0.15000000000000008 -0.6600308740020479
-0.10000000000000007 -0.6332998411791542
-0.05000000000000007 -0.605226453706198
-6.938893903907228e-17 -0.5758280296902869
0.04999999999999993 -0.5451191441985688
0.09999999999999994 -0.5131094764217494
0.14999999999999994 -0.4797985677609091
0.19999999999999996 -0.44516589047407296
0.24999999999999994 -0.4091595085768085
0.29999999999999993 -0.37169064930993345
0.3499999999999999 -0.3326331538804078
0.3999999999999999 -0.29182418279538286
0.4499999999999999 -0.24906763634450702
0.4999999999999999 -0.20413513133857558
0.5499999999999999 -0.15677295833458293
0.6 -0.1067212426045196
0.65 -0.053741859534497394
0.7000000000000001 0.0023527104941296157
0.7500000000000001 0.06164726853182227
0.8000000000000002 0.12402736257368874
0.8500000000000002 0.1891491914830927
0.9000000000000002 0.25663096349979825
0.9500000000000003 0.3260745087204705
1.0000000000000002 0.39679345939834887
1.0500000000000003 0.46744567845841356
1.1000000000000003 0.5360850460644992
1.1500000000000004 0.600919032627402
1.2000000000000004 0.6609850029131588
1.2500000000000004 0.7160895855566716
1.3000000000000005 0.7656651289310661
1.3500000000000005 0.8089314541283121
1.4000000000000006 0.8461210579753754
1.4500000000000006 0.8774293038166993
1.5000000000000007 0.9028254852820413
1.5500000000000007 0.9227900420082383
1.6000000000000008 0.9382098698585091
1.6500000000000008 0.9499196348211447
1.7000000000000008 0.9585796986447734
1.7500000000000009 0.9648750821962199
1.800000000000001 0.9693699670696622
1.850000000000001 0.9725042416293964
1.900000000000001 0.9747668230061846
1.950000000000001 0.9764726919102479
2.000000000000001 0.9777500776770314
2.0500000000000007 0.9787024252194515
2.1000000000000005 0.9794971021317072
2.1500000000000004 0.9802428264505437
2.2 0.9809646778160023
2.25 0.9816470717556454
2.3 0.9823009498802588
2.3499999999999996 0.9829451352426024
2.3999999999999995 0.9835872934087755
2.4499999999999993 0.9842265129780382
2.499999999999999 0.9848585534616674
2.549999999999999 0.9854784379604384
2.5999999999999988 0.986081509517277
2.6499999999999986 0.9866640569997437
2.6999999999999984 0.9872233977768134
2.7499999999999982 0.9877578712541898
2.799999999999998 0.9882666378384086
2.849999999999998 0.988749437437441
2.8999999999999977 0.9892065857196412
2.9499999999999975 0.9896387686982626
2.9999999999999973 0.9900469834698153