0 -0.012080703219230176
0.05 -0.0009157686833966237
0.1 0.019944955732186347
0.15000000000000002 0.04733948174821516
0.2 0.07772643969682198
0.25 0.10896298723294662
0.3 0.1407172295003285
0.35 0.17322751846592988
0.39999999999999997 0.20648361829977976
0.44999999999999996 0.24042811830250346
0.49999999999999994 0.27525868513538543
0.5499999999999999 0.3113572112683954
0.6 0.34918754986376294
0.65 0.3893495422513769
0.7000000000000001 0.43268329062756206
0.7500000000000001 0.48045632474378086
0.8000000000000002 0.5345774444560392
0.8500000000000002 0.5974509278629356
0.9000000000000002 0.6704035880013809
0.9500000000000003 0.7485781772196353
1.0000000000000002 0.8189452614239202
1.0500000000000003 0.8718087641774195
1.1000000000000003 0.9057181479042719
1.1500000000000004 0.9255843467121183
1.2000000000000004 0.9375100976383957
1.2500000000000004 0.9449863711023638
1.3000000000000005 0.9498901252272621
1.3500000000000005 0.9534905304181817
1.4000000000000006 0.9564503549277477
1.4500000000000006 0.9591782877220552
1.5000000000000007 0.9618035884866721
1.5500000000000007 0.9642678828733379
1.6000000000000008 0.9664951295331119
1.6500000000000008 0.9685476618494953
1.7000000000000008 0.9704831062348572
1.7500000000000009 0.9722831708575607
1.800000000000001 0.9739541639226557
1.850000000000001 0.9755033125766522
1.900000000000001 0.9769392032827672
1.950000000000001 0.9782693801479373
2.000000000000001 0.9794952687324018
2.0500000000000007 0.980624367683063
2.1000000000000005 0.9816651983481695
2.1500000000000004 0.9826254345680882
2.2 0.983512290757699
2.25 0.9843324167583297
2.3 0.9850919432508478
2.3499999999999996 0.9857966006722125
2.3999999999999995 0.9864515036572166
2.4499999999999993 0.9870611739650951
2.499999999999999 0.9876297397559051
2.549999999999999 0.9881609525019391
2.5999999999999988 0.9886580331990249
2.6499999999999986 0.9891238725828392
2.6999999999999984 0.9895609815272698
2.7499999999999982 0.989971888475589
2.799999999999998 0.9903586603830323
2.849999999999998 0.9907231551486684
2.8999999999999977 0.9910670124012314
2.9499999999999975 0.9913918253193205
2.9999999999999973 0.9916991124946033
2.9499999999999975 0.9916709172730913
2.8999999999999977 0.991492707474426
2.849999999999998 0.9912394100373896
2.799999999999998 0.9909430240387029
2.7499999999999982 0.9906164742187624
2.6999999999999984 0.9902650782186674
2.6499999999999986 0.9898904321243098
2.5999999999999988 0.9894923793699204
2.549999999999999 0.9890697436249806
2.499999999999999 0.9886210325404552
2.4499999999999993 0.9881443275401233
2.3999999999999995 0.987637465447234
2.3499999999999996 0.9870978469534453
2.3 0.9865226034758026
2.25 0.985908771248201
2.2 0.9852528823445661
2.1500000000000004 0.9845510802039726
2.1000000000000005 0.9837990230205701
2.0500000000000007 0.9829919325690386
2.000000000000001 0.9821244752653617
1.9500000000000008 0.9811906051018845
1.9000000000000008 0.9801835678635896
1.8500000000000008 0.9790958697104113
1.8000000000000007 0.9779188331420143
1.7500000000000007 0.9766427063032067
1.7000000000000006 0.9752565555300048
1.6500000000000006 0.9737477790495257
1.6000000000000005 0.9721022544108213
1.5500000000000005 0.9703035421226984
1.5000000000000004 0.9683331107394801
1.4500000000000004 0.9661695658183107
1.4000000000000004 0.9637882819618193
1.3500000000000003 0.9611609368174794
1.3000000000000003 0.9582549377346183
1.2500000000000002 0.9550325306753229
1.2000000000000002 0.9514501016631242
1.1500000000000001 0.9474572382463683
1.1 0.9429956618000828
1.05 0.9379984066079008
1.0 0.9323884106309593
0.95 0.9260779613375203
0.8999999999999999 0.9189682387375926
0.8499999999999999 0.9109492350307103
0.7999999999999998 0.9019018720317618
0.7499999999999998 0.8917007309694374
0.6999999999999997 0.8802201300644296
0.6499999999999997 0.8673430163193057
0.5999999999999996 0.852973787311826
0.5499999999999996 0.8370552831236685
0.4999999999999996 0.8195820034493134
0.4499999999999996 0.8005943832527107
0.39999999999999963 0.7801555000224129
0.34999999999999964 0.7583261452771333
0.29999999999999966 0.7351502969605639
0.24999999999999967 0.7106565632370088
0.19999999999999968 0.6848982931561377
0.1499999999999997 0.6579921004114933
0.09999999999999969 0.6300524724813384
0.049999999999999684 0.6011133303830556
-3.191891195797325e-16 0.5711382596597069
-0.05000000000000032 0.5400549069445983
-0.10000000000000032 0.5077620214717448
-0.15000000000000033 0.4741270345273687
-0.20000000000000034 0.43899334190578343
-0.25000000000000033 0.40218079145997704
-0.3000000000000003 0.36348659425751734
-0.3500000000000003 0.3226680625905289
-0.4000000000000003 0.27943666400030753
-0.4500000000000003 0.23341547890265513
-0.5000000000000003 0.18407071757242652
-0.5500000000000004 0.13075484380504362
-0.6000000000000004 0.07279569628661085
-0.6500000000000005 0.009189286219312434
-0.7000000000000005 -0.06170547821914238
-0.7500000000000006 -0.14255463391603512
-0.8000000000000006 -0.23757021436231948
-0.8500000000000006 -0.35120659673652593
-0.9000000000000007 -0.4854638224520838
-0.9500000000000007 -0.6298132037112086
-1.0000000000000007 -0.7584747305260443
-1.0500000000000007 -0.850881700690032
-1.1000000000000008 -0.9064752127181871
-1.1500000000000008 -0.9365673804479568
-1.2000000000000008 -0.9516486318539269
-1.2500000000000009 -0.9584340921201107
-1.300000000000001 -0.961264308564965
-1.350000000000001 -0.9626476257622281
-1.400000000000001 -0.9634801739116374
-1.450000000000001 -0.9646157850552859
-1.500000000000001 -0.9659360765154777
-1.5500000000000012 -0.9673071120131963
-1.6000000000000012 -0.9686758338144329
-1.6500000000000012 -0.9700629960398305
-1.7000000000000013 -0.9715020261441843
-1.7500000000000013 -0.9729632863859872
-1.8000000000000014 -0.9744010696020351
-1.8500000000000014 -0.9757905445574
-1.9000000000000015 -0.9771417776902455
-1.9500000000000015 -0.9783957331796146
-2.0000000000000013 -0.9795732156608243
-2.050000000000001 -0.980673579899391
-2.100000000000001 -0.9816965014282447
-2.150000000000001 -0.9826450745025654
-2.2000000000000006 -0.9835243307259323
-2.2500000000000004 -0.9843396680812945
-2.3000000000000003 -0.9850962725248982
-2.35 -0.9857991579774261
-2.4 -0.9864529972646675
-2.4499999999999997 -0.9870620362625799
-2.4999999999999996 -0.9876302307952293
-2.5499999999999994 -0.9881612300606091
-2.599999999999999 -0.9886581872138799
-2.649999999999999 -0.9891239540335975
-2.699999999999999 -0.9895610231942873
-2.7499999999999987 -0.9899719060571355
-2.7999999999999985 -0.9903586665704023
-2.8499999999999983 -0.9907231553305349
-2.899999999999998 -0.9910670096805585
-2.949999999999998 -0.99139182128872
-2.999999999999998 -0.9916991079600362
-2.949999999999998 -0.9916709182022471
-2.899999999999998 -0.9914927082979381
-2.8499999999999983 -0.991239410866613
-2.7999999999999985 -0.9909430242746915
-2.7499999999999987 -0.9906164739944919
-2.699999999999999 -0.9902650798746211
-2.649999999999999 -0.9898904330171394
-2.599999999999999 -0.9894923808288273
-2.5499999999999994 -0.989069743703114
-2.4999999999999996 -0.9886210316438614
-2.4499999999999997 -0.9881443265488022
-2.4 -0.9876374651277874
-2.35 -0.9870978495695321
-2.3000000000000003 -0.9865226056044996
-2.2500000000000004 -0.9859087733072016
-2.2000000000000006 -0.9852528833160333
-2.150000000000001 -0.9845510833144535
-2.100000000000001 -0.9837990272140773
-2.050000000000001 -0.9829919384967232
-2.0000000000000013 -0.9821244779815775
-1.9500000000000013 -0.9811906081557054
-1.9000000000000012 -0.9801835717380809
-1.8500000000000012 -0.9790958754574381
-1.8000000000000012 -0.9779188407997066
-1.750000000000001 -0.976642713634844
-1.700000000000001 -0.9752565642508867
-1.650000000000001 -0.9737477868388581
-1.600000000000001 -0.9721022632778977
-1.550000000000001 -0.9703035487317705
-1.5000000000000009 -0.9683331190465334
-1.4500000000000008 -0.9661695755892147
-1.4000000000000008 -0.9637882944222276
-1.3500000000000008 -0.9611609493245171
-1.3000000000000007 -0.9582549510944255
-1.2500000000000007 -0.9550325431037717
-1.2000000000000006 -0.951450115736727
-1.1500000000000006 -0.9474572536756082
-1.1000000000000005 -0.9429956820081465
-1.0500000000000005 -0.9379984284194774
-1.0000000000000004 -0.932388442277758
-0.9500000000000004 -0.9260780081962633
-0.9000000000000004 -0.9189682912022484
-0.8500000000000003 -0.9109492935760947
-0.8000000000000003 -0.9019019436651929
-0.7500000000000002 -0.8917008097969761
-0.7000000000000002 -0.8802202184320849
-0.6500000000000001 -0.867343112332463
-0.6000000000000001 -0.8529738825096347
-0.55 -0.8370553731704187
-0.5 -0.8195820866592718
-0.45 -0.800594469430263
-0.4 -0.7801555854322823
-0.35000000000000003 -0.7583262267856977
-0.30000000000000004 -0.7351503822480204
-0.25000000000000006 -0.7106566484632569
-0.20000000000000007 -0.6848983840301655
-0.15000000000000008 -0.6579921930930598
-0.10000000000000007 -0.6300525662315383
-0.05000000000000007 -0.6011134167708102
-6.938893903907228e-17 -0.5711383465425464
0.04999999999999993 -0.5400549941733362
0.09999999999999994 -0.5077621171587987
0.14999999999999994 -0.4741271341848269
0.19999999999999996 -0.4389934496531934
0.24999999999999994 -0.4021809086070465
0.29999999999999993 -0.3634867239985219
0.3499999999999999 -0.3226682244254059
0.3999999999999999 -0.27943696360482634
0.4499999999999999 -0.2334164593022961
0.4999999999999999 -0.184073578162459
0.5499999999999999 -0.13075905129500123
0.6 -0.07279948657525485
0.65 -0.009192089256533606
0.7000000000000001 0.06170349768580948
0.7500000000000001 0.14255320015217382
0.8000000000000002 0.23756912422060686
0.8500000000000002 0.3512057093020204
0.9000000000000002 0.48546303464782126
0.9500000000000003 0.6298124365293852
1.0000000000000002 0.7584738947696167
1.0500000000000003 0.85088068315618
1.1000000000000003 0.9064737487948541
1.1500000000000004 0.9365650780342947
1.2000000000000004 0.9516445459285386
1.2500000000000004 0.958429808716054
1.3000000000000005 0.9612598426669848
1.3500000000000005 0.9626440396797545
1.4000000000000006 0.9634773088949984
1.4500000000000006 0.9646149762358427
1.5000000000000007 0.9659406123561619
1.5500000000000007 0.9673385580824392
1.6000000000000008 0.9687180024202461
1.6500000000000008 0.9701113251728584
1.7000000000000008 0.9715399224240483
1.7500000000000009 0.9729943399224864
1.800000000000001 0.9744284159939617
1.850000000000001 0.975816238825353
1.900000000000001 0.9771426198775633
1.950000000000001 0.9783958682451004
2.000000000000001 0.9795733303131307
2.0500000000000007 0.9806736242403885
2.1000000000000005 0.981696531611597
2.1500000000000004 0.982645082615068
2.2 0.983524330527621
2.25 0.9843396675501301
2.3 0.9850962721468327
2.3499999999999996 0.9857991576958091
2.3999999999999995 0.9864529970866294
2.4499999999999993 0.9870620361377401
2.499999999999999 0.9876302306966827
2.549999999999999 0.988161230109355
2.5999999999999988 0.9886581870843348
2.6499999999999986 0.9891239539358078
2.6999999999999984 0.9895610232065032
2.7499999999999982 0.9899719062405402
2.799999999999998 0.9903586665074022
2.849999999999998 0.9907231552612145
2.8999999999999977 0.9910670097798765
2.9499999999999975 0.9913918213776833
2.9999999999999973 0.9916991079499972