0 0.04807913067720684
0.05 0.05719140706610866
0.1 0.07507019648660618
0.15000000000000002 0.09844437715981358
0.2 0.1246307589229236
0.25 0.1523434046349855
0.3 0.18117682804568835
0.35 0.21106636066586262
0.39999999999999997 0.2420425938178309
0.44999999999999996 0.27421145112558215
0.49999999999999994 0.307746750337353
0.5499999999999999 0.3428368716083657
0.6 0.3797368365923947
0.65 0.4189148475836155
0.7000000000000001 0.46113266999185787
0.7500000000000001 0.5075889804991695
0.8000000000000002 0.5600292958225966
0.8500000000000002 0.6202808222053352
0.9000000000000002 0.6889070840745277
0.9500000000000003 0.761190661720877
1.0000000000000002 0.8261459684353265
1.0500000000000003 0.8743295410341271
1.1000000000000003 0.9052599803849457
1.1500000000000004 0.9236219643376573
1.2000000000000004 0.9347031795597726
1.2500000000000004 0.9420780537550443
1.3000000000000005 0.9473100111972347
1.3500000000000005 0.9514276567951796
1.4000000000000006 0.9549958610761148
1.4500000000000006 0.958296065435724
1.5000000000000007 0.9610869733462136
1.5500000000000007 0.9635314531861312
1.6000000000000008 0.9657892385918828
1.6500000000000008 0.9678892420864101
1.7000000000000008 0.969865254606274
1.7500000000000009 0.9717116317846922
1.800000000000001 0.9734277504796405
1.850000000000001 0.9750238757953239
1.900000000000001 0.976496322492635
1.950000000000001 0.977854265831686
2.000000000000001 0.9791107129755873
2.0500000000000007 0.9802644159204279
2.1000000000000005 0.98132563275318
2.1500000000000004 0.9823039009964463
2.2 0.9832070079047494
2.25 0.9840420384280282
2.3 0.9848152877912986
2.3499999999999996 0.9855326911323934
2.3999999999999995 0.9861994986459153
2.4499999999999993 0.9868202971329593
2.499999999999999 0.9873992140710716
2.549999999999999 0.98794012183646
2.5999999999999988 0.9884463004508494
2.6499999999999986 0.9889206959372101
2.6999999999999984 0.9893658592090138
2.7499999999999982 0.9897844050674461
2.799999999999998 0.9901784063568133
2.849999999999998 0.9905497215219863
2.8999999999999977 0.9909000241463276
2.9499999999999975 0.9912309253448189
2.9999999999999973 0.9915439707236284
2.9499999999999975 0.991514998639827
2.8999999999999977 0.9913331263753453
2.849999999999998 0.9910748260490607
2.799999999999998 0.990772602680202
2.7499999999999982 0.9904397275888539
2.6999999999999984 0.9900816078318047
2.6499999999999986 0.9896998461808951
2.5999999999999988 0.9892942382983487
2.549999999999999 0.9888635647903774
2.499999999999999 0.9884063488418323
2.4499999999999993 0.9879206819111664
2.3999999999999995 0.9874042955154324
2.3499999999999996 0.9868545805162121
2.3 0.986268658556294
2.25 0.9856434991206074
2.2 0.9849755291380334
2.1500000000000004 0.9842607827764401
2.1000000000000005 0.9834949585805631
2.0500000000000007 0.9826732542625923
2.000000000000001 0.9817902097133915
1.9500000000000008 0.9808396726274949
1.9000000000000008 0.979814796091493
1.8500000000000008 0.9787079784611044
1.8000000000000007 0.9775104988087477
1.7500000000000007 0.9762125128003477
1.7000000000000006 0.9748029704402403
1.6500000000000006 0.9732690805472094
1.6000000000000005 0.9715966759997321
1.5500000000000005 0.9697693169553226
1.5000000000000004 0.9677683663379802
1.4500000000000004 0.9655723410416259
1.4000000000000004 0.9631567986089137
1.3500000000000003 0.9604936028882752
1.3000000000000003 0.957550518105025
1.2500000000000002 0.9542903518219693
1.2000000000000002 0.9506704597775946
1.1500000000000001 0.9466419488426121
1.1 0.9421485309993683
1.05 0.9371260431279668
1.0 0.9315011795118555
0.95 0.9251909594898994
0.8999999999999999 0.9181019560988628
0.8499999999999999 0.910130305752606
0.7999999999999998 0.9011617375579624
0.7499999999999998 0.8910730410087342
0.6999999999999997 0.8797339918937253
0.6499999999999997 0.8670113113448283
0.5999999999999996 0.8527754686755002
0.5499999999999996 0.8369169925697368
0.4999999999999996 0.8193671146708231
0.4499999999999996 0.8001147063649096
0.39999999999999963 0.779212407869397
0.34999999999999964 0.7567715414495879
0.29999999999999966 0.7329351909643248
0.24999999999999967 0.7078524616248499
0.19999999999999968 0.6816670084215507
0.1499999999999997 0.6544830925497745
0.09999999999999969 0.626344794200302
0.049999999999999684 0.5972468379712984
-3.191891195797325e-16 0.5671347793490381
-0.05000000000000032 0.5359092412858552
-0.10000000000000032 0.5034412724580136
-0.15000000000000033 0.4695838990889385
-0.20000000000000034 0.4341772639915171
-0.25000000000000033 0.3970430762002296
-0.3000000000000003 0.3579821574296614
-0.3500000000000003 0.31675524849262715
-0.4000000000000003 0.27307993717389933
-0.4500000000000003 0.22660233322026202
-0.5000000000000003 0.17687456961750844
-0.5500000000000004 0.12331008876794697
-0.6000000000000004 0.06511526071793382
-0.6500000000000005 0.0011769614272957528
-0.7000000000000005 -0.07014174951822716
-0.7500000000000006 -0.15140160781820425
-0.8000000000000006 -0.24666412577363395
-0.8500000000000006 -0.3605073988513847
-0.9000000000000007 -0.49377239906673975
-0.9500000000000007 -0.6360379452548004
-1.0000000000000007 -0.7643471888995438
-1.0500000000000007 -0.8566202955942643
-1.1000000000000008 -0.9104300876095034
-1.1500000000000008 -0.9375787541706305
-1.2000000000000008 -0.9500336211295992
-1.2500000000000009 -0.9557078186243323
-1.300000000000001 -0.9586810868097349
-1.350000000000001 -0.9608536928521798
-1.400000000000001 -0.9625964032265166
-1.450000000000001 -0.9642461399170262
-1.500000000000001 -0.9655943986610018
-1.5500000000000012 -0.9668864725352511
-1.6000000000000012 -0.9682359104519366
-1.6500000000000012 -0.969601009536006
-1.7000000000000013 -0.971042714076975
-1.7500000000000013 -0.9725183684672987
-1.8000000000000014 -0.9739702777716926
-1.8500000000000014 -0.9753749595773022
-1.9000000000000015 -0.9767244464476342
-1.9500000000000015 -0.9780030219832159
-2.0000000000000013 -0.9792055732174763
-2.050000000000001 -0.980324333497867
-2.100000000000001 -0.981362952262935
-2.150000000000001 -0.9823269052772176
-2.2000000000000006 -0.9832210331774633
-2.2500000000000004 -0.9840504976993201
-2.3000000000000003 -0.9848203481545245
-2.35 -0.9855356894092829
-2.4 -0.986201248109387
-2.4499999999999997 -0.9868213076618436
-2.4999999999999996 -0.9873997945140943
-2.5499999999999994 -0.9879404502708832
-2.599999999999999 -0.9884464807929264
-2.649999999999999 -0.9889207884568533
-2.699999999999999 -0.9893659075875978
-2.7499999999999987 -0.9897844260504128
-2.7999999999999985 -0.9901784155076238
-2.8499999999999983 -0.9905497239774353
-2.899999999999998 -0.9909000234888632
-2.949999999999998 -0.9912309232100649
-2.999999999999998 -0.9915439673942004
-2.949999999999998 -0.9915149938904241
-2.899999999999998 -0.9913331218577695
-2.8499999999999983 -0.9910748238566399
-2.7999999999999985 -0.9907726022712322
-2.7499999999999987 -0.9904397281063174
-2.699999999999999 -0.990081608431575
-2.649999999999999 -0.9896998462335105
-2.599999999999999 -0.9892942408064618
-2.5499999999999994 -0.9888635651547354
-2.4999999999999996 -0.9884063478900093
-2.4499999999999997 -0.987920681962559
-2.4 -0.9874042976066782
-2.35 -0.9868545821517827
-2.3000000000000003 -0.9862686605625707
-2.2500000000000004 -0.9856435029542464
-2.2000000000000006 -0.9849755321532282
-2.150000000000001 -0.9842607844465101
-2.100000000000001 -0.9834949618329492
-2.050000000000001 -0.9826732562961903
-2.0000000000000013 -0.9817902114186741
-1.9500000000000013 -0.980839674745713
-1.9000000000000012 -0.9798148003055899
-1.8500000000000012 -0.9787079821022965
-1.8000000000000012 -0.9775105046513587
-1.750000000000001 -0.9762125187108208
-1.700000000000001 -0.9748029757047239
-1.650000000000001 -0.9732690858872213
-1.600000000000001 -0.9715966806017501
-1.550000000000001 -0.9697693231406255
-1.5000000000000009 -0.9677683728668633
-1.4500000000000008 -0.965572350830029
-1.4000000000000008 -0.9631568081234907
-1.3500000000000008 -0.9604936210388308
-1.3000000000000007 -0.9575505344184387
-1.2500000000000007 -0.9542903679437962
-1.2000000000000006 -0.9506704744176124
-1.1500000000000006 -0.9466419636197292
-1.1000000000000005 -0.9421485547018419
-1.0500000000000005 -0.9371260669930389
-1.0000000000000004 -0.9315012044671682
-0.9500000000000004 -0.9251909867591771
-0.9000000000000004 -0.9181019842259202
-0.8500000000000003 -0.9101303364384506
-0.8000000000000003 -0.9011617709195664
-0.7500000000000002 -0.8910730781132606
-0.7000000000000002 -0.8797340305644228
-0.6500000000000001 -0.8670113500664844
-0.6000000000000001 -0.8527755089858265
-0.55 -0.836917035983665
-0.5 -0.819367164549441
-0.45 -0.8001147651257088
-0.4 -0.7792124788890905
-0.35000000000000003 -0.7567716221918336
-0.30000000000000004 -0.7329352688335682
-0.25000000000000006 -0.707852523115168
-0.20000000000000007 -0.6816670347335337
-0.15000000000000008 -0.6544830723358354
-0.10000000000000007 -0.6263447535759443
-0.05000000000000007 -0.5972468055149285
-6.938893903907228e-17 -0.5671347753926765
0.04999999999999993 -0.5359092643815672
0.09999999999999994 -0.5034413216298365
0.14999999999999994 -0.469583972063613
0.19999999999999996 -0.43417735525338014
0.24999999999999994 -0.3970431814623946
0.29999999999999993 -0.3579822787546129
0.3499999999999999 -0.3167553826627093
0.3999999999999999 -0.2730800858152249
0.4499999999999999 -0.2266024995980214
0.4999999999999999 -0.1768747518314407
0.5499999999999999 -0.12331029224318509
0.6 -0.06511548703303005
0.65 -0.0011772121206797752
0.7000000000000001 0.07014146574458555
0.7500000000000001 0.15140128429062943
0.8000000000000002 0.2466637545564317
0.8500000000000002 0.3605069670395631
0.9000000000000002 0.4937718899391422
0.9500000000000003 0.6360373248809874
1.0000000000000002 0.7643463875479501
1.0500000000000003 0.8566191716130257
1.1000000000000003 0.9104283451584597
1.1500000000000004 0.9375760526444191
1.2000000000000004 0.950029530317739
1.2500000000000004 0.9557027368885389
1.3000000000000005 0.9586734859251679
1.3500000000000005 0.9608461954260411
1.4000000000000006 0.9625901794682096
1.4500000000000006 0.9642423929836865
1.5000000000000007 0.9655935120518043
1.5500000000000007 0.9668872084977956
1.6000000000000008 0.968237184048219
1.6500000000000008 0.9696043593597267
1.7000000000000008 0.9710476959028128
1.7500000000000009 0.9725231509847059
1.800000000000001 0.9739728190947108
1.850000000000001 0.9753799245082876
1.900000000000001 0.9767267167932643
1.950000000000001 0.9780064484044707
2.000000000000001 0.9792075315401435
2.0500000000000007 0.980324786336674
2.1000000000000005 0.9813630408868785
2.1500000000000004 0.9823269220785783
2.2 0.9832210367082687
2.25 0.9840504987453131
2.3 0.9848203486455496
2.3499999999999996 0.9855356896727715
2.3999999999999995 0.9862012482792072
2.4499999999999993 0.9868213077555972
2.499999999999999 0.9873997949842026
2.549999999999999 0.9879404504085274
2.5999999999999988 0.9884464808232986
2.6499999999999986 0.9889207884305155
2.6999999999999984 0.9893659075450443
2.7499999999999982 0.9897844260007855
2.799999999999998 0.9901784154546756
2.849999999999998 0.9905497239239289
2.8999999999999977 0.9909000234353168
2.9499999999999975 0.9912309231575742
2.9999999999999973 0.9915439673253462