
0 0.2608856818631354
0.05 0.2955650410940184
0.1 0.3316166537639455
0.15000000000000002 0.3693659577122813
0.2 0.4093090490662348
0.25 0.4522015116202747
0.3 0.4992436712297355
0.35 0.5522589213286364
0.39999999999999997 0.6132867259134526
0.44999999999999996 0.6831054652957059
0.49999999999999994 0.7570922430331399
0.5499999999999999 0.8239987223468562
0.6 0.8735889251599198
0.65 0.9050633413971901
0.7000000000000001 0.9237102651309981
0.7500000000000001 0.9349456729920276
0.8000000000000002 0.9423213511104808
0.8500000000000002 0.9474516027656334
0.9000000000000002 0.9515235972453991
0.9500000000000003 0.955032750511697
1.0000000000000002 0.9583400383652212
1.0500000000000003 0.9611364562932424
1.1000000000000003 0.9635676722318343
1.1500000000000004 0.9658102158420561
1.2000000000000004 0.9678912218746496
1.2500000000000004 0.9698558049448351
1.3000000000000005 0.9717154859372564
1.3500000000000005 0.973437870293182
1.4000000000000006 0.9750284537305197
1.4500000000000006 0.9765037855690185
1.5000000000000007 0.9778636869566181
1.5500000000000007 0.9791143533576735
1.6000000000000008 0.9802654140364625
1.6500000000000008 0.9813259736284338
1.7000000000000008 0.9823040658527309
1.7500000000000009 0.9832071107524061
1.800000000000001 0.9840421072401323
1.850000000000001 0.9848153393061272
1.900000000000001 0.9855327345773784
1.950000000000001 0.9861995348878934
2.000000000000001 0.9868203304837517
2.0500000000000007 0.987399240425713
2.1000000000000005 0.987940147637968
2.1500000000000004 0.9884463234499419
2.2 0.9889207151702288
2.25 0.98936588027864
2.3 0.9897844216206233
2.3499999999999996 0.9901784234585999
2.3999999999999995 0.9905497380557142
2.4499999999999993 0.9909000396144616
2.499999999999999 0.9912309409478163
2.549999999999999 0.9915439858636912
2.5999999999999988 0.991515014942028
2.6499999999999986 0.9913331448345077
2.6999999999999984 0.9910748464853396
2.7499999999999982 0.9907726241234509
2.799999999999998 0.9904397507215239
2.849999999999998 0.9900816338231673
2.8999999999999977 0.9896998732906004
2.9499999999999975 0.9892942675752648
2.9999999999999973 0.9888635943923546
2.9499999999999975 0.9884063787472018
2.8999999999999977 0.9879207150673264
2.849999999999998 0.9874043314972263
2.799999999999998 0.9868546192201731
2.7499999999999982 0.9862687008380668
2.6999999999999984 0.9856435455093477
2.6499999999999986 0.9849755782774523
2.5999999999999988 0.9842608326110143
2.549999999999999 0.9834950137544316
2.499999999999999 0.9826733127366121
2.4499999999999993 0.9817902726576028
2.3999999999999995 0.9808397410127362
2.3499999999999996 0.97981487168585
2.3 0.9787080588049328
2.25 0.977510586652703
2.2 0.9762126075442528
2.1500000000000004 0.9748030692562976
2.1000000000000005 0.9732691896886033
2.0500000000000007 0.9715967987411075
2.000000000000001 0.9697694499483175
1.9500000000000008 0.9677685105826632
1.9000000000000008 0.9655724972986388
1.8500000000000008 0.963156968285571
1.8000000000000007 0.9604937954621054
1.7500000000000007 0.9575507224237889
1.7000000000000006 0.9542905697180338
1.6500000000000006 0.950670690413273
1.6000000000000005 0.9466421935633984
1.5500000000000005 0.942148790747657
1.5000000000000004 0.937126309860422
1.4500000000000004 0.931501451242764
1.4000000000000004 0.9251912406136062
1.3500000000000003 0.9181022300830469
1.3000000000000003 0.910130577742899
1.2500000000000002 0.9011620119381688
1.2000000000000002 0.8910733464876959
1.1500000000000001 0.8797343921285817
1.1 0.8670119267969635
1.05 0.8527764937241091
1.0 0.8369186067964988
0.95 0.819369525739308
0.8999999999999999 0.8001182028927749
0.8499999999999999 0.7792174013736763
0.7999999999999998 0.7567784164661998
0.7499999999999998 0.7329441954541024
0.6999999999999997 0.7078637932836591
0.6499999999999997 0.6816810546319922
0.5999999999999996 0.6544996294404651
0.5499999999999996 0.62636181652992
0.4999999999999996 0.5972617565108395
0.4499999999999996 0.5671463334040294
0.39999999999999963 0.5359174990440424
0.34999999999999964 0.5034468659130746
0.29999999999999966 0.46958747501661513
0.24999999999999967 0.43417939024752455
0.19999999999999968 0.3970441534203056
0.1499999999999997 0.35798247123008364
0.09999999999999969 0.3167549785454395
0.049999999999999684 0.2730792070275359
-3.191891195797325e-16 0.22660122786315978
-0.05000000000000032 0.17687312790067863
-0.10000000000000032 0.12330834028892633
-0.15000000000000033 0.06511322399532102
-0.20000000000000034 0.0011746138363344625
-0.25000000000000033 -0.07014440450216138
-0.3000000000000003 -0.15140459889858232
-0.3500000000000003 -0.24666742903447125
-0.4000000000000003 -0.3605117381962845
-0.4500000000000003 -0.4937773440275634
-0.5000000000000003 -0.636042953156604
-0.5500000000000004 -0.7643511641999313
-0.6000000000000004 -0.8566222381938805
-0.6500000000000005 -0.9104309152479173
-0.7000000000000005 -0.9375785297039664
-0.7500000000000006 -0.950032508813428
-0.8000000000000006 -0.9557061405920624
-0.8500000000000006 -0.9586788538637322
-0.9000000000000007 -0.9608515639565497
-0.9500000000000007 -0.9625946272618837
-1.0000000000000007 -0.9642445296175235
-1.0500000000000007 -0.9655935885895952
-1.1000000000000008 -0.9668862190141784
-1.1500000000000008 -0.9682361172680889
-1.2000000000000008 -0.9696020076035102
-1.2500000000000009 -0.9710449840830634
-1.300000000000001 -0.9725216991589652
-1.350000000000001 -0.9739717560386948
-1.400000000000001 -0.9753777858670741
-1.450000000000001 -0.9767256361791566
-1.500000000000001 -0.9780032721496479
-1.5500000000000012 -0.9792055657406492
-1.6000000000000012 -0.9803243709627409
-1.6500000000000012 -0.981363005045102
-1.7000000000000013 -0.9823269600704544
-1.7500000000000013 -0.9832210900737012
-1.8000000000000014 -0.9840505481149686
-1.8500000000000014 -0.9848203938230333
-1.9000000000000015 -0.9855357331436134
-1.9500000000000015 -0.9862012884417147
-2.0000000000000013 -0.986821345951686
-2.050000000000001 -0.9873998286081012
-2.100000000000001 -0.9879404822181099
-2.150000000000001 -0.9884465123244521
-2.2000000000000006 -0.9889208169871729
-2.2500000000000004 -0.9893659344107177
-2.3000000000000003 -0.9897844491846387
-2.35 -0.9901784379496763
-2.4 -0.9905497461966798
-2.4499999999999997 -0.9909000446060836
-2.4999999999999996 -0.9912309434815122
-2.5499999999999994 -0.9915439868025884
-2.599999999999999 -0.9915150136557369
-2.649999999999999 -0.9913331417659914
-2.699999999999999 -0.9910748443747915
-2.7499999999999987 -0.9907726236765162
-2.7999999999999985 -0.9904397508550378
-2.8499999999999983 -0.9900816331826977
-2.899999999999998 -0.989699871346797
-2.949999999999998 -0.9892942676848956
-2.999999999999998 -0.988863593363562
-2.949999999999998 -0.9884063770865773
-2.899999999999998 -0.9879207127227805
-2.8499999999999983 -0.9874043307609415
-2.7999999999999985 -0.9868546178844763
-2.7499999999999987 -0.9862686989229533
-2.699999999999999 -0.9856435443193283
-2.649999999999999 -0.9849755764183215
-2.599999999999999 -0.984260831964309
-2.5499999999999994 -0.9834950129480006
-2.4999999999999996 -0.9826733114007508
-2.4499999999999997 -0.9817902708737256
-2.4 -0.98083973897813
-2.35 -0.9798148699370729
-2.3000000000000003 -0.9787080575434347
-2.2500000000000004 -0.9775105867844867
-2.2000000000000006 -0.9762126069746959
-2.150000000000001 -0.9748030694726921
-2.100000000000001 -0.9732691900210186
-2.050000000000001 -0.9715967973688333
-2.0000000000000013 -0.9697694497497203
-1.9500000000000013 -0.9677685109367364
-1.9000000000000012 -0.9655724976726388
-1.8500000000000012 -0.9631569685910251
-1.8000000000000012 -0.9604938000587896
-1.750000000000001 -0.9575507270412166
-1.700000000000001 -0.9542905741293969
-1.650000000000001 -0.9506706940435493
-1.600000000000001 -0.9466421969239625
-1.550000000000001 -0.9421487970137462
-1.5000000000000009 -0.9371263164073841
-1.4500000000000008 -0.9315014575711141
-1.4000000000000008 -0.9251912457431165
-1.3500000000000008 -0.9181022341607862
-1.3000000000000007 -0.9101305791264269
-1.2500000000000007 -0.901162012845392
-1.2000000000000006 -0.8910733467106109
-1.1500000000000006 -0.8797343924203728
-1.1000000000000005 -0.867011925581204
-1.0500000000000005 -0.8527764873575729
-1.0000000000000004 -0.8369186006480266
-0.9500000000000004 -0.8193695242139928
-0.9000000000000004 -0.8001182096346448
-0.8500000000000003 -0.7792174164891245
-0.8000000000000003 -0.7567784401892927
-0.7500000000000002 -0.7329442171635359
-0.7000000000000002 -0.7078638018251993
-0.6500000000000001 -0.6816810372449991
-0.6000000000000001 -0.6544995781568148
-0.55 -0.6263617470880279
-0.5 -0.5972616934499312
-0.45 -0.567146292624935
-0.4 -0.5359174809564945
-0.35000000000000003 -0.5034468689430206
-0.30000000000000004 -0.4695874977281669
-0.25000000000000006 -0.43417942572536095
-0.20000000000000007 -0.39704419993597423
-0.15000000000000008 -0.357982527319999
-0.10000000000000007 -0.31675504480460515
-0.05000000000000007 -0.27307928380003893
-6.938893903907228e-17 -0.22660131762770458
0.04999999999999993 -0.17687322609285724
0.09999999999999994 -0.12330845196981097
0.14999999999999994 -0.06511335037636105
0.19999999999999996 -0.0011747577805042797
0.24999999999999994 0.07014424023347426
0.29999999999999993 0.1514044080354731
0.3499999999999999 0.24666720845898757
0.3999999999999999 0.3605114741600947
0.4499999999999999 0.4937770278191218
0.4999999999999999 0.6360425635714728
0.5499999999999999 0.7643506612471233
0.6 0.856621555664711
0.65 0.9104299140324843
0.7000000000000001 0.9375770608681789
0.7500000000000001 0.950029932945113
0.8000000000000002 0.955702553511935
0.8500000000000002 0.9586730380766387
0.9000000000000002 0.9608454795781702
0.9500000000000003 0.9625896956642936
1.0000000000000002 0.9642417434856615
1.0500000000000003 0.9655929101344467
1.1000000000000003 0.9668866837763411
1.1500000000000004 0.9682370221044961
1.2000000000000004 0.969604500053921
1.2500000000000004 0.9710484690071695
1.3000000000000005 0.9725239987544377
1.3500000000000005 0.9739736295316246
1.4000000000000006 0.9753807462459555
1.4500000000000006 0.9767269518627212
1.5000000000000007 0.9780062993071788
1.5500000000000007 0.9792075382719306
1.6000000000000008 0.9803248343456336
1.6500000000000008 0.9813630962122646
1.7000000000000008 0.9823269774148633
1.7500000000000009 0.9832210936286866
1.800000000000001 0.9840505492773908
1.850000000000001 0.9848203943469389
1.900000000000001 0.9855357334150581
1.950000000000001 0.9862012886142572
2.000000000000001 0.9868213460505159
2.0500000000000007 0.9873998286542071
2.1000000000000005 0.9879404822171237
2.1500000000000004 0.9884465123075294
2.2 0.988920816959717
2.25 0.9893659343772331
2.3 0.9897844491474475
2.3499999999999996 0.9901784379108985
2.3999999999999995 0.9905497461573157
2.4499999999999993 0.9909000445669797