
0 0.25287834490906524
0.05 0.28783117046098705
0.1 0.3241364572759189
0.15000000000000002 0.3621108816421351
0.2 0.40223873159767226
0.25 0.4452566790903954
0.3 0.49232414169860944
0.35 0.5452832407451437
0.39999999999999997 0.6066511349772213
0.44999999999999996 0.6778885609926588
0.49999999999999994 0.7533415217844642
0.5499999999999999 0.8197742997521162
0.6 0.869623552752868
0.65 0.9023846364979065
0.7000000000000001 0.9220385181933055
0.7500000000000001 0.9341749263869238
0.8000000000000002 0.942567214229754
0.8500000000000002 0.9485487712361799
0.9000000000000002 0.9529453459981366
0.9500000000000003 0.9566448694053921
1.0000000000000002 0.9596229891244381
1.0500000000000003 0.9621701889293222
1.1000000000000003 0.964493421519856
1.1500000000000004 0.9666957221980902
1.2000000000000004 0.9687642271948089
1.2500000000000004 0.9707318890186888
1.3000000000000005 0.9725680871389198
1.3500000000000005 0.9742600620369151
1.4000000000000006 0.975825517640891
1.4500000000000006 0.9772688780507641
1.5000000000000007 0.9785995690612102
1.5500000000000007 0.9798301864989047
1.6000000000000008 0.9809592764409161
1.6500000000000008 0.9819960175683834
1.7000000000000008 0.982950155427142
1.7500000000000009 0.9838297535730266
1.800000000000001 0.9846420498781743
1.850000000000001 0.9853934407368127
1.900000000000001 0.9860897984867245
1.950000000000001 0.9867363942158327
2.000000000000001 0.9873378533750465
2.0500000000000007 0.9878982499597172
2.1000000000000005 0.9884215020768892
2.1500000000000004 0.988910835868027
2.2 0.9893690752106421
2.25 0.9897988309777045
2.3 0.9902026359545938
2.3499999999999996 0.9905825735753847
2.3999999999999995 0.9909404812173376
2.4499999999999993 0.9912779091980817
2.499999999999999 0.9915965220369416
2.549999999999999 0.9918978390945874
2.5999999999999988 0.9918702647544285
2.6499999999999986 0.9916956226337276
2.6999999999999984 0.9914473148371432
2.7499999999999982 0.9911566112405124
2.799999999999998 0.9908361920416455
2.849999999999998 0.9904913274353991
2.8999999999999977 0.9901235117744666
2.9499999999999975 0.9897325399603676
2.9999999999999973 0.9893171953452214
2.9499999999999975 0.9888760248038118
2.8999999999999977 0.9884071245682954
2.849999999999998 0.98790830676156
2.799999999999998 0.9873769391910797
2.7499999999999982 0.9868101992320668
2.6999999999999984 0.9862050683142995
2.6499999999999986 0.9855579885678736
2.5999999999999988 0.9848651591352025
2.549999999999999 0.9841221498473225
2.499999999999999 0.9833241470336435
2.4499999999999993 0.9824657748428876
2.3999999999999995 0.9815408282059692
2.3499999999999996 0.9805424400800629
2.3 0.9794629859488982
2.25 0.9782936095390139
2.2 0.9770243205852946
2.1500000000000004 0.9756439915899354
2.1000000000000005 0.9741395981280981
2.0500000000000007 0.972496628468356
2.000000000000001 0.9706981357957147
1.9500000000000008 0.9687250084142415
1.9000000000000008 0.9665551025841825
1.8500000000000008 0.9641629488721289
1.8000000000000007 0.9615191771464012
1.7500000000000007 0.9585899429384092
1.7000000000000006 0.9553360059925908
1.6500000000000006 0.9517120999946882
1.6000000000000005 0.9476656416729019
1.5500000000000005 0.9431361312524583
1.5000000000000004 0.938053618921425
1.4500000000000004 0.9323379166817103
1.4000000000000004 0.9258972793225165
1.3500000000000003 0.918627823585162
1.3000000000000003 0.9104133446748837
1.2500000000000002 0.9011266027508389
1.2000000000000002 0.8906316687307352
1.1500000000000001 0.8787898911329665
1.1 0.8654709273103909
1.05 0.8505681842825995
1.0 0.8340144661423846
0.95 0.8157924002165493
0.8999999999999999 0.7959378943202092
0.8499999999999999 0.7745321716287901
0.7999999999999998 0.7516865931535932
0.7499999999999998 0.7275298225934063
0.6999999999999997 0.7021789357417699
0.6499999999999997 0.6757032543432767
0.5999999999999996 0.6481240555560417
0.5499999999999996 0.6194440184635283
0.4999999999999996 0.5896729846249592
0.4499999999999996 0.5588262839883164
0.39999999999999963 0.5268909977890275
0.34999999999999964 0.49379882196262054
0.29999999999999966 0.45942839472862845
0.24999999999999967 0.4236243265567796
0.19999999999999968 0.3862048069394577
0.1499999999999997 0.34696682726527966
0.09999999999999969 0.3056702146823685
0.049999999999999684 0.2620352597975416
-3.191891195797325e-16 0.21571569930364629
-0.05000000000000032 0.16627502638599576
-0.10000000000000032 0.113143948840861
-0.15000000000000033 0.055552788442380055
-0.20000000000000034 -0.007578739228292452
-0.25000000000000033 -0.07783998778086677
-0.3000000000000003 -0.15770924055101884
-0.3500000000000003 -0.2512145932661068
-0.4000000000000003 -0.36421831252878323
-0.4500000000000003 -0.4985879787348969
-0.5000000000000003 -0.639788817873599
-0.5500000000000004 -0.7633039850626454
-0.6000000000000004 -0.8528879451930589
-0.6500000000000005 -0.9072736948991597
-0.7000000000000005 -0.9355169375646225
-0.7500000000000006 -0.9494937318796222
-0.8000000000000006 -0.9573502849423275
-0.8500000000000006 -0.961591057015138
-0.9000000000000007 -0.9637260783276189
-0.9500000000000007 -0.9652037381354183
-1.0000000000000007 -0.9661026672774431
-1.0500000000000007 -0.9669484629598684
-1.1000000000000008 -0.967933952670657
-1.1500000000000008 -0.9691534430071269
-1.2000000000000008 -0.9704914477772958
-1.2500000000000009 -0.9719012119702741
-1.300000000000001 -0.9733439952349484
-1.350000000000001 -0.9747718403021193
-1.400000000000001 -0.9761580925593484
-1.450000000000001 -0.9774829950340721
-1.500000000000001 -0.9787410064373077
-1.5500000000000012 -0.9799179563206563
-1.6000000000000012 -0.9810123209170144
-1.6500000000000012 -0.9820280331371046
-1.7000000000000013 -0.9829693827247968
-1.7500000000000013 -0.9838411686249471
-1.8000000000000014 -0.9846487034977025
-1.8500000000000014 -0.9853972183971785
-1.9000000000000015 -0.9860918956082724
-1.9500000000000015 -0.9867377259019089
-2.0000000000000013 -0.9873386435630718
-2.050000000000001 -0.9878987079491458
-2.100000000000001 -0.9884217613937731
-2.150000000000001 -0.9889109809170508
-2.2000000000000006 -0.9893691553698423
-2.2500000000000004 -0.9897988777486888
-2.3000000000000003 -0.9902026632454509
-2.35 -0.9905825870906085
-2.4 -0.9909404873059318
-2.4499999999999997 -0.9912779129505129
-2.4999999999999996 -0.9915965239573243
-2.5499999999999994 -0.9918978382647724
-2.599999999999999 -0.9918702658794473
-2.649999999999999 -0.9916956242394368
-2.699999999999999 -0.9914473147783488
-2.7499999999999987 -0.9911566107035283
-2.7999999999999985 -0.9908361895418616
-2.8499999999999983 -0.9904913258522765
-2.899999999999998 -0.9901235113731666
-2.949999999999998 -0.9897325394921213
-2.999999999999998 -0.9893171940589454
-2.949999999999998 -0.9888760235040832
-2.899999999999998 -0.9884071220868071
-2.8499999999999983 -0.9879083056908802
-2.7999999999999985 -0.9873769388942223
-2.7499999999999987 -0.986810200820174
-2.699999999999999 -0.9862050687898539
-2.649999999999999 -0.9855579901630861
-2.599999999999999 -0.9848651589122364
-2.5499999999999994 -0.9841221497172525
-2.4999999999999996 -0.9833241474788816
-2.4499999999999997 -0.9824657746881726
-2.4 -0.981540826844606
-2.35 -0.9805424399030398
-2.3000000000000003 -0.9794629861328555
-2.2500000000000004 -0.9782936099485661
-2.2000000000000006 -0.9770243202788166
-2.150000000000001 -0.9756439903559816
-2.100000000000001 -0.974139600638283
-2.050000000000001 -0.9724966303337942
-2.0000000000000013 -0.9706981366807472
-1.9500000000000013 -0.9687250119478887
-1.9000000000000012 -0.9665551054411377
-1.8500000000000012 -0.9641629483347326
-1.8000000000000012 -0.9615191796698441
-1.750000000000001 -0.9585899464623694
-1.700000000000001 -0.9553360100747283
-1.650000000000001 -0.9517121039925214
-1.600000000000001 -0.9476656467917767
-1.550000000000001 -0.9431361359768924
-1.5000000000000009 -0.9380536261479163
-1.4500000000000008 -0.9323379237883997
-1.4000000000000008 -0.9258972870385802
-1.3500000000000008 -0.9186278234440169
-1.3000000000000007 -0.9104133437656174
-1.2500000000000007 -0.9011266018516947
-1.2000000000000006 -0.890631664484217
-1.1500000000000006 -0.8787898855669982
-1.1000000000000005 -0.865470917536774
-1.0500000000000005 -0.8505681675212684
-1.0000000000000004 -0.8340144420943053
-0.9500000000000004 -0.8157923667230893
-0.9000000000000004 -0.7959378467889381
-0.8500000000000003 -0.7745321090278493
-0.8000000000000003 -0.7516865236000202
-0.7500000000000002 -0.7275297507938083
-0.7000000000000002 -0.7021788704549392
-0.6500000000000001 -0.6757032093157408
-0.6000000000000001 -0.6481240312008724
-0.55 -0.6194440209289745
-0.5 -0.5896730082488004
-0.45 -0.5588263232447402
-0.4 -0.5268910425750065
-0.35000000000000003 -0.4937988717055706
-0.30000000000000004 -0.45942844840843605
-0.25000000000000006 -0.42362438805921204
-0.20000000000000007 -0.38620486924322894
-0.15000000000000008 -0.3469668988728232
-0.10000000000000007 -0.305670290467338
-0.05000000000000007 -0.26203534217330193
-6.938893903907228e-17 -0.21571579028944954
0.04999999999999993 -0.16627513118298712
0.09999999999999994 -0.11314406705443614
0.14999999999999994 -0.055552921862553145
0.19999999999999996 0.0075785879904356175
0.24999999999999994 0.07783981286464696
0.29999999999999993 0.15770904288987558
0.3499999999999999 0.25121436449517975
0.3999999999999999 0.36421804443544514
0.4499999999999999 0.49858765800745597
0.4999999999999999 0.6397884229100793
0.5499999999999999 0.7633034725844358
0.6 0.852887210975149
0.65 0.9072726166200428
0.7000000000000001 0.935515334507075
0.7500000000000001 0.949490743005271
0.8000000000000002 0.9573464269330523
0.8500000000000002 0.961586462056136
0.9000000000000002 0.9637210733742769
0.9500000000000003 0.965200078580233
1.0000000000000002 0.9661008540691016
1.0500000000000003 0.9669479670638457
1.1000000000000003 0.9679348875673759
1.1500000000000004 0.9691556116345185
1.2000000000000004 0.9704931790633835
1.2500000000000004 0.9719026015457155
1.3000000000000005 0.9733445163020413
1.3500000000000005 0.974772097274233
1.4000000000000006 0.9761585477834418
1.4500000000000006 0.9774852500031866
1.5000000000000007 0.9787430711763658
1.5500000000000007 0.9799184704850437
1.6000000000000008 0.9810124234526733
1.6500000000000008 0.9820280512828868
1.7000000000000008 0.9829693849839579
1.7500000000000009 0.9838411681594301
1.800000000000001 0.9846487023650878
1.850000000000001 0.9853972147057118
1.900000000000001 0.9860918665199165
1.950000000000001 0.9867377306981993
2.000000000000001 0.9873386445802028
2.0500000000000007 0.9878987081498559
2.1000000000000005 0.98842176148624
2.1500000000000004 0.9889109809720106
2.2 0.9893691553959335
2.25 0.9897988778926585
2.3 0.9902026632949366
2.3499999999999996 0.9905825870988291
2.3999999999999995 0.9909404876370517
2.4499999999999993 0.9912779130662025