0 -0.012081641872553447
0.05 0.0023564039673888257
0.1 0.026893414361011708
0.15000000000000002 0.05758412268728033
0.2 0.09083883076845747
0.25 0.12484909288428364
0.3 0.15894563958065064
0.35 0.19294543901015412
0.39999999999999997 0.22702379744971268
0.44999999999999996 0.26152080449352283
0.49999999999999994 0.29681206516072317
0.5499999999999999 0.33329917852041974
0.6 0.37141304084244353
0.65 0.4116729766379939
0.7000000000000001 0.45483123788687335
0.7500000000000001 0.5020696877347828
0.8000000000000002 0.5552761321261828
0.8500000000000002 0.6164537427319623
0.9000000000000002 0.6862655287012563
0.9500000000000003 0.7605440584596429
1.0000000000000002 0.8270334347388627
1.0500000000000003 0.8756040979072595
1.1000000000000003 0.9067953957593647
1.1500000000000004 0.9253384857814878
1.2000000000000004 0.9364737111054163
1.2500000000000004 0.9437060455766287
1.3000000000000005 0.9486820225725575
1.3500000000000005 0.9524658988540979
1.4000000000000006 0.9556144318610006
1.4500000000000006 0.9584110737226011
1.5000000000000007 0.9610455580415591
1.5500000000000007 0.9635289142911951
1.6000000000000008 0.9658435115744959
1.6500000000000008 0.9680171790571018
1.7000000000000008 0.9700276405137691
1.7500000000000009 0.9719076683229542
1.800000000000001 0.9736446086518117
1.850000000000001 0.9752423994572451
1.900000000000001 0.9767137716990282
1.950000000000001 0.9780681267700143
2.000000000000001 0.9793141206044136
2.0500000000000007 0.980460325047092
2.1000000000000005 0.9815152510748052
2.1500000000000004 0.9824871519145149
2.2 0.9833837923892905
2.25 0.9842123376843129
2.3 0.984979233369645
2.3499999999999996 0.9856904750300954
2.3999999999999995 0.9863513327726033
2.4499999999999993 0.986966448067463
2.499999999999999 0.9875399176944702
2.549999999999999 0.988075656704117
2.5999999999999988 0.9885769211678848
2.6499999999999986 0.9890466324298385
2.6999999999999984 0.9894873655213438
2.7499999999999982 0.9899016617639829
2.799999999999998 0.9902915821738709
2.849999999999998 0.9906590121347374
2.8999999999999977 0.9910056364677093
2.9499999999999975 0.9913330270570421
2.9999999999999973 0.9916427438472651
2.9499999999999975 0.9916166373074627
2.8999999999999977 0.9914392673533612
2.849999999999998 0.9911856442904237
2.799999999999998 0.990888167275266
2.7499999999999982 0.9905600239110728
2.6999999999999984 0.9902067079193834
2.6499999999999986 0.9898299175163767
2.5999999999999988 0.9894295382329621
2.549999999999999 0.9890043675469873
2.499999999999999 0.9885529763302727
2.4499999999999993 0.9880734477632165
2.3999999999999995 0.9875635393924399
2.3499999999999996 0.9870207359731771
2.3 0.9864421365645264
2.25 0.9858247541801213
2.2 0.9851651018577692
2.1500000000000004 0.9844593114351439
2.1000000000000005 0.9837029684563349
2.0500000000000007 0.9828914193039944
2.000000000000001 0.9820192618540606
1.9500000000000008 0.9810804417689527
1.9000000000000008 0.9800681897971222
1.8500000000000008 0.9789749433345831
1.8000000000000007 0.9777920932474022
1.7500000000000007 0.9765099282527615
1.7000000000000006 0.9751174974929593
1.6500000000000006 0.973602234946285
1.6000000000000005 0.9719500058832513
1.5500000000000005 0.9701445087616121
1.5000000000000004 0.9681672666884488
1.4500000000000004 0.9659970654161933
1.4000000000000004 0.963609395418409
1.3500000000000003 0.9609763335643379
1.3000000000000003 0.9580656077548173
1.2500000000000002 0.9548399140947643
1.2000000000000002 0.9512563149552309
1.1500000000000001 0.9472652783949209
1.1 0.942809707682661
1.05 0.9378239157459071
1.0 0.9322325415986534
0.95 0.9259498760082063
0.8999999999999999 0.9188789957331698
0.8499999999999999 0.9109119141045191
0.7999999999999998 0.901930501758043
0.7499999999999998 0.89180912228378
0.6999999999999997 0.8804197971200634
0.6499999999999997 0.8676407206851584
0.5999999999999996 0.8533676524499336
0.5499999999999996 0.8375254221843763
0.4999999999999996 0.8200752098078782
0.4499999999999996 0.8010167219564811
0.39999999999999963 0.7803864350864469
0.34999999999999964 0.7582526238695846
0.29999999999999966 0.7346963864370083
0.24999999999999967 0.7097773099067078
0.19999999999999968 0.6835572513644913
0.1499999999999997 0.6561430769496741
0.09999999999999969 0.6276217654649634
0.049999999999999684 0.598035104032624
-3.191891195797325e-16 0.5673855630917942
-0.05000000000000032 0.5356391882444144
-0.10000000000000032 0.5027250416959892
-0.15000000000000033 0.4685270686769366
-0.20000000000000034 0.4328898179040409
-0.25000000000000033 0.39562583227862924
-0.3000000000000003 0.3565234617620397
-0.3500000000000003 0.3153337048505025
-0.4000000000000003 0.2717691953693711
-0.4500000000000003 0.2254767761098154
-0.5000000000000003 0.17601449330253924
-0.5500000000000004 0.12280919927992878
-0.6000000000000004 0.06508993006170062
-0.6500000000000005 0.0017825512495864915
-0.7000000000000005 -0.06868239035838483
-0.7500000000000006 -0.1487366968171204
-0.8000000000000006 -0.24231198006845128
-0.8500000000000006 -0.35445442224389556
-0.9000000000000007 -0.4870237703426438
-0.9500000000000007 -0.6300306113160452
-1.0000000000000007 -0.7588511133337423
-1.0500000000000007 -0.852278798888637
-1.1000000000000008 -0.9084389654068022
-1.1500000000000008 -0.9374964862754179
-1.2000000000000008 -0.9516419579513455
-1.2500000000000009 -0.9583887158855021
-1.300000000000001 -0.9615354739382324
-1.350000000000001 -0.9628870442356785
-1.400000000000001 -0.9637121761555195
-1.450000000000001 -0.9646887514129617
-1.500000000000001 -0.9658843333838294
-1.5500000000000012 -0.9671797438481603
-1.6000000000000012 -0.9684915940277672
-1.6500000000000012 -0.9698802751031677
-1.7000000000000013 -0.9713000097064892
-1.7500000000000013 -0.9727439714930174
-1.8000000000000014 -0.9741795156910741
-1.8500000000000014 -0.9755861807184634
-1.9000000000000015 -0.9769410247564628
-1.9500000000000015 -0.9782115391140784
-2.0000000000000013 -0.9793995789832688
-2.050000000000001 -0.9805101488473538
-2.100000000000001 -0.9815452603715753
-2.150000000000001 -0.9825076318698456
-2.2000000000000006 -0.9833984028635728
-2.2500000000000004 -0.9842216339945654
-2.3000000000000003 -0.9849848791025908
-2.35 -0.9856938342422965
-2.4 -0.9863533042401526
-2.4499999999999997 -0.9869675834819704
-2.4999999999999996 -0.987540566563916
-2.5499999999999994 -0.9880760203445792
-2.599999999999999 -0.9885771236037707
-2.649999999999999 -0.9890467407813552
-2.699999999999999 -0.9894874222092344
-2.7499999999999987 -0.9899016910823479
-2.7999999999999985 -0.9902915943652607
-2.8499999999999983 -0.9906590150537358
-2.899999999999998 -0.9910056353643427
-2.949999999999998 -0.9913330239745574
-2.999999999999998 -0.9916427403743888
-2.949999999999998 -0.9916166349732314
-2.899999999999998 -0.9914392662582149
-2.8499999999999983 -0.9911856441063437
-2.7999999999999985 -0.9908881669438018
-2.7499999999999987 -0.9905600237607489
-2.699999999999999 -0.9902067066711658
-2.649999999999999 -0.9898299170877871
-2.599999999999999 -0.9894295381244179
-2.5499999999999994 -0.9890043671861819
-2.4999999999999996 -0.9885529782454472
-2.4499999999999997 -0.9880734504675593
-2.4 -0.9875635406702186
-2.35 -0.9870207354694103
-2.3000000000000003 -0.986442137149237
-2.2500000000000004 -0.9858247566286106
-2.2000000000000006 -0.9851651022174382
-2.150000000000001 -0.9844593115287499
-2.100000000000001 -0.9837029692839047
-2.050000000000001 -0.9828914200425971
-2.0000000000000013 -0.9820192638011184
-1.9500000000000013 -0.9810804454321449
-1.9000000000000012 -0.9800681928236534
-1.8500000000000012 -0.9789749457599414
-1.8000000000000012 -0.9777920959123955
-1.750000000000001 -0.9765099322858288
-1.700000000000001 -0.975117501941922
-1.650000000000001 -0.9736022388154919
-1.600000000000001 -0.9719500100725377
-1.550000000000001 -0.9701445149333114
-1.5000000000000009 -0.9681672721459444
-1.4500000000000008 -0.9659970725888377
-1.4000000000000008 -0.9636094039406252
-1.3500000000000008 -0.960976339390879
-1.3000000000000007 -0.9580656149297102
-1.2500000000000007 -0.9548399219045829
-1.2000000000000006 -0.9512563234379012
-1.1500000000000006 -0.9472652886913029
-1.1000000000000005 -0.9428097178758422
-1.0500000000000005 -0.9378239244196289
-1.0000000000000004 -0.9322325501804958
-0.9500000000000004 -0.9259498866919467
-0.9000000000000004 -0.9188790094611369
-0.8500000000000003 -0.9109119276404237
-0.8000000000000003 -0.9019305177050395
-0.7500000000000002 -0.8918091390842146
-0.7000000000000002 -0.8804198153246181
-0.6500000000000001 -0.8676407380843599
-0.6000000000000001 -0.8533676677370542
-0.55 -0.8375254362497192
-0.5 -0.8200752223267497
-0.45 -0.8010167315909624
-0.4 -0.7803864431217954
-0.35000000000000003 -0.7582526356112679
-0.30000000000000004 -0.7346964098105286
-0.25000000000000006 -0.7097773507246335
-0.20000000000000007 -0.683557308295839
-0.15000000000000008 -0.6561431504279767
-0.10000000000000007 -0.6276218616786536
-0.05000000000000007 -0.5980352289614536
-6.938893903907228e-17 -0.5673857147893259
0.04999999999999993 -0.5356393575046048
0.09999999999999994 -0.5027252110363761
0.14999999999999994 -0.4685272315095828
0.19999999999999996 -0.43288997558995573
0.24999999999999994 -0.39562598708663055
0.29999999999999993 -0.3565236208521144
0.3499999999999999 -0.31533386773767236
0.3999999999999999 -0.27176936506459676
0.4499999999999999 -0.2254769587806037
0.4999999999999999 -0.17601469132317532
0.5499999999999999 -0.1228094150426979
0.6 -0.06509016546314447
0.65 -0.001782809665167046
0.7000000000000001 0.06868210287181574
0.7500000000000001 0.14873637685726596
0.8000000000000002 0.242311620871645
0.8500000000000002 0.3544540125908599
0.9000000000000002 0.48702329413126194
0.9500000000000003 0.6300300351475953
1.0000000000000002 0.7588503797301431
1.0500000000000003 0.852277771666818
1.1000000000000003 0.9084373531850581
1.1500000000000004 0.9374936938023537
1.2000000000000004 0.9516381590196545
1.2500000000000004 0.9583833156329162
1.3000000000000005 0.9615303851662013
1.3500000000000005 0.9628827706540565
1.4000000000000006 0.9637088719193081
1.4500000000000006 0.9646873672395632
1.5000000000000007 0.9658860876196845
1.5500000000000007 0.9671859896809707
1.6000000000000008 0.9685099174033256
1.6500000000000008 0.9699080269160186
1.7000000000000008 0.9713334321701554
1.7500000000000009 0.9727841995432724
1.800000000000001 0.9742180695287912
1.850000000000001 0.9756167047136116
1.900000000000001 0.9769628322364567
1.950000000000001 0.978231593676769
2.000000000000001 0.9794190050527438
2.0500000000000007 0.9805272183361977
2.1000000000000005 0.9815571021639623
2.1500000000000004 0.9825129907523703
2.2 0.9833995647622975
2.25 0.9842218545855661
2.3 0.9849849223628883
2.3499999999999996 0.985693844654158
2.3999999999999995 0.9863533076217834
2.4499999999999993 0.9869675841056994
2.499999999999999 0.9875405668948534
2.549999999999999 0.9880760206180673
2.5999999999999988 0.9885771237199023
2.6499999999999986 0.9890467408096696
2.6999999999999984 0.9894874221900094
2.7499999999999982 0.9899016910252781
2.799999999999998 0.9902915943002208
2.849999999999998 0.9906590150686565
2.8999999999999977 0.9910056353264941
2.9499999999999975 0.9913330239173862
2.9999999999999973 0.9916427403078307