0 -0.016147919300296326
0.05 -0.00375000023303066
0.1 0.017923923559910567
0.15000000000000002 0.04586131665453123
0.2 0.07702499867160094
0.25 0.1094717232837692
0.3 0.1423983909132324
0.35 0.17559171000058538
0.39999999999999997 0.20913818386211042
0.44999999999999996 0.24330893873495557
0.49999999999999994 0.27846560360979644
0.5499999999999999 0.31496980455196893
0.6 0.3532200857341259
0.65 0.3937428615790549
0.7000000000000001 0.43728248116123797
0.7500000000000001 0.4849445954303074
0.8000000000000002 0.538447874271648
0.8500000000000002 0.6002733715958539
0.9000000000000002 0.6717802690891672
0.9500000000000003 0.7479656875972865
1.0000000000000002 0.8177268693108222
1.0500000000000003 0.8704164283040032
1.1000000000000003 0.9037982191069704
1.1500000000000004 0.9232167749957321
1.2000000000000004 0.9347615268296326
1.2500000000000004 0.942226406499175
1.3000000000000005 0.9475263812885328
1.3500000000000005 0.9516066644106416
1.4000000000000006 0.9549061020375688
1.4500000000000006 0.9578631238618284
1.5000000000000007 0.9606185681104297
1.5500000000000007 0.9631844683638073
1.6000000000000008 0.9655582189087146
1.6500000000000008 0.9677579239651928
1.7000000000000008 0.969784112935657
1.7500000000000009 0.9716516153895184
1.800000000000001 0.973379980918194
1.850000000000001 0.9749801919437985
1.900000000000001 0.9764554477915199
1.950000000000001 0.9778150003581195
2.000000000000001 0.9790670356215736
2.0500000000000007 0.9802197414290197
2.1000000000000005 0.9812813965207187
2.1500000000000004 0.9822600868682628
2.2 0.9831634619300945
2.25 0.9839986275271303
2.3 0.9847719732974096
2.3499999999999996 0.9854894562558295
2.3999999999999995 0.9861563597302536
2.4499999999999993 0.9867772930670943
2.499999999999999 0.9873564173859947
2.549999999999999 0.9878976093941463
2.5999999999999988 0.9884041297473108
2.6499999999999986 0.9888788870276327
2.6999999999999984 0.9893244945589114
2.7499999999999982 0.9897435180055375
2.799999999999998 0.9901379982223814
2.849999999999998 0.990509811435114
2.8999999999999977 0.9908606587591379
2.9499999999999975 0.991192111771817
2.9999999999999973 0.9915057311484312
2.9499999999999975 0.9914802565209296
2.8999999999999977 0.9913014286819162
2.849999999999998 0.9910452273722155
2.799999999999998 0.9907444744915181
2.7499999999999982 0.9904126380991175
2.6999999999999984 0.9900553760425518
2.6499999999999986 0.9896744681294601
2.5999999999999988 0.9892697854870196
2.549999999999999 0.9888401695897826
2.499999999999999 0.9883841524140261
2.4499999999999993 0.9878998594382171
2.3999999999999995 0.9873850949298366
2.3499999999999996 0.9868372951886396
2.3 0.9862535749190564
2.25 0.9856309336812994
2.2 0.9849658938128482
2.1500000000000004 0.9842546245709942
2.1000000000000005 0.9834927391739551
2.0500000000000007 0.9826755589951154
2.000000000000001 0.9817977056029565
1.9500000000000008 0.9808531702876079
1.9000000000000008 0.9798351846068529
1.8500000000000008 0.9787362879346851
1.8000000000000007 0.9775478400617296
1.7500000000000007 0.9762602495007123
1.7000000000000006 0.9748626469145332
1.6500000000000006 0.9733424444325873
1.6000000000000005 0.9716856982588954
1.5500000000000005 0.9698761759301668
1.5000000000000004 0.9678955595445304
1.4500000000000004 0.9657227689756127
1.4000000000000004 0.9633336193361708
1.3500000000000003 0.9607003440629658
1.3000000000000003 0.9577908547356093
1.2500000000000002 0.9545684258595392
1.2000000000000002 0.950990550991474
1.1500000000000001 0.9470082949778582
1.1 0.9425655119814372
1.05 0.937597632379108
1.0 0.9320309913044181
0.95 0.9257822681105509
0.8999999999999999 0.9187578489190835
0.8499999999999999 0.9108544439351284
0.7999999999999998 0.9019599259648325
0.7499999999999998 0.8919564515921495
0.6999999999999997 0.8807242587788066
0.6499999999999997 0.8681477670491585
0.5999999999999996 0.8541229368250042
0.5499999999999996 0.8385653602533456
0.4999999999999996 0.8214179528840079
0.4499999999999996 0.8026569430328291
0.39999999999999963 0.7822956676837574
0.34999999999999964 0.7603875722999914
0.29999999999999966 0.7370250285824905
0.24999999999999967 0.7123267805878378
0.19999999999999968 0.686413615215843
0.1499999999999997 0.6593810025640098
0.09999999999999969 0.6312815041850478
0.049999999999999684 0.6021184159290457
-3.191891195797325e-16 0.571849961210097
-0.05000000000000032 0.5404001719443716
-0.10000000000000032 0.5076728996595855
-0.15000000000000033 0.4735676358120459
-0.20000000000000034 0.43797204971598164
-0.25000000000000033 0.40073199507737073
-0.3000000000000003 0.36164763789851895
-0.3500000000000003 0.32046925625744305
-0.4000000000000003 0.2769052855890395
-0.4500000000000003 0.23059755555416106
-0.5000000000000003 0.18110096797644318
-0.5500000000000004 0.1278417210239629
-0.6000000000000004 0.07005346273739146
-0.6500000000000005 0.006677056002624903
-0.7000000000000005 -0.06381454155467192
-0.7500000000000006 -0.14373733675245842
-0.8000000000000006 -0.236736951194475
-0.8500000000000006 -0.34775492593573076
-0.9000000000000007 -0.4796278565552798
-0.9500000000000007 -0.6227011563344083
-1.0000000000000007 -0.753352622044738
-1.0500000000000007 -0.8491594541890854
-1.1000000000000008 -0.906064423780244
-1.1500000000000008 -0.9353628851077366
-1.2000000000000008 -0.9495417157819559
-1.2500000000000009 -0.956448399510735
-1.300000000000001 -0.9599859916673613
-1.350000000000001 -0.9619917640640464
-1.400000000000001 -0.9632942204768712
-1.450000000000001 -0.9644294756377411
-1.500000000000001 -0.9656203752725238
-1.5500000000000012 -0.9669069732156046
-1.6000000000000012 -0.968257161384488
-1.6500000000000012 -0.9696547009309691
-1.7000000000000013 -0.9710762689100145
-1.7500000000000013 -0.9725230720951304
-1.8000000000000014 -0.9739624240613701
-1.8500000000000014 -0.9753608665968481
-1.9000000000000015 -0.9767054033058497
-1.9500000000000015 -0.9779801556872768
-2.0000000000000013 -0.9791746514976958
-2.050000000000001 -0.9802881474159442
-2.100000000000001 -0.981324865074682
-2.150000000000001 -0.9822870580560452
-2.2000000000000006 -0.9831799829772764
-2.2500000000000004 -0.9840086279842695
-2.3000000000000003 -0.984777977777528
-2.35 -0.9854930210252568
-2.4 -0.9861584497499633
-2.4499999999999997 -0.9867785065215438
-2.4999999999999996 -0.9873571163465242
-2.5499999999999994 -0.9878980069414768
-2.599999999999999 -0.9884043499757424
-2.649999999999999 -0.9888790060588837
-2.699999999999999 -0.9893245576051536
-2.7499999999999987 -0.9897435501679321
-2.7999999999999985 -0.9901380123881459
-2.8499999999999983 -0.9905098168314861
-2.899999999999998 -0.9908606577742807
-2.949999999999998 -0.9911921082533917
-2.999999999999998 -0.9915057252599514
-2.949999999999998 -0.9914802539883621
-2.899999999999998 -0.9913014277065338
-2.8499999999999983 -0.9910452282112833
-2.7999999999999985 -0.9907444750987245
-2.7499999999999987 -0.9904126379129947
-2.699999999999999 -0.9900553757047256
-2.649999999999999 -0.9896744673437662
-2.599999999999999 -0.9892697854666606
-2.5499999999999994 -0.9888401700206069
-2.4999999999999996 -0.9883841521460207
-2.4499999999999997 -0.9878998594777604
-2.4 -0.9873850953787626
-2.35 -0.986837297468593
-2.3000000000000003 -0.986253576225284
-2.2500000000000004 -0.985630937023747
-2.2000000000000006 -0.984965896251381
-2.150000000000001 -0.9842546266022207
-2.100000000000001 -0.9834927408794027
-2.050000000000001 -0.982675562717637
-2.0000000000000013 -0.981797708460222
-1.9500000000000013 -0.9808531708896955
-1.9000000000000012 -0.9798351864224193
-1.8500000000000012 -0.9787362924063406
-1.8000000000000012 -0.9775478477958084
-1.750000000000001 -0.9762602571124253
-1.700000000000001 -0.9748626532069814
-1.650000000000001 -0.9733424522246809
-1.600000000000001 -0.9716857052802428
-1.550000000000001 -0.9698761815510414
-1.5000000000000009 -0.9678955693867155
-1.4500000000000008 -0.9657227795848401
-1.4000000000000008 -0.963333629101426
-1.3500000000000008 -0.9607003564789461
-1.3000000000000007 -0.9577908689158597
-1.2500000000000007 -0.9545684400552559
-1.2000000000000006 -0.9509905660747916
-1.1500000000000006 -0.9470083116062452
-1.1000000000000005 -0.9425655325129831
-1.0500000000000005 -0.9375976531434116
-1.0000000000000004 -0.9320310145290218
-0.9500000000000004 -0.9257822912439769
-0.9000000000000004 -0.9187578769955629
-0.8500000000000003 -0.9108544779192612
-0.8000000000000003 -0.9019599620292338
-0.7500000000000002 -0.891956489298935
-0.7000000000000002 -0.8807243008520673
-0.6500000000000001 -0.8681478132228779
-0.6000000000000001 -0.8541229914930817
-0.55 -0.8385654148932791
-0.5 -0.8214180065424326
-0.45 -0.8026569966978233
-0.4 -0.7822957201716548
-0.35000000000000003 -0.7603876236321601
-0.30000000000000004 -0.7370250817065688
-0.25000000000000006 -0.712326837138698
-0.20000000000000007 -0.6864136762456244
-0.15000000000000008 -0.6593810683356541
-0.10000000000000007 -0.6312815783879064
-0.05000000000000007 -0.6021185040462023
-6.938893903907228e-17 -0.5718500820457899
0.04999999999999993 -0.5404003483832824
0.09999999999999994 -0.5076731251322841
0.14999999999999994 -0.4735678771169881
0.19999999999999996 -0.4379722830108756
0.24999999999999994 -0.40073221218840543
0.29999999999999993 -0.36164784238859565
0.3499999999999999 -0.3204694579934715
0.3999999999999999 -0.276905487712703
0.4499999999999999 -0.23059776502100554
0.4999999999999999 -0.18110118887413007
0.5499999999999999 -0.12784195761985415
0.6 -0.0700537204724312
0.65 -0.006677337218276953
0.7000000000000001 0.06381423028315729
0.7500000000000001 0.14373698824406733
0.8000000000000002 0.23673655588042705
0.8500000000000002 0.34775447136019694
0.9000000000000002 0.47962732476234743
0.9500000000000003 0.6227005166992572
1.0000000000000002 0.7533518187984433
1.0500000000000003 0.8491583593627726
1.1000000000000003 0.9060627492694204
1.1500000000000004 0.935360123971294
1.2000000000000004 0.9495372279263058
1.2500000000000004 0.9564421659952862
1.3000000000000005 0.9599790069361445
1.3500000000000005 0.961985637761625
1.4000000000000006 0.9632896875545696
1.4500000000000006 0.9644270627631564
1.5000000000000007 0.965620175970173
1.5500000000000007 0.9669098280228758
1.6000000000000008 0.9682634430867249
1.6500000000000008 0.9696639586907779
1.7000000000000008 0.9710933661299613
1.7500000000000009 0.9725478642676789
1.800000000000001 0.9739853685604198
1.850000000000001 0.9753790435478461
1.900000000000001 0.9767158510820662
1.950000000000001 0.9779833813196653
2.000000000000001 0.9791754201011529
2.0500000000000007 0.9802883294593205
2.1000000000000005 0.9813248931191916
2.1500000000000004 0.9822870702839922
2.2 0.9831799891227655
2.25 0.9840086309438261
2.3 0.9847779794348563
2.3499999999999996 0.9854930218952426
2.3999999999999995 0.9861584501926928
2.4499999999999993 0.9867785066828638
2.499999999999999 0.9873571164042686
2.549999999999999 0.987898006931024
2.5999999999999988 0.9884043499435373
2.6499999999999986 0.9888790060067777
2.6999999999999984 0.9893245575418876
2.7499999999999982 0.9897435500399054
2.799999999999998 0.9901380122935514
2.849999999999998 0.9905098167866551
2.8999999999999977 0.9908606577509658
2.9499999999999975 0.9911921082090724
2.9999999999999973 0.9915057252079803