0 -0.008605685239300415
0.05 0.004501838296471248
0.1 0.026256954170905542
0.15000000000000002 0.053108348278525765
0.2 0.08243197397868171
0.25 0.11294265015111178
0.3 0.14414098709757164
0.35 0.17589423086267164
0.39999999999999997 0.20831819032932647
0.44999999999999996 0.24161651063555578
0.49999999999999994 0.2760553016874476
0.5499999999999999 0.31194033895935985
0.6 0.3496814930206881
0.65 0.38984126994551355
0.7000000000000001 0.43318834781013194
0.7500000000000001 0.4808918921711761
0.8000000000000002 0.5348367738892874
0.8500000000000002 0.5974442831917501
0.9000000000000002 0.6702294852856017
0.9500000000000003 0.748723297082769
1.0000000000000002 0.8196916739517789
1.0500000000000003 0.8718673622489381
1.1000000000000003 0.9046306320138601
1.1500000000000004 0.9242726179901373
1.2000000000000004 0.9363438629602169
1.2500000000000004 0.9440034687839047
1.3000000000000005 0.9491072686201
1.3500000000000005 0.953025605718868
1.4000000000000006 0.9561821762276757
1.4500000000000006 0.9589996685290275
1.5000000000000007 0.9615383911022974
1.5500000000000007 0.9638572146355354
1.6000000000000008 0.9660622878158108
1.6500000000000008 0.9681617642594578
1.7000000000000008 0.9701431396998793
1.7500000000000009 0.9719923176442221
1.800000000000001 0.9736964363113045
1.850000000000001 0.9752719881995985
1.900000000000001 0.9767384039329409
1.950000000000001 0.9780846444701145
2.000000000000001 0.9793246928793672
2.0500000000000007 0.9804661123068067
2.1000000000000005 0.981517188039849
2.1500000000000004 0.9824860126143118
2.2 0.9833801482575323
2.25 0.9842065999036278
2.3 0.9849716875254556
2.3499999999999996 0.9856813578412099
2.3999999999999995 0.9863407697507794
2.4499999999999993 0.9869545695126275
2.499999999999999 0.9875268927379024
2.549999999999999 0.98806157747643
2.5999999999999988 0.9885618997645452
2.6499999999999986 0.9890307464109356
2.6999999999999984 0.9894707149219713
2.7499999999999982 0.989884343036149
2.799999999999998 0.990273699113414
2.849999999999998 0.9906406366862
2.8999999999999977 0.9909868201871618
2.9499999999999975 0.9913138219493658
2.9999999999999973 0.9916232163827653
2.9499999999999975 0.9915972786710296
2.8999999999999977 0.9914202536936771
2.849999999999998 0.9911671000387643
2.799999999999998 0.9908701406935425
2.7499999999999982 0.99054257835402
2.6999999999999984 0.9901899479698514
2.6499999999999986 0.9898139516426576
2.5999999999999988 0.9894144595766693
2.549999999999999 0.9889902943357196
2.499999999999999 0.9885400151342513
2.4499999999999993 0.9880617406467684
2.3999999999999995 0.9875532992607675
2.3499999999999996 0.9870121400765737
2.3 0.9864353743329786
2.25 0.9858200330811212
2.2 0.9851626669905006
2.1500000000000004 0.9844594672704127
2.1000000000000005 0.983706007892025
2.0500000000000007 0.9828976406110834
2.000000000000001 0.9820290304182003
1.9500000000000008 0.9810941516255318
1.9000000000000008 0.9800862521390769
1.8500000000000008 0.9789978431601339
1.8000000000000007 0.9778202908376847
1.7500000000000007 0.9765439633792029
1.7000000000000006 0.975158007061369
1.6500000000000006 0.973649780096994
1.6000000000000005 0.972005227714595
1.5500000000000005 0.9702081089469832
1.5000000000000004 0.9682399982446909
1.4500000000000004 0.9660796737850585
1.4000000000000004 0.9637028193350641
1.3500000000000003 0.9610814078565688
1.3000000000000003 0.9581832181902951
1.2500000000000002 0.9549712096802262
1.2000000000000002 0.9514025490382174
1.1500000000000001 0.9474278889219898
1.1 0.9429905662507775
1.05 0.9380254351097352
1.0 0.9324581211454959
0.95 0.9262041421518539
0.8999999999999999 0.9191684658389506
0.8499999999999999 0.9112456355942026
0.7999999999999998 0.9023209641954931
0.7499999999999998 0.8922731071526154
0.6999999999999997 0.8809789370825328
0.6499999999999997 0.8683213903281782
0.5999999999999996 0.854199590102442
0.5499999999999996 0.838539797874402
0.4999999999999996 0.8213035664759514
0.4499999999999996 0.8024880235033931
0.39999999999999963 0.7821189091416798
0.34999999999999964 0.7602395519694379
0.29999999999999966 0.7369062870485772
0.24999999999999967 0.7122033820330225
0.19999999999999968 0.686257098996064
0.1499999999999997 0.6592119030776881
0.09999999999999969 0.6311746854921899
0.049999999999999684 0.602173413739927
-3.191891195797325e-16 0.5721656532789706
-0.05000000000000032 0.5410672618167309
-0.10000000000000032 0.5087658256101167
-0.15000000000000033 0.47512263149185574
-0.20000000000000034 0.4399792208237823
-0.25000000000000033 0.4031558088151706
-0.3000000000000003 0.3644506703016718
-0.3500000000000003 0.3236233667291606
-0.4000000000000003 0.2803926394280199
-0.4500000000000003 0.23440906284916269
-0.5000000000000003 0.18523205697582606
-0.5500000000000004 0.1322886333073958
-0.6000000000000004 0.07480745232308515
-0.6500000000000005 0.011713899498554907
-0.7000000000000005 -0.05855781256291919
-0.7500000000000006 -0.13843031631504832
-0.8000000000000006 -0.23170838397232943
-0.8500000000000006 -0.34275955106327116
-0.9000000000000007 -0.47441483380330973
-0.9500000000000007 -0.6184606032629975
-1.0000000000000007 -0.7495134219089914
-1.0500000000000007 -0.845084182743746
-1.1000000000000008 -0.9029176384884449
-1.1500000000000008 -0.9340626333024101
-1.2000000000000008 -0.9498326539268634
-1.2500000000000009 -0.9575327463854391
-1.300000000000001 -0.9611693245008778
-1.350000000000001 -0.9631250095687832
-1.400000000000001 -0.9642780869204802
-1.450000000000001 -0.9653687355661352
-1.500000000000001 -0.9664030589945485
-1.5500000000000012 -0.9674895429287016
-1.6000000000000012 -0.9687437136807522
-1.6500000000000012 -0.9700712645813857
-1.7000000000000013 -0.9714609241747802
-1.7500000000000013 -0.9728745903186296
-1.8000000000000014 -0.9742898357651021
-1.8500000000000014 -0.9756634900778414
-1.9000000000000015 -0.9769835746243556
-1.9500000000000015 -0.9782371339296613
-2.0000000000000013 -0.9794209587992668
-2.050000000000001 -0.9805343132729323
-2.100000000000001 -0.9815603941331544
-2.150000000000001 -0.9825128143969193
-2.2000000000000006 -0.9833965474009283
-2.2500000000000004 -0.9842165041244249
-2.3000000000000003 -0.9849776233841129
-2.35 -0.9856848750149035
-2.4 -0.9863428267393715
-2.4499999999999997 -0.9869557591623287
-2.4999999999999996 -0.9875275743114639
-2.5499999999999994 -0.9880619625221835
-2.599999999999999 -0.9885621143243303
-2.649999999999999 -0.9890308635587769
-2.699999999999999 -0.9894707754624296
-2.7499999999999987 -0.9898843726331609
-2.7999999999999985 -0.9902737127331397
-2.8499999999999983 -0.9906406405669009
-2.899999999999998 -0.9909868188220251
-2.949999999999998 -0.9913138190293259
-2.999999999999998 -0.9916232111825307
-2.949999999999998 -0.9915972746235202
-2.899999999999998 -0.9914202516375432
-2.8499999999999983 -0.9911670989222302
-2.7999999999999985 -0.990870140722099
-2.7499999999999987 -0.990542577730628
-2.699999999999999 -0.9901899476365393
-2.649999999999999 -0.9898139542150727
-2.599999999999999 -0.9894144611921079
-2.5499999999999994 -0.9889902966256754
-2.4999999999999996 -0.9885400160015713
-2.4499999999999997 -0.9880617432597726
-2.4 -0.9875533006882875
-2.35 -0.9870121413315825
-2.3000000000000003 -0.9864353753345562
-2.2500000000000004 -0.9858200337583642
-2.2000000000000006 -0.9851626685260109
-2.150000000000001 -0.9844594695881328
-2.100000000000001 -0.9837060092240528
-2.050000000000001 -0.9828976426624293
-2.0000000000000013 -0.9820290315542137
-1.9500000000000013 -0.9810941551451213
-1.9000000000000012 -0.9800862556741439
-1.8500000000000012 -0.9789978474109048
-1.8000000000000012 -0.9778202947148592
-1.750000000000001 -0.9765439673989657
-1.700000000000001 -0.9751580109413266
-1.650000000000001 -0.9736497842344511
-1.600000000000001 -0.9720052308951813
-1.550000000000001 -0.9702081140214285
-1.5000000000000009 -0.9682400058733938
-1.4500000000000008 -0.9660796824003921
-1.4000000000000008 -0.9637028252573445
-1.3500000000000008 -0.9610814141541739
-1.3000000000000007 -0.958183224174339
-1.2500000000000007 -0.9549712171427284
-1.2000000000000006 -0.9514025611781313
-1.1500000000000006 -0.9474279021244661
-1.1000000000000005 -0.9429905822713791
-1.0500000000000005 -0.938025452357654
-1.0000000000000004 -0.9324581381594995
-0.9500000000000004 -0.9262041605730231
-0.9000000000000004 -0.9191684903631193
-0.8500000000000003 -0.9112456607046949
-0.8000000000000003 -0.902320988347019
-0.7500000000000002 -0.892273130017577
-0.7000000000000002 -0.8809789603761502
-0.6500000000000001 -0.8683214084151524
-0.6000000000000001 -0.8541995930580435
-0.55 -0.8385397781012266
-0.5 -0.8213035047251727
-0.45 -0.8024878723847557
-0.4 -0.7821185892809379
-0.35000000000000003 -0.7602388889493811
-0.30000000000000004 -0.7369048983305729
-0.25000000000000006 -0.7122003688188129
-0.20000000000000007 -0.6862503102888245
-0.15000000000000008 -0.6591961957034931
-0.10000000000000007 -0.6311384542277849
-0.05000000000000007 -0.6020949182590323
-6.938893903907228e-17 -0.5720165448728598
0.04999999999999993 -0.5408264506328758
0.09999999999999994 -0.5084288633633034
0.14999999999999994 -0.4746978449011708
0.19999999999999996 -0.43947955666525873
0.24999999999999994 -0.4025936769283794
0.29999999999999993 -0.36383609864142785
0.3499999999999999 -0.3229638878479659
0.3999999999999999 -0.2796937313922575
0.4499999999999999 -0.2336746742991439
0.4999999999999999 -0.1844650450421923
0.5499999999999999 -0.1314911160993401
0.6 -0.07398105132974148
0.65 -0.01085990998072581
0.7000000000000001 0.05943827311359271
0.7500000000000001 0.1393362090842083
0.8000000000000002 0.23263862472835906
0.8500000000000002 0.3437127714425905
0.9000000000000002 0.47538794250533223
0.9500000000000003 0.6194276751016282
1.0000000000000002 0.7503344402494059
1.0500000000000003 0.84565613936018
1.1000000000000003 0.9032903186456049
1.1500000000000004 0.9343060548537213
1.2000000000000004 0.9499941690147345
1.2500000000000004 0.957641046051909
1.3000000000000005 0.9612419508262442
1.3500000000000005 0.9631743816907824
1.4000000000000006 0.964311439753862
1.4500000000000006 0.9653922897823499
1.5000000000000007 0.9664215450769174
1.5500000000000007 0.9675069520021871
1.6000000000000008 0.9687630046587083
1.6500000000000008 0.9700962085866988
1.7000000000000008 0.9714960755266693
1.7500000000000009 0.9729129582308892
1.800000000000001 0.9743214979923597
1.850000000000001 0.9756905231449599
1.900000000000001 0.9770080679984844
1.950000000000001 0.9782588454687444
2.000000000000001 0.9794357834530397
2.0500000000000007 0.9805360124058504
2.1000000000000005 0.9815606858545546
2.1500000000000004 0.9825128588986244
2.2 0.9833965511925796
2.25 0.9842165023328554
2.3 0.9849776218422087
2.3499999999999996 0.9856848738559152
2.3999999999999995 0.9863428260003927
2.4499999999999993 0.9869557586962362
2.499999999999999 0.9875275740068119
2.549999999999999 0.9880619613378774
2.5999999999999988 0.988562113750919
2.6499999999999986 0.9890308631250267
2.6999999999999984 0.9894707751957266
2.7499999999999982 0.989884372414392
2.799999999999998 0.9902737125826091
2.849999999999998 0.9906406404422681
2.8999999999999977 0.9909868187911771
2.9499999999999975 0.9913138190266142
2.9999999999999973 0.9916232112271582