0 0.0067913725872347334
0.05 0.01591530630347656
0.1 0.033970523532981
0.15000000000000002 0.058917104836361964
0.2 0.08805821136741189
0.25 0.11924886810466481
0.3 0.15125748710366263
0.35 0.18360041618782608
0.39999999999999997 0.21638325412182194
0.44999999999999996 0.2500629882504445
0.49999999999999994 0.2850009940243007
0.5499999999999999 0.3214663555570505
0.6 0.35983878694369226
0.65 0.40068206709196075
0.7000000000000001 0.44483965168397716
0.7500000000000001 0.4936151247423601
0.8000000000000002 0.5489933097669532
0.8500000000000002 0.6130293579484334
0.9000000000000002 0.6856320121877233
0.9500000000000003 0.7606101306853859
1.0000000000000002 0.8258190986918075
1.0500000000000003 0.8728467890639395
1.1000000000000003 0.9033440874697314
1.1500000000000004 0.9218691865252419
1.2000000000000004 0.933137918767794
1.2500000000000004 0.9410713524436879
1.3000000000000005 0.9472355236904925
1.3500000000000005 0.9518066281019012
1.4000000000000006 0.9553755958868145
1.4500000000000006 0.9584698085738627
1.5000000000000007 0.9611901157579958
1.5500000000000007 0.9637170331142622
1.6000000000000008 0.966032301003739
1.6500000000000008 0.9681422057072953
1.7000000000000008 0.9701032420001824
1.7500000000000009 0.9719343827318171
1.800000000000001 0.9736284715503843
1.850000000000001 0.9751987361332793
1.900000000000001 0.9766524050791817
1.950000000000001 0.9779953606284113
2.000000000000001 0.979234242726986
2.0500000000000007 0.9803763754378585
2.1000000000000005 0.9814293806337714
2.1500000000000004 0.9824008666665884
2.2 0.9832981309912665
2.25 0.9841279135474437
2.3 0.9848965702886389
2.3499999999999996 0.9856098082159473
2.3999999999999995 0.9862727999633275
2.4499999999999993 0.9868900930615029
2.499999999999999 0.9874658466899406
2.549999999999999 0.9880038470878506
2.5999999999999988 0.988507333600476
2.6499999999999986 0.988979207457449
2.6999999999999984 0.9894220354674786
2.7499999999999982 0.9898383741312925
2.799999999999998 0.9902302986200696
2.849999999999998 0.990599662195239
2.8999999999999977 0.9909481091499793
2.9499999999999975 0.9912772594422635
2.9999999999999973 0.9915886724126091
2.9499999999999975 0.9915584119490005
2.8999999999999977 0.9913764147661436
2.849999999999998 0.9911187867187793
2.799999999999998 0.9908177774045644
2.7499999999999982 0.9904863174556333
2.6999999999999984 0.9901298245839001
2.6499999999999986 0.9897498461718678
2.5999999999999988 0.9893461327998017
2.549999999999999 0.9889174939812423
2.499999999999999 0.9884624190292404
2.4499999999999993 0.9879790100572803
2.3999999999999995 0.9874650743745967
2.3499999999999996 0.9869179769510017
2.3 0.986334823878613
2.25 0.9857125912010785
2.2 0.9850478027141663
2.1500000000000004 0.9843366028974844
2.1000000000000005 0.9835745486942646
2.0500000000000007 0.9827569208243635
2.000000000000001 0.9818783334239075
1.9500000000000008 0.980932768121668
1.9000000000000008 0.9799133475160161
1.8500000000000008 0.9788126075640118
1.8000000000000007 0.9776218709339971
1.7500000000000007 0.9763314479621646
1.7000000000000006 0.9749305043639116
1.6500000000000006 0.9734063852954663
1.6000000000000005 0.9717451074561847
1.5500000000000005 0.9699305544705383
1.5000000000000004 0.9679442817780637
1.4500000000000004 0.9657652190731585
1.4000000000000004 0.9633692836232032
1.3500000000000003 0.9607287747010579
1.3000000000000003 0.9578117824811522
1.2500000000000002 0.9545815923746341
1.2000000000000002 0.9509957904470595
1.1500000000000001 0.9470053557025601
1.1 0.9425539276678527
1.05 0.9375762776296374
1.0 0.9319973358654756
0.95 0.9257311752708494
0.8999999999999999 0.9186804328451154
0.8499999999999999 0.9107359856748226
0.7999999999999998 0.9017782453623837
0.7499999999999998 0.8916801950413428
0.6999999999999997 0.8803132687481746
0.6499999999999997 0.8675550293666662
0.5999999999999996 0.8532974944222713
0.5499999999999996 0.8374550907592063
0.4999999999999996 0.8199700070656354
0.4499999999999996 0.8008172958612085
0.39999999999999963 0.7800134817497374
0.34999999999999964 0.7576260340569246
0.29999999999999966 0.7337716989121408
0.24999999999999967 0.7085980417744909
0.19999999999999968 0.6822622653917177
0.1499999999999997 0.6548943339354258
0.09999999999999969 0.6265651439180951
0.049999999999999684 0.597284024824416
-3.191891195797325e-16 0.5670047777878414
-0.05000000000000032 0.5356346734183438
-0.10000000000000032 0.503047792707612
-0.15000000000000033 0.4690952088657796
-0.20000000000000034 0.43361329400639775
-0.25000000000000033 0.3964180125050401
-0.3000000000000003 0.35730425314878683
-0.3500000000000003 0.31602592702126026
-0.4000000000000003 0.2722923821338598
-0.4500000000000003 0.22574089399444344
-0.5000000000000003 0.17590859025317768
-0.5500000000000004 0.12218695376356861
-0.6000000000000004 0.06374462468514419
-0.6500000000000005 -0.0006118422823573416
-0.7000000000000005 -0.07275574060295162
-0.7500000000000006 -0.1557184106246251
-0.8000000000000006 -0.25422415736021836
-0.8500000000000006 -0.3736547311101191
-0.9000000000000007 -0.5109117793395275
-0.9500000000000007 -0.6513442112474157
-1.0000000000000007 -0.7721169050813168
-1.0500000000000007 -0.8568864942961346
-1.1000000000000008 -0.9074461053228766
-1.1500000000000008 -0.9342785658880882
-1.2000000000000008 -0.9480745287651892
-1.2500000000000009 -0.955370748194628
-1.300000000000001 -0.959454756204372
-1.350000000000001 -0.9618063772656289
-1.400000000000001 -0.963195175402572
-1.450000000000001 -0.9643387962212014
-1.500000000000001 -0.9655558356350331
-1.5500000000000012 -0.9668694382786885
-1.6000000000000012 -0.9682837831917038
-1.6500000000000012 -0.9697286886914944
-1.7000000000000013 -0.9711781448441132
-1.7500000000000013 -0.972637915973238
-1.8000000000000014 -0.9740757385723
-1.8500000000000014 -0.9754781250419974
-1.9000000000000015 -0.97684521174726
-1.9500000000000015 -0.9781261360315523
-2.0000000000000013 -0.9793209042763255
-2.050000000000001 -0.9804316161724055
-2.100000000000001 -0.9814638410636158
-2.150000000000001 -0.9824221125141495
-2.2000000000000006 -0.9833110777638349
-2.2500000000000004 -0.9841357233259052
-2.3000000000000003 -0.9849012436028813
-2.35 -0.9856125762314285
-2.4 -0.9862744192134633
-2.4499999999999997 -0.9868910288449744
-2.4999999999999996 -0.9874663854580141
-2.5499999999999994 -0.98800414905141
-2.599999999999999 -0.9885075002025159
-2.649999999999999 -0.9889792968284499
-2.699999999999999 -0.9894220817702832
-2.7499999999999987 -0.9898383967855555
-2.7999999999999985 -0.9902303094177074
-2.8499999999999983 -0.9905996646794981
-2.899999999999998 -0.9909481086129678
-2.949999999999998 -0.9912772574468438
-2.999999999999998 -0.9915886677929064
-2.949999999999998 -0.9915584135749427
-2.899999999999998 -0.9913764147644505
-2.8499999999999983 -0.9911187882487281
-2.7999999999999985 -0.9908177790849537
-2.7499999999999987 -0.9904863190329553
-2.699999999999999 -0.9901298255351638
-2.649999999999999 -0.9897498479105719
-2.599999999999999 -0.9893461353918587
-2.5499999999999994 -0.9889174986747048
-2.4999999999999996 -0.9884624217099914
-2.4499999999999997 -0.9879790120631644
-2.4 -0.9874650770011839
-2.35 -0.9869179790409638
-2.3000000000000003 -0.9863348293699752
-2.2500000000000004 -0.9857125944385685
-2.2000000000000006 -0.9850478046288242
-2.150000000000001 -0.984336605107075
-2.100000000000001 -0.9835745542570955
-2.050000000000001 -0.982756925027964
-2.0000000000000013 -0.9818783358995269
-1.9500000000000013 -0.980932770019617
-1.9000000000000012 -0.9799133526776865
-1.8500000000000012 -0.9788126121362694
-1.8000000000000012 -0.9776218733053519
-1.750000000000001 -0.9763314525209159
-1.700000000000001 -0.974930511725575
-1.650000000000001 -0.973406394862583
-1.600000000000001 -0.9717451138782041
-1.550000000000001 -0.9699305592844651
-1.5000000000000009 -0.9679442867487114
-1.4500000000000008 -0.9657652237072675
-1.4000000000000008 -0.9633692953757985
-1.3500000000000008 -0.9607287921203869
-1.3000000000000007 -0.957811796559767
-1.2500000000000007 -0.9545816087574072
-1.2000000000000006 -0.9509958048017584
-1.1500000000000006 -0.9470053680783477
-1.1000000000000005 -0.9425539347867233
-1.0500000000000005 -0.9375762777195891
-1.0000000000000004 -0.9319973395915611
-0.9500000000000004 -0.9257311727728476
-0.9000000000000004 -0.9186804311038935
-0.8500000000000003 -0.9107359754759515
-0.8000000000000003 -0.9017782185329165
-0.7500000000000002 -0.8916801496186026
-0.7000000000000002 -0.88031320354606
-0.6500000000000001 -0.8675549310394369
-0.6000000000000001 -0.8532973627191741
-0.55 -0.837454917495498
-0.5 -0.8199698010153199
-0.45 -0.8008170625694735
-0.4 -0.7800132429264158
-0.35000000000000003 -0.7576258157022713
-0.30000000000000004 -0.7337715236733627
-0.25000000000000006 -0.7085979181099857
-0.20000000000000007 -0.6822621931777897
-0.15000000000000008 -0.6548943065815744
-0.10000000000000007 -0.626565154930047
-0.05000000000000007 -0.5972840628690784
-6.938893903907228e-17 -0.5670048374739739
0.04999999999999993 -0.5356347474462811
0.09999999999999994 -0.5030478838612724
0.14999999999999994 -0.4690953090352648
0.19999999999999996 -0.4336134082196057
0.24999999999999994 -0.39641813410415067
0.29999999999999993 -0.35730438891789046
0.3499999999999999 -0.316026073074917
0.3999999999999999 -0.27229253902731937
0.4499999999999999 -0.22574107066997792
0.4999999999999999 -0.1759088079856965
0.5499999999999999 -0.12218739010729603
0.6 -0.06374692103402302
0.65 0.0005913615419171696
0.7000000000000001 0.07259175916840784
0.7500000000000001 0.15509121540193446
0.8000000000000002 0.2529967392035717
0.8500000000000002 0.3719361182923637
0.9000000000000002 0.5088439358663494
0.9500000000000003 0.6490305136180042
1.0000000000000002 0.7696242877669459
1.0500000000000003 0.8542583538644526
1.1000000000000003 0.9047116831324699
1.1500000000000004 0.9314590650917888
1.2000000000000004 0.9451984889614873
1.2500000000000004 0.9527985784728744
1.3000000000000005 0.9577074136377
1.3500000000000005 0.9607338642927669
1.4000000000000006 0.9625375503445585
1.4500000000000006 0.9639299243262193
1.5000000000000007 0.9653013382797279
1.5500000000000007 0.9667144541125882
1.6000000000000008 0.9681999753166721
1.6500000000000008 0.9696999695218391
1.7000000000000008 0.9711791420288916
1.7500000000000009 0.9726546533270997
1.800000000000001 0.9741076796055684
1.850000000000001 0.9755175768695726
1.900000000000001 0.9768633960217357
1.950000000000001 0.9781327097429585
2.000000000000001 0.9793219324370622
2.0500000000000007 0.9804316013641414
2.1000000000000005 0.9814637437124496
2.1500000000000004 0.9824220556341071
2.2 0.9833110533758957
2.25 0.9841357141530851
2.3 0.9849012407780224
2.3499999999999996 0.985612575670087
2.3999999999999995 0.9862744192363895
2.4499999999999993 0.9868910289964962
2.499999999999999 0.9874663855630122
2.549999999999999 0.9880041490815519
2.5999999999999988 0.9885075001764126
2.6499999999999986 0.9889792967648187
2.6999999999999984 0.9894220811248561
2.7499999999999982 0.9898383966059785
2.799999999999998 0.9902303093708392
2.849999999999998 0.9905996645831416
2.8999999999999977 0.9909481085154014
2.9499999999999975 0.9912772575696174
2.9999999999999973 0.9915886677827553