
0 0.2528798253125885
0.05 0.28783206191738026
0.1 0.32413690932907924
0.15000000000000002 0.3621109939910011
0.2 0.40223856035770594
0.25 0.44525625257438334
0.3 0.4923234560166111
0.35 0.5452823021649802
0.39999999999999997 0.6066501522924722
0.44999999999999996 0.6778881134385247
0.49999999999999994 0.753341493794694
0.5499999999999999 0.819775025414522
0.6 0.8696240338993804
0.65 0.902384856639276
0.7000000000000001 0.9220384088249416
0.7500000000000001 0.9341747348516608
0.8000000000000002 0.9425668663650758
0.8500000000000002 0.9485485565240663
0.9000000000000002 0.9529445168235988
0.9500000000000003 0.9566442112797452
1.0000000000000002 0.9596226547785804
1.0500000000000003 0.962169992845757
1.1000000000000003 0.9644931722850624
1.1500000000000004 0.9666955279122368
1.2000000000000004 0.9687641445076612
1.2500000000000004 0.9707318740098315
1.3000000000000005 0.9725679981188515
1.3500000000000005 0.9742599324147659
1.4000000000000006 0.9758254055598838
1.4500000000000006 0.9772688121408776
1.5000000000000007 0.9785996905559273
1.5500000000000007 0.9798303955823645
1.6000000000000008 0.9809592461141097
1.6500000000000008 0.9819959420533123
1.7000000000000008 0.9829500759052743
1.7500000000000009 0.9838296809413993
1.800000000000001 0.9846419795811925
1.850000000000001 0.9853933751120788
1.900000000000001 0.9860897368094451
1.950000000000001 0.9867363360809186
2.000000000000001 0.9873377964535919
2.0500000000000007 0.9878981968052545
2.1000000000000005 0.9884214518468804
2.1500000000000004 0.9889107898914339
2.2 0.9893690298447178
2.25 0.9897987876682353
2.3 0.9902025959658018
2.3499999999999996 0.990582534538805
2.3999999999999995 0.9909404433514852
2.4499999999999993 0.991277872769068
2.499999999999999 0.9915964869553514
2.549999999999999 0.9918978060235175
2.5999999999999988 0.9918702321873082
2.6499999999999986 0.9916955885942512
2.6999999999999984 0.9914472789563381
2.7499999999999982 0.9911565738911519
2.799999999999998 0.9908361518504777
2.849999999999998 0.990491285964338
2.8999999999999977 0.9901234686736019
2.9499999999999975 0.9897324954301878
2.9999999999999973 0.9893171485994147
2.9499999999999975 0.9888759760852986
2.8999999999999977 0.9884070737450774
2.849999999999998 0.9879082536645102
2.799999999999998 0.987376883520076
2.7499999999999982 0.9868101407279207
2.6999999999999984 0.9862050068538005
2.6499999999999986 0.9855579243978272
2.5999999999999988 0.9848650903780575
2.549999999999999 0.9841220773099042
2.499999999999999 0.9833240699264526
2.4499999999999993 0.9824656894570944
2.3999999999999995 0.9815407407797179
2.3499999999999996 0.9805423468987997
2.3 0.9794628856507102
2.25 0.9782935015602515
2.2 0.9770242047386963
2.1500000000000004 0.9756438661888471
2.1000000000000005 0.9741394630602718
2.0500000000000007 0.9724964820144645
2.000000000000001 0.9706979718107737
1.9500000000000008 0.9687248315129376
1.9000000000000008 0.9665549094832577
1.8500000000000008 0.9641627368511418
1.8000000000000007 0.9615189429923694
1.7500000000000007 0.9585896896153194
1.7000000000000006 0.9553357287927398
1.6500000000000006 0.9517118004096399
1.6000000000000005 0.9476653154489056
1.5500000000000005 0.9431357813687609
1.5000000000000004 0.9380532483020954
1.4500000000000004 0.9323375226603043
1.4000000000000004 0.9258968812713447
1.3500000000000003 0.9186274433556212
1.3000000000000003 0.9104130084293985
1.2500000000000002 0.9011263543146649
1.2000000000000002 0.8906315659736861
1.1500000000000001 0.8787899822413489
1.1 0.865471188060085
1.05 0.8505685170334158
1.0 0.8340146852107595
0.95 0.8157922584591578
0.8999999999999999 0.7959370030761787
0.8499999999999999 0.774530110222315
0.7999999999999998 0.7516833201537383
0.7499999999999998 0.7275259987071475
0.6999999999999997 0.7021754019523179
0.6499999999999997 0.6757006643026381
0.5999999999999996 0.648123093853617
0.5499999999999996 0.619445617187054
0.4999999999999996 0.5896771944272994
0.4499999999999996 0.5588318431526842
0.39999999999999963 0.5268964180675638
0.34999999999999964 0.49380331714091147
0.29999999999999966 0.4594318448212449
0.24999999999999967 0.4236268918585084
0.19999999999999968 0.3862067226890687
0.1499999999999997 0.3469683199628475
0.09999999999999969 0.3056714618461843
0.049999999999999684 0.262036401865573
-3.191891195797325e-16 0.21571683381028955
-0.05000000000000032 0.16627625435742338
-0.10000000000000032 0.11314533729367343
-0.15000000000000033 0.05555440786688865
-0.20000000000000034 -0.007576794429105133
-0.25000000000000033 -0.07783759677024782
-0.3000000000000003 -0.15770622729633751
-0.3500000000000003 -0.2512107161264168
-0.4000000000000003 -0.3642134950295638
-0.4500000000000003 -0.4985829643987356
-0.5000000000000003 -0.6397844209209766
-0.5500000000000004 -0.7633006824371095
-0.6000000000000004 -0.8528863087095343
-0.6500000000000005 -0.9072730499122781
-0.7000000000000005 -0.9355165004471275
-0.7500000000000006 -0.9494942596031423
-0.8000000000000006 -0.9573510106343323
-0.8500000000000006 -0.961591592166123
-0.9000000000000007 -0.9637261482863618
-0.9500000000000007 -0.9652035195921114
-1.0000000000000007 -0.9661024288701615
-1.0500000000000007 -0.9669482164966027
-1.1000000000000008 -0.967933793946655
-1.1500000000000008 -0.9691535114479601
-1.2000000000000008 -0.9704913856572502
-1.2500000000000009 -0.9719011898556713
-1.300000000000001 -0.973343803623359
-1.350000000000001 -0.9747716894978522
-1.400000000000001 -0.9761579823406341
-1.450000000000001 -0.9774829335230154
-1.500000000000001 -0.9787409989692828
-1.5500000000000012 -0.9799178840555048
-1.6000000000000012 -0.9810122366337648
-1.6500000000000012 -0.982027948616838
-1.7000000000000013 -0.9829693009936428
-1.7500000000000013 -0.9838410909077001
-1.8000000000000014 -0.9846486299625146
-1.8500000000000014 -0.9853971429826428
-1.9000000000000015 -0.9860917803604379
-1.9500000000000015 -0.9867373586228372
-2.0000000000000013 -0.9873382157115206
-2.050000000000001 -0.9878982717861731
-2.100000000000001 -0.9884213263932125
-2.150000000000001 -0.9889105955026888
-2.2000000000000006 -0.9893690442334258
-2.2500000000000004 -0.9897988194325666
-2.3000000000000003 -0.9902026176878548
-2.35 -0.9905825459197618
-2.4 -0.9909404495082019
-2.4499999999999997 -0.991277876466445
-2.4999999999999996 -0.9915964887822425
-2.5499999999999994 -0.9918978045516903
-2.599999999999999 -0.9918702324150255
-2.649999999999999 -0.9916955894651901
-2.699999999999999 -0.991447278744343
-2.7499999999999987 -0.9911565731836565
-2.7999999999999985 -0.9908361499167213
-2.8499999999999983 -0.9904912852105036
-2.899999999999998 -0.9901234687546848
-2.949999999999998 -0.9897324951664496
-2.999999999999998 -0.9893171459176702
-2.949999999999998 -0.9888759742681121
-2.899999999999998 -0.988407071659792
-2.8499999999999983 -0.987908253197739
-2.7999999999999985 -0.9873768835495548
-2.7499999999999987 -0.9868101422280755
-2.699999999999999 -0.9862050073337065
-2.649999999999999 -0.9855579254660095
-2.599999999999999 -0.9848650903228328
-2.5499999999999994 -0.9841220772951967
-2.4999999999999996 -0.9833240698833094
-2.4499999999999997 -0.9824656890572567
-2.4 -0.981540737492821
-2.35 -0.9805423433308313
-2.3000000000000003 -0.979462883940756
-2.2500000000000004 -0.9782935011465348
-2.2000000000000006 -0.9770242036625789
-2.150000000000001 -0.9756438651303376
-2.100000000000001 -0.974139463896758
-2.050000000000001 -0.9724964828966398
-2.0000000000000013 -0.9706979720126472
-1.9500000000000013 -0.9687248324225328
-1.9000000000000012 -0.966554912090285
-1.8500000000000012 -0.9641627386979995
-1.8000000000000012 -0.9615189472484045
-1.750000000000001 -0.958589694218724
-1.700000000000001 -0.9553357341480893
-1.650000000000001 -0.951711805813771
-1.600000000000001 -0.9476653192500535
-1.550000000000001 -0.9431357849626533
-1.5000000000000009 -0.9380532540554828
-1.4500000000000008 -0.9323375284517823
-1.4000000000000008 -0.9258968851805582
-1.3500000000000008 -0.9186274418917167
-1.3000000000000007 -0.9104130057960589
-1.2500000000000007 -0.901126348795552
-1.2000000000000006 -0.8906315546912248
-1.1500000000000006 -0.8787899701438427
-1.1000000000000005 -0.8654711704462907
-1.0500000000000005 -0.8505684900807599
-1.0000000000000004 -0.8340146576486226
-0.9500000000000004 -0.8157922246002157
-0.9000000000000004 -0.7959369575327084
-0.8500000000000003 -0.7745300629036574
-0.8000000000000003 -0.7516832856991857
-0.7500000000000002 -0.7275259885930703
-0.7000000000000002 -0.7021754313538333
-0.6500000000000001 -0.675700758727537
-0.6000000000000001 -0.6481232879056588
-0.55 -0.6194459391928616
-0.5 -0.5896776242396325
-0.45 -0.5588323037108046
-0.4 -0.5268968343849645
-0.35000000000000003 -0.49380366065740366
-0.30000000000000004 -0.4594321174136702
-0.25000000000000006 -0.42362710976452667
-0.20000000000000007 -0.3862068955268766
-0.15000000000000008 -0.3469684680062792
-0.10000000000000007 -0.30567159183721926
-0.05000000000000007 -0.26203652231430247
-6.938893903907228e-17 -0.21571695074306552
0.04999999999999993 -0.16627637452272567
0.09999999999999994 -0.1131454644893891
0.14999999999999994 -0.05555454654986405
0.19999999999999996 0.007576639451321151
0.24999999999999994 0.0778374224172897
0.29999999999999993 0.15770603130310257
0.3499999999999999 0.25121048904705795
0.3999999999999999 0.3642132302890099
0.4499999999999999 0.49858265308169014
0.4999999999999999 0.6397840417743883
0.5499999999999999 0.7633001925480855
0.6 0.8528856095103459
0.65 0.9072720150755947
0.7000000000000001 0.9355149531256408
0.7500000000000001 0.9494913683575937
0.8000000000000002 0.9573472012853498
0.8500000000000002 0.9615870616075867
0.9000000000000002 0.9637212352644743
0.9500000000000003 0.9651999296220292
1.0000000000000002 0.9661006422159772
1.0500000000000003 0.9669477402529447
1.1000000000000003 0.9679347145068957
1.1500000000000004 0.9691556804481523
1.2000000000000004 0.9704931129939955
1.2500000000000004 0.971902573034697
1.3000000000000005 0.9733443187922826
1.3500000000000005 0.9747719421501341
1.4000000000000006 0.9761584191509086
1.4500000000000006 0.9774850902668574
1.5000000000000007 0.9787429444420299
1.5500000000000007 0.9799183675975418
1.6000000000000008 0.9810123331796686
1.6500000000000008 0.9820279657597495
1.7000000000000008 0.9829693032513187
1.7500000000000009 0.983841090657643
1.800000000000001 0.9846486295035374
1.850000000000001 0.9853971425016946
1.900000000000001 0.9860917800913956
1.950000000000001 0.9867373587484899
2.000000000000001 0.9873382156795636
2.0500000000000007 0.9878982711900994
2.1000000000000005 0.9884213228292749
2.1500000000000004 0.9889105435270251
2.2 0.9893687204875619
2.25 0.9897984434080548
2.3 0.9902022298288027
2.3499999999999996 0.9905821567099373
2.3999999999999995 0.9909400605519172
2.4499999999999993 0.9912774877885528