0 0.026159552472177796
0.05 0.03997813863405509
0.1 0.06139073628327869
0.15000000000000002 0.08839483932686294
0.2 0.11857425339574637
0.25 0.14990243396338918
0.3 0.1814565090229953
0.35 0.21325502440415992
0.39999999999999997 0.2455715933649777
0.44999999999999996 0.2786920504642628
0.49999999999999994 0.31295638874329185
0.5499999999999999 0.34872891241104864
0.6 0.38642683612551953
0.65 0.42662377384833633
0.7000000000000001 0.470297446125242
0.7500000000000001 0.518724132993339
0.8000000000000002 0.5726404877285104
0.8500000000000002 0.6304756185933185
0.9000000000000002 0.688500692018629
0.9500000000000003 0.743963203986746
1.0000000000000002 0.7950505573349435
1.0500000000000003 0.8396105529289078
1.1000000000000003 0.8754838786636194
1.1500000000000004 0.9021560062144455
1.2000000000000004 0.9205218619733434
1.2500000000000004 0.933251858289562
1.3000000000000005 0.9422904532863224
1.3500000000000005 0.9483853064122881
1.4000000000000006 0.9529271812676826
1.4500000000000006 0.9563908560990005
1.5000000000000007 0.9593558686345369
1.5500000000000007 0.9620351396230082
1.6000000000000008 0.964428522582398
1.6500000000000008 0.9666277414979029
1.7000000000000008 0.9686825674791532
1.7500000000000009 0.9706064837288282
1.800000000000001 0.9724015437996286
1.850000000000001 0.9740694853094017
1.900000000000001 0.9756139197578987
1.950000000000001 0.9770402301240707
2.000000000000001 0.9783552625061724
2.0500000000000007 0.979566678690365
2.1000000000000005 0.9806826003455356
2.1500000000000004 0.9817110674649225
2.2 0.9826598651497765
2.25 0.9835362663900757
2.3 0.9843470415671313
2.3499999999999996 0.9850983393475864
2.3999999999999995 0.9857957684113738
2.4499999999999993 0.9864443361588721
2.499999999999999 0.9870485198596638
2.549999999999999 0.9876123423360029
2.5999999999999988 0.9881393570381932
2.6499999999999986 0.9886327739549867
2.6999999999999984 0.9890954604995368
2.7499999999999982 0.9895299376141292
2.799999999999998 0.9899385121054489
2.849999999999998 0.9903232526776155
2.8999999999999977 0.9906860049158472
2.9499999999999975 0.9910284353419735
2.9999999999999973 0.9913520709573302
2.9499999999999975 0.9913208687859238
2.8999999999999977 0.9911328850796177
2.849999999999998 0.9908671413785967
2.799999999999998 0.9905559790722942
2.7499999999999982 0.9902128805062163
2.6999999999999984 0.9898431934145898
2.6499999999999986 0.9894485504576925
2.5999999999999988 0.989028791100563
2.549999999999999 0.9885828309903035
2.499999999999999 0.9881089767130945
2.4499999999999993 0.9876051835522159
2.3999999999999995 0.9870690714463181
2.3499999999999996 0.9864979175716247
2.3 0.9858887088337874
2.25 0.985238095427457
2.2 0.984542279290394
2.1500000000000004 0.9837971099842147
2.1000000000000005 0.9829979722381748
2.0500000000000007 0.9821396027911833
2.000000000000001 0.9812161641012664
1.9500000000000008 0.980221104664081
1.9000000000000008 0.9791470336790797
1.8500000000000008 0.9779856349521518
1.8000000000000007 0.9767275448045046
1.7500000000000007 0.9753621421141215
1.7000000000000006 0.9738773638975219
1.6500000000000006 0.972259525820747
1.6000000000000005 0.9704929791503103
1.5500000000000005 0.9685599521531493
1.5000000000000004 0.9664401012888982
1.4500000000000004 0.9641101058799306
1.4000000000000004 0.961543182335201
1.3500000000000003 0.9587086479890169
1.3000000000000003 0.9555712381507537
1.2500000000000002 0.952090389310662
1.2000000000000002 0.948219422119451
1.1500000000000001 0.9439049114954514
1.1 0.9390854206762153
1.05 0.9336909876577729
1.0 0.927642041205604
0.95 0.9208490772143333
0.8999999999999999 0.9132126381222371
0.8499999999999999 0.9046238647120678
0.7999999999999998 0.8949668039478256
0.7499999999999998 0.8841225972499771
0.6999999999999997 0.87197726901444
0.6499999999999997 0.85843182887637
0.5999999999999996 0.8434124892886373
0.5499999999999996 0.8268771571219559
0.4999999999999996 0.8088167368402195
0.4499999999999996 0.7892524770544715
0.39999999999999963 0.7682270207448819
0.34999999999999964 0.7457843319653209
0.29999999999999966 0.7219526264205884
0.24999999999999967 0.6967751183359936
0.19999999999999968 0.6703658991667495
0.1499999999999997 0.6428345283928625
0.09999999999999969 0.614184451495668
0.049999999999999684 0.5843487574034201
-3.191891195797325e-16 0.5532838373417236
-0.05000000000000032 0.5209846389027797
-0.10000000000000032 0.48741731987938963
-0.15000000000000033 0.45248097661603137
-0.20000000000000034 0.41601892334808405
-0.25000000000000033 0.37783687298064644
-0.3000000000000003 0.33770887508962816
-0.3500000000000003 0.29536999860072505
-0.4000000000000003 0.2505025031834422
-0.4500000000000003 0.20271176954921952
-0.5000000000000003 0.15148877810135997
-0.5500000000000004 0.09615519332518355
-0.6000000000000004 0.03576591607981458
-0.6500000000000005 -0.031058031954964024
-0.7000000000000005 -0.10644173041393466
-0.7500000000000006 -0.19370569893721992
-0.8000000000000006 -0.2957636256478684
-0.8500000000000006 -0.4104005181518617
-0.9000000000000007 -0.5300993234757493
-0.9500000000000007 -0.6442138416940857
-1.0000000000000007 -0.7433479569257726
-1.0500000000000007 -0.820801815587242
-1.1000000000000008 -0.8742101516683656
-1.1500000000000008 -0.9083469846179587
-1.2000000000000008 -0.9302723822207372
-1.2500000000000009 -0.9442512625322731
-1.300000000000001 -0.9528447595503214
-1.350000000000001 -0.958053404485892
-1.400000000000001 -0.9611543633462529
-1.450000000000001 -0.9632323610976443
-1.500000000000001 -0.9649080785857002
-1.5500000000000012 -0.9661211627377582
-1.6000000000000012 -0.9674707610581648
-1.6500000000000012 -0.9688706526012351
-1.7000000000000013 -0.9702524357253006
-1.7500000000000013 -0.9716766471330139
-1.8000000000000014 -0.9731204014757155
-1.8500000000000014 -0.9745506474081871
-1.9000000000000015 -0.9759450459126439
-1.9500000000000015 -0.9772616165460606
-2.0000000000000013 -0.9784983210392021
-2.050000000000001 -0.9796573435884172
-2.100000000000001 -0.9807393008716885
-2.150000000000001 -0.981746175951464
-2.2000000000000006 -0.9826814254232765
-2.2500000000000004 -0.9835494446988313
-2.3000000000000003 -0.984355071745351
-2.35 -0.9851032520505558
-2.4 -0.9857988099108971
-2.4499999999999997 -0.9864462545316345
-2.4999999999999996 -0.9870497391561487
-2.5499999999999994 -0.9876131257478392
-2.599999999999999 -0.9881398861917241
-2.649999999999999 -0.9886331512320049
-2.699999999999999 -0.9890957336434846
-2.7499999999999987 -0.9895301475272091
-2.7999999999999985 -0.9899386828619261
-2.8499999999999983 -0.9903233903014391
-2.899999999999998 -0.9906861140572297
-2.949999999999998 -0.9910285287610674
-2.999999999999998 -0.9913521473848634
-2.949999999999998 -0.9913209230261018
-2.899999999999998 -0.9911329345689958
-2.8499999999999983 -0.9908671935664537
-2.7999999999999985 -0.990556032975943
-2.7499999999999987 -0.9902129402118119
-2.699999999999999 -0.9898432551438384
-2.649999999999999 -0.9894486268407374
-2.599999999999999 -0.9890288800788938
-2.5499999999999994 -0.9885829300249986
-2.4999999999999996 -0.988109087312951
-2.4499999999999997 -0.987605309102309
-2.4 -0.9870692180724673
-2.35 -0.9864980843822707
-2.3000000000000003 -0.9858888906975847
-2.2500000000000004 -0.9852382997158201
-2.2000000000000006 -0.9845425196467288
-2.150000000000001 -0.9837973870128025
-2.100000000000001 -0.9829982598455815
-2.050000000000001 -0.9821399221332108
-2.0000000000000013 -0.9812165094055053
-1.9500000000000013 -0.9802214716630477
-1.9000000000000012 -0.979147421000769
-1.8500000000000012 -0.977986042370863
-1.8000000000000012 -0.9767279648078111
-1.750000000000001 -0.9753625822253968
-1.700000000000001 -0.9738778254349578
-1.650000000000001 -0.9722599973438785
-1.600000000000001 -0.9704934749556645
-1.550000000000001 -0.9685604700758186
-1.5000000000000009 -0.9664406321630091
-1.4500000000000008 -0.9641106551837445
-1.4000000000000008 -0.9615437560974218
-1.3500000000000008 -0.9587092570327335
-1.3000000000000007 -0.955571893844714
-1.2500000000000007 -0.9520911147503501
-1.2000000000000006 -0.948220246385805
-1.1500000000000006 -0.9439058721422701
-1.1000000000000005 -0.9390865543485732
-1.0500000000000005 -0.9336923125439139
-1.0000000000000004 -0.9276435904916553
-0.9500000000000004 -0.9208508681715996
-0.9000000000000004 -0.9132147224908892
-0.8500000000000003 -0.9046263207504299
-0.8000000000000003 -0.8949697648322735
-0.7500000000000002 -0.8841262282865183
-0.7000000000000002 -0.8719818374268827
-0.6500000000000001 -0.8584377518679318
-0.6000000000000001 -0.8434204735540993
-0.55 -0.8268883794460014
-0.5 -0.8088332556409507
-0.45 -0.7892781637297512
-0.4 -0.7682701064308034
-0.35000000000000003 -0.7458667346037944
-0.30000000000000004 -0.7221247571977851
-0.25000000000000006 -0.6970907980206187
-0.20000000000000007 -0.6707889450435259
-0.15000000000000008 -0.6432718809271913
-0.10000000000000007 -0.6146226120254692
-0.05000000000000007 -0.5848576163631123
-6.938893903907228e-17 -0.5539396822373134
0.04999999999999993 -0.5218127505110297
0.09999999999999994 -0.4883752223423729
0.14999999999999994 -0.4534620720951759
0.19999999999999996 -0.41689585096691467
0.24999999999999994 -0.3785378580651834
0.29999999999999993 -0.3382341795141108
0.3499999999999999 -0.2957540708529946
0.3999999999999999 -0.2507832363295265
0.4499999999999999 -0.20291970564988054
0.4999999999999999 -0.15164617811256098
0.5499999999999999 -0.09627771214262731
0.6 -0.035864598577575284
0.65 0.03097531610223804
0.7000000000000001 0.10636923675074618
0.7500000000000001 0.19364016581485663
0.8000000000000002 0.29570737595130825
0.8500000000000002 0.4103607358184411
0.9000000000000002 0.5300675931260312
0.9500000000000003 0.6441854816588718
1.0000000000000002 0.7433353938953706
1.0500000000000003 0.8208095890208641
1.1000000000000003 0.8742230050750973
1.1500000000000004 0.9083568555396252
1.2000000000000004 0.9302783163002725
1.2500000000000004 0.9442513445722234
1.3000000000000005 0.9528399321398854
1.3500000000000005 0.958049548185628
1.4000000000000006 0.961153872578326
1.4500000000000006 0.9632329084496871
1.5000000000000007 0.9649085175650189
1.5500000000000007 0.9661214196391845
1.6000000000000008 0.9674709724496403
1.6500000000000008 0.9688707437243562
1.7000000000000008 0.9702524694307859
1.7500000000000009 0.9716766589292389
1.800000000000001 0.9731204050176989
1.850000000000001 0.9745506689533302
1.900000000000001 0.9759450582576532
1.950000000000001 0.9772616106761358
2.000000000000001 0.9784983143453748
2.0500000000000007 0.9796573414012671
2.1000000000000005 0.9807392992905594
2.1500000000000004 0.9817461754850183
2.2 0.9826814253007491
2.25 0.9835494450640069
2.3 0.9843550718034849
2.3499999999999996 0.985103251391066
2.3999999999999995 0.9857988094907377
2.4499999999999993 0.986446254325659
2.499999999999999 0.9870497387666725
2.549999999999999 0.9876131256040376
2.5999999999999988 0.988139886043472
2.6499999999999986 0.9886331511636827
2.6999999999999984 0.9890957336869519
2.7499999999999982 0.9895301476311518
2.799999999999998 0.9899386827107545
2.849999999999998 0.9903233902997416
2.8999999999999977 0.9906861140466671
2.9499999999999975 0.9910285287422532
2.9999999999999973 0.9913521476232608