0 0.0005864289297620571
0.025 0.016088097974997752
0.05 0.03201794537236926
0.07500000000000001 0.04835843279162313
0.1 0.06497910913826763
0.125 0.08175609482168833
0.15 0.09867584600891822
0.175 0.11579766726095402
0.19999999999999998 0.13319163614739707
0.22499999999999998 0.15091458687124165
0.24999999999999997 0.16899311711263432
0.27499999999999997 0.18742745258085877
0.3 0.20624939302527104
0.325 0.22554306232878998
0.35000000000000003 0.24543211427469583
0.37500000000000006 0.2660817779286222
0.4000000000000001 0.28772378297760737
0.4250000000000001 0.3107123768376285
0.4500000000000001 0.33566749796539086
0.47500000000000014 0.3639713958306655
0.5000000000000001 0.4233382427429093
0.5250000000000001 0.5805547771690999
0.5500000000000002 0.649691116775024
0.5750000000000002 0.6923806883984128
0.6000000000000002 0.726997127426194
0.6250000000000002 0.7534352405572069
0.6500000000000002 0.7726169001110862
0.6750000000000003 0.788542998436489
0.7000000000000003 0.803681980173125
0.7250000000000003 0.8179405277181951
0.7500000000000003 0.8300074793800012
0.7750000000000004 0.8420062792671019
0.8000000000000004 0.8528852455146357
0.8250000000000004 0.8628109156130452
0.8500000000000004 0.8719937197949912
0.8750000000000004 0.8803591347515821
0.9000000000000005 0.8880700597196128
0.9250000000000005 0.8949473253169844
0.9500000000000005 0.9011409446110502
0.9750000000000005 0.9067345726136758
1.0000000000000004 0.9119216810354961
1.0250000000000004 0.9167071871623113
1.0500000000000003 0.9211210470361967
1.0750000000000002 0.9252160718359871
1.1 0.929033959521785
1.125 0.9325394922686262
1.15 0.9357497655669347
1.1749999999999998 0.9387356304162814
1.1999999999999997 0.9415210861777041
1.2249999999999996 0.9441119776216211
1.2499999999999996 0.9465379628299873
1.2749999999999995 0.9488080859123298
1.2999999999999994 0.9509440649033096
1.3249999999999993 0.9529584579365729
1.3499999999999992 0.9548448177992681
1.3749999999999991 0.9566170998542654
1.399999999999999 0.9582880085194967
1.424999999999999 0.959866177290926
1.4499999999999988 0.9613585250701543
1.4749999999999988 0.9627710159857615
1.4999999999999987 0.9641090116727572
1.5249999999999986 0.9653774659368848
1.5499999999999985 0.9665809450557323
1.5749999999999984 0.9677235830573642
1.5999999999999983 0.9688092803889012
1.6249999999999982 0.9698415865802359
1.6499999999999981 0.9708239114945185
1.674999999999998 0.9717592665551337
1.699999999999998 0.9726506276854101
1.7249999999999979 0.9735005701488029
1.7499999999999978 0.974311596809984
1.7749999999999977 0.9750860433432128
1.7999999999999976 0.9758260694666521
1.8249999999999975 0.9765336732181549
1.8499999999999974 0.9772106213954906
1.8749999999999973 0.9778587663190494
1.8999999999999972 0.9784796773503407
1.9249999999999972 0.9790748206794788
1.949999999999997 0.9796456400228126
1.974999999999997 0.9801934464946374
1.999999999999997 0.9807194168569884
2.024999999999997 0.9812247444718158
2.0499999999999967 0.9817104627278349
2.0749999999999966 0.982177600052651
2.0999999999999965 0.9826270611927808
2.1249999999999964 0.9830597727229409
2.1499999999999964 0.9834765123393863
2.1749999999999963 0.9838780761693047
2.199999999999996 0.9842651901301536
2.224999999999996 0.9846385186207108
2.249999999999996 0.9849987536872684
2.274999999999996 0.9853464804495142
2.299999999999996 0.9856822532834149
2.3249999999999957 0.9860066320511077
2.3499999999999956 0.9863201082628379
2.3749999999999956 0.9866231973942864
2.3999999999999955 0.9869163491411902
2.4249999999999954 0.9871999148074817
2.4499999999999953 0.987474445401935
2.474999999999995 0.9877402064049411
2.499999999999995 0.9879976011695185
2.524999999999995 0.9882470147048217
2.549999999999995 0.9884886920954342
2.574999999999995 0.9887230149559734
2.5999999999999948 0.9889502768035101
2.6249999999999947 0.9891707429602872
2.6499999999999946 0.9893846784839688
2.6749999999999945 0.9895923668575427
2.6999999999999944 0.9897940090616515
2.7249999999999943 0.9899897994146941
2.7499999999999942 0.9901800822025981
2.774999999999994 0.9903649880430746
2.799999999999994 0.9905447092429562
2.824999999999994 0.9907194230839359
2.849999999999994 0.9908893997539604
2.874999999999994 0.9910547546673862
2.8999999999999937 0.9912156264810665
2.9249999999999936 0.9913721431229142
2.9499999999999935 0.9915245919326724
2.9749999999999934 0.9916730530810541
2.9999999999999933 0.9918176352566218
2.9749999999999934 0.9916878724325837
2.9499999999999935 0.9915436207004791
2.9249999999999936 0.9913935136762484
2.8999999999999937 0.9912383721586883
2.874999999999994 0.9910785852019004
2.849999999999994 0.9909142348284997
2.824999999999994 0.9907452322753564
2.799999999999994 0.9905713930007051
2.774999999999994 0.9903925479475183
2.7499999999999942 0.9902085950417404
2.7249999999999943 0.990019354719837
2.6999999999999944 0.9898245336740445
2.6749999999999945 0.9896239473391729
2.6499999999999946 0.9894174335564588
2.6249999999999947 0.9892047210895576
2.5999999999999948 0.988985451186971
2.574999999999995 0.988759515354271
2.549999999999995 0.9885265506321994
2.524999999999995 0.9882862447578825
2.499999999999995 0.9880383649146375
2.474999999999995 0.9877825718973803
2.4499999999999953 0.9875184528268152
2.4249999999999954 0.9872457529281711
2.3999999999999955 0.9869639796084086
2.3749999999999956 0.986672815637388
2.3499999999999956 0.9863718464961904
2.3249999999999957 0.986060521793426
2.299999999999996 0.9857384752135192
2.274999999999996 0.9854051569645079
2.249999999999996 0.9850600772720832
2.224999999999996 0.9847026196572642
2.199999999999996 0.9843322575607484
2.1749999999999963 0.9839482383717445
2.1499999999999964 0.9835500499086418
2.1249999999999964 0.9831368389776972
2.0999999999999965 0.9827079637903654
2.0749999999999966 0.9822625739450592
2.0499999999999967 0.981799783010393
2.024999999999997 0.9813187012624407
1.999999999999997 0.9808183728435605
1.974999999999997 0.9802977510033971
1.949999999999997 0.979755724418509
1.9249999999999972 0.9791911137979848
1.8999999999999972 0.9786026220561143
1.8749999999999973 0.9779889076739366
1.8499999999999974 0.977348553729775
1.8249999999999975 0.9766799348699507
1.7999999999999976 0.9759814218232066
1.7749999999999977 0.9752512012913158
1.7499999999999978 0.9744873272075704
1.7249999999999979 0.9736876909944647
1.699999999999998 0.9728500607485118
1.674999999999998 0.9719720173737254
1.6499999999999981 0.971050905215118
1.6249999999999982 0.9700838804550064
1.5999999999999983 0.9690678608129456
1.5749999999999984 0.9679994970181358
1.5499999999999985 0.9668751432426478
1.5249999999999986 0.965690845832319
1.4999999999999987 0.9644422816766406
1.4749999999999988 0.9631247419300839
1.4499999999999988 0.9617331032675233
1.424999999999999 0.9602616638379339
1.399999999999999 0.9587042467040582
1.3749999999999991 0.9570541212781785
1.3499999999999992 0.9553037292297861
1.3249999999999993 0.9534447951639108
1.2999999999999994 0.9514681540373031
1.2749999999999995 0.9493638023390917
1.2499999999999996 0.9471203628587935
1.2249999999999996 0.9447253534275607
1.1999999999999997 0.9421648143496175
1.1749999999999998 0.9394232040301862
1.15 0.9364831140560341
1.125 0.9333250804229734
1.1 0.9299273657094439
1.0750000000000002 0.9262656957439191
1.0500000000000003 0.9223128696846586
1.0250000000000004 0.9180383265366246
1.0000000000000004 0.9134115819500636
0.9750000000000004 0.9084350858222036
0.9500000000000004 0.9031306396344784
0.9250000000000004 0.8975463780283462
0.9000000000000004 0.8916870398551628
0.8750000000000003 0.88556111175421
0.8500000000000003 0.8791743096754848
0.8250000000000003 0.8725310541850924
0.8000000000000003 0.8656340662740739
0.7750000000000002 0.8584853996211936
0.7500000000000002 0.8510863791756115
0.7250000000000002 0.8434379373618949
0.7000000000000002 0.8355404007145174
0.6750000000000002 0.8273940250910664
0.6500000000000001 0.8189987664954542
0.6250000000000001 0.8103544672431429
0.6000000000000001 0.801460743276368
0.5750000000000001 0.79231709768103
0.55 0.7829228315086878
0.525 0.7732766917567393
0.5 0.7633769556338784
0.475 0.753220857282931
0.44999999999999996 0.7428050510488766
0.42499999999999993 0.732125099146256
0.3999999999999999 0.7211756076063036
0.3749999999999999 0.709950930320353
0.34999999999999987 0.6984447620907234
0.32499999999999984 0.6866509716890684
0.2999999999999998 0.6745622346514534
0.2749999999999998 0.6621692934889941
0.2499999999999998 0.6494608921220216
0.2249999999999998 0.6364256153797765
0.19999999999999982 0.6230538505549339
0.17499999999999982 0.6093397079683576
0.14999999999999983 0.5952792365602723
0.12499999999999983 0.5808662109109733
0.09999999999999984 0.566090537225166
0.07499999999999984 0.5509376664028478
0.04999999999999984 0.535389970631849
0.024999999999999842 0.5194273782587735
-1.5959455978986625e-16 0.5030274903899503
-0.02500000000000016 0.4861661383133504
-0.05000000000000016 0.4688162790940252
-0.07500000000000016 0.4509461908680509
-0.10000000000000017 0.4325230295053139
-0.12500000000000017 0.413508028147618
-0.15000000000000016 0.39385612014736193
-0.17500000000000016 0.37351653996046175
-0.20000000000000015 0.3524286365770105
-0.22500000000000014 0.33052051703008306
-0.25000000000000017 0.30770598498318963
-0.2750000000000002 0.2838791885411957
-0.3000000000000002 0.25890834382195765
-0.32500000000000023 0.232624169854307
-0.35000000000000026 0.20480384060722645
-0.3750000000000003 0.17514146512722084
-0.4000000000000003 0.14319379175935948
-0.4250000000000003 0.10826797811257087
-0.45000000000000034 0.06914055491194383
-0.47500000000000037 0.02307776793483886
-0.5000000000000003 -0.0845892745479808
-0.5250000000000004 -0.393524054108913
-0.5500000000000004 -0.5213541512879367
-0.5750000000000004 -0.6008509900465733
-0.6000000000000004 -0.6573819657095021
-0.6250000000000004 -0.6993769873384856
-0.6500000000000005 -0.7307696796152661
-0.6750000000000005 -0.7561598787353078
-0.7000000000000005 -0.7778118254291414
-0.7250000000000005 -0.797273432550666
-0.7500000000000006 -0.8146022383822695
-0.7750000000000006 -0.8313992978397559
-0.8000000000000006 -0.8464347732673452
-0.8250000000000006 -0.8598913867229598
-0.8500000000000006 -0.8710091649184194
-0.8750000000000007 -0.8803478306643
-0.9000000000000007 -0.8881511180037021
-0.9250000000000007 -0.8951581393380822
-0.9500000000000007 -0.9013767561385674
-0.9750000000000008 -0.9071218537804646
-1.0000000000000007 -0.9125279018887711
-1.0250000000000006 -0.9174778543539093
-1.0500000000000005 -0.9219151538186778
-1.0750000000000004 -0.9259466193589605
-1.1000000000000003 -0.9296894977364794
-1.1250000000000002 -0.9331522374897481
-1.1500000000000001 -0.9363282309158565
-1.175 -0.9392853405965736
-1.2 -0.9420327102219508
-1.2249999999999999 -0.9445590967886167
-1.2499999999999998 -0.9469081577693153
-1.2749999999999997 -0.9491161988062896
-1.2999999999999996 -0.9511985953742198
-1.3249999999999995 -0.9531541743421121
-1.3499999999999994 -0.9550026973930591
-1.3749999999999993 -0.9567443427139377
-1.3999999999999992 -0.9583869321034459
-1.4249999999999992 -0.9599438837437543
-1.449999999999999 -0.9614192324223528
-1.474999999999999 -0.9628159532296072
-1.499999999999999 -0.9641407790124541
-1.5249999999999988 -0.9653988869454916
-1.5499999999999987 -0.9665944941130072
-1.5749999999999986 -0.9677313483249841
-1.5999999999999985 -0.9688131987622325
-1.6249999999999984 -0.9698433416494703
-1.6499999999999984 -0.9708274408659486
-1.6749999999999983 -0.9717651140034956
-1.6999999999999982 -0.9726557111662162
-1.724999999999998 -0.9735043237811002
-1.749999999999998 -0.974314229757421
-1.774999999999998 -0.9750878535156867
-1.7999999999999978 -0.9758272994423658
-1.8249999999999977 -0.9765344969799333
-1.8499999999999976 -0.9772111741024443
-1.8749999999999976 -0.9778591299435896
-1.8999999999999975 -0.978479915996457
-1.9249999999999974 -0.9790749758539874
-1.9499999999999973 -0.9796457399087157
-1.9749999999999972 -0.9801935087931402
-1.9999999999999971 -0.980719453026121
-2.0249999999999972 -0.981224763324539
-2.049999999999997 -0.9817104725220276
-2.074999999999997 -0.9821776032597015
-2.099999999999997 -0.9826270616776185
-2.124999999999997 -0.9830597708733355
-2.149999999999997 -0.9834765080002917
-2.1749999999999967 -0.9838780722836081
-2.1999999999999966 -0.9842651868690306
-2.2249999999999965 -0.9846385152038204
-2.2499999999999964 -0.9849987501391811
-2.2749999999999964 -0.9853464764832639
-2.2999999999999963 -0.985682250598249
-2.324999999999996 -0.9860066299985433
-2.349999999999996 -0.9863201056028588
-2.374999999999996 -0.9866231940097974
-2.399999999999996 -0.9869163463998067
-2.424999999999996 -0.987199913292155
-2.4499999999999957 -0.9874744435802145
-2.4749999999999956 -0.9877402050542267
-2.4999999999999956 -0.9879976001311269
-2.5249999999999955 -0.9882470139444279
-2.5499999999999954 -0.9884886912819602
-2.5749999999999953 -0.988723014846105
-2.599999999999995 -0.9889502759918257
-2.624999999999995 -0.9891707418431452
-2.649999999999995 -0.9893846779064751
-2.674999999999995 -0.9895923664982856
-2.699999999999995 -0.989794009526211
-2.7249999999999948 -0.9899897996889605
-2.7499999999999947 -0.9901800820351186
-2.7749999999999946 -0.9903649881165935
-2.7999999999999945 -0.990544709553506
-2.8249999999999944 -0.9907194231959483
-2.8499999999999943 -0.9908893995119064
-2.8749999999999942 -0.9910547545687663
-2.899999999999994 -0.9912156273516476
-2.924999999999994 -0.9913721432362266
-2.949999999999994 -0.9915245921022926
-2.974999999999994 -0.9916730532970507
-2.999999999999994 -0.9918176356611289
-2.974999999999994 -0.9916878728236217
-2.949999999999994 -0.991543620866389
-2.924999999999994 -0.9913935138376252
-2.899999999999994 -0.9912383723700248
-2.8749999999999942 -0.9910785851346899
-2.8499999999999943 -0.9909142346399217
-2.8249999999999944 -0.9907452324561248
-2.7999999999999945 -0.9905713930729336
-2.7749999999999946 -0.9903925481733404
-2.7499999999999947 -0.9902085953278311
-2.7249999999999948 -0.9900193545809051
-2.699999999999995 -0.989824533485978
-2.674999999999995 -0.9896239470238098
-2.649999999999995 -0.9894174330929272
-2.624999999999995 -0.9892047207671503
-2.599999999999995 -0.9889854507949134
-2.5749999999999953 -0.9887595146326706
-2.5499999999999954 -0.9885265503657011
-2.5249999999999955 -0.9882862443869755
-2.4999999999999956 -0.9880383643085882
-2.4749999999999956 -0.9877825712603
-2.4499999999999957 -0.9875184519430188
-2.424999999999996 -0.9872457521468101
-2.399999999999996 -0.9869639783519808
-2.374999999999996 -0.986672814332954
-2.349999999999996 -0.9863718451829513
-2.324999999999996 -0.986060519940566
-2.2999999999999963 -0.9857384733427522
-2.2749999999999964 -0.9854051551391453
-2.2499999999999964 -0.9850600758050554
-2.2249999999999965 -0.9847026176909371
-2.1999999999999966 -0.9843322554056883
-2.1749999999999967 -0.983948235818637
-2.149999999999997 -0.983550047861149
-2.124999999999997 -0.9831368366624069
-2.099999999999997 -0.9827079613903861
-2.074999999999997 -0.982262572210968
-2.049999999999997 -0.981799780498005
-2.0249999999999972 -0.9813186983645885
-1.9999999999999973 -0.9808183699086429
-1.9749999999999974 -0.9802977479912532
-1.9499999999999975 -0.979755721586856
-1.9249999999999976 -0.9791911104847162
-1.8999999999999977 -0.9786026186153842
-1.8749999999999978 -0.9779889048538417
-1.8499999999999979 -0.977348549393188
-1.824999999999998 -0.9766799315153589
-1.799999999999998 -0.9759814185061966
-1.7749999999999981 -0.9752511981620204
-1.7499999999999982 -0.9744873242638264
-1.7249999999999983 -0.9736876875629651
-1.6999999999999984 -0.9728500570491314
-1.6749999999999985 -0.9719720135838862
-1.6499999999999986 -0.9710509013665979
-1.6249999999999987 -0.97008387593046
-1.5999999999999988 -0.9690678569351214
-1.5749999999999988 -0.9679994923794232
-1.549999999999999 -0.9668751380427915
-1.524999999999999 -0.9656908390029685
-1.4999999999999991 -0.9644422736334459
-1.4749999999999992 -0.9631247341096199
-1.4499999999999993 -0.9617330943819709
-1.4249999999999994 -0.9602616540636227
-1.3999999999999995 -0.9587042361355226
-1.3749999999999996 -0.9570541102248689
-1.3499999999999996 -0.955303717212174
-1.3249999999999997 -0.9534447812903765
-1.2999999999999998 -0.9514681393256772
-1.275 -0.94936378548441
-1.25 -0.9471203440598431
-1.225 -0.9447253318626615
-1.2000000000000002 -0.9421647881160975
-1.1750000000000003 -0.9394231727884047
-1.1500000000000004 -0.9364830802885541
-1.1250000000000004 -0.933325042472536
-1.1000000000000005 -0.9299273266110168
-1.0750000000000006 -0.9262656503334485
-1.0500000000000007 -0.9223128034200159
-1.0250000000000008 -0.9180382363576354
-1.0000000000000009 -0.9134114473693107
-0.9750000000000009 -0.9084255191355636
-0.9500000000000008 -0.9031296810739599
-0.9250000000000008 -0.8975456887946892
-0.9000000000000008 -0.891686519950107
-0.8750000000000008 -0.8855607075977938
-0.8500000000000008 -0.8791739840469855
-0.8250000000000007 -0.8725307888751564
-0.8000000000000007 -0.8656338317218403
-0.7750000000000007 -0.8584851784742646
-0.7500000000000007 -0.8510861473522755
-0.7250000000000006 -0.8434376498074256
-0.7000000000000006 -0.835539998321768
-0.6750000000000006 -0.8273933924728468
-0.6500000000000006 -0.8189977290027406
-0.6250000000000006 -0.8103527456815942
-0.6000000000000005 -0.8014578901612792
-0.5750000000000005 -0.7923124404664773
-0.5500000000000005 -0.7829153301807413
-0.5250000000000005 -0.7732647379111316
-0.5000000000000004 -0.7633580636802176
-0.4750000000000004 -0.7531912584653443
-0.4500000000000004 -0.7427592356946149
-0.4250000000000004 -0.7320556445144263
-0.40000000000000036 -0.7210736927534362
-0.37500000000000033 -0.7098078819375466
-0.3500000000000003 -0.6982543347010112
-0.3250000000000003 -0.6864114623025767
-0.30000000000000027 -0.6742777711285237
-0.27500000000000024 -0.6618503261347725
-0.2500000000000002 -0.649123852146324
-0.22500000000000023 -0.6360910203760783
-0.20000000000000023 -0.6227420867252511
-0.17500000000000024 -0.6090658075966777
-0.15000000000000024 -0.595049887209369
-0.12500000000000025 -0.5806805720697008
-0.10000000000000026 -0.5659432629625032
-0.07500000000000026 -0.5508218041889347
-0.05000000000000026 -0.5352987719036064
-0.025000000000000258 -0.5193550739720756
-2.5673907444456745e-16 -0.5029694745939991
0.024999999999999745 -0.4861188885728662
0.049999999999999746 -0.4687771742250096
0.07499999999999975 -0.45091330242760047
0.09999999999999976 -0.43249495924316145
0.12499999999999975 -0.41348378582253636
0.14999999999999974 -0.39383497384555005
0.17499999999999974 -0.37349800540002503
0.19999999999999973 -0.35241235728315023
0.22499999999999973 -0.33050626170316827
0.24999999999999972 -0.3076935850800216
0.27499999999999974 -0.2838685193306042
0.29999999999999977 -0.2588993616366587
0.3249999999999998 -0.2326168270229928
0.3499999999999998 -0.20479813177329423
0.37499999999999983 -0.17513737686036215
0.39999999999999986 -0.143191320010251
0.4249999999999999 -0.1082671032316969
0.4499999999999999 -0.06914123508526479
0.4749999999999999 -0.023079898299823938
0.49999999999999994 0.08458426502093858
0.5249999999999999 0.39351679472638657
0.5499999999999999 0.5213430422682788
0.575 0.6008350861136791
0.6 0.6573481777470436
0.625 0.6993609088870376
0.65 0.73075213921294
0.675 0.7561408540330401
0.7000000000000001 0.777791246208871
0.7250000000000001 0.7972494601686346
0.7500000000000001 0.8145764666561818
0.7750000000000001 0.8313704210408018
0.8000000000000002 0.8464052037370012
0.8250000000000002 0.8598604214557085
0.8500000000000002 0.8709802634688618
0.8750000000000002 0.8803193324932802
0.9000000000000002 0.8881236027271527
0.9250000000000003 0.8951323380553303
0.9500000000000003 0.901353805374951
0.9750000000000003 0.9071031812776555
1.0000000000000002 0.912514006689024
1.0250000000000001 0.9174676612517194
1.05 0.921910087189611
1.075 0.925946297088053
1.0999999999999999 0.9296921329665483
1.1249999999999998 0.933156319162907
1.1499999999999997 0.936333104668295
1.1749999999999996 0.9392904629040137
1.1999999999999995 0.9420376635623641
1.2249999999999994 0.944563625510196
1.2499999999999993 0.9469121546594043
1.2749999999999992 0.9491196430225582
1.2999999999999992 0.9512015299007595
1.324999999999999 0.9531566729030281
1.349999999999999 0.9550048080588527
1.374999999999999 0.9567461863768216
1.3999999999999988 0.9583887004328338
1.4249999999999987 0.9599458910436367
1.4499999999999986 0.9614218886888498
1.4749999999999985 0.9628223106084436
1.4999999999999984 0.9641520665502668
1.5249999999999984 0.965411704364198
1.5499999999999983 0.9666075545202266
1.5749999999999982 0.9677443031033217
1.599999999999998 0.9688258192629698
1.624999999999998 0.9698550213563779
1.649999999999998 0.970834277280716
1.6749999999999978 0.971766903711151
1.6999999999999977 0.9726561043520073
1.7249999999999976 0.9735044175087676
1.7499999999999976 0.974314262639711
1.7749999999999975 0.9750878713336987
1.7999999999999974 0.9758273120853728
1.8249999999999973 0.9765345078973192
1.8499999999999972 0.9772111822677586
1.8749999999999971 0.9778591367667152
1.899999999999997 0.9784799216539116
1.924999999999997 0.9790749797838069
1.9499999999999968 0.9796457422456396
1.9749999999999968 0.980193510540284
1.9999999999999967 0.9807194547013488
2.024999999999997 0.9812247649161753
2.0499999999999967 0.9817104734155699
2.0749999999999966 0.9821776035228805
2.0999999999999965 0.982627061651049
2.1249999999999964 0.9830597704768136
2.1499999999999964 0.9834765074013411
2.1749999999999963 0.9838780719285177
2.199999999999996 0.9842651859725516
2.224999999999996 0.9846385141361771
2.249999999999996 0.984998748778294
2.274999999999996 0.9853464752367407
2.299999999999996 0.9856822492491315
2.3249999999999957 0.9860066284801997
2.3499999999999956 0.9863201045479499
2.3749999999999956 0.9866231927550688
2.3999999999999955 0.9869163450115874
2.4249999999999954 0.9871999118207525
2.4499999999999953 0.9874744420578673
2.474999999999995 0.9877402034493228
2.499999999999995 0.9879975985171083
2.524999999999995 0.9882470123460578
2.549999999999995 0.9884886896587326
2.574999999999995 0.9887230132463313
2.5999999999999948 0.9889502743926798
2.6249999999999947 0.989170740170158
2.6499999999999946 0.989384676316319
2.6749999999999945 0.9895923649055794
2.6999999999999944 0.989794007884192
2.7249999999999943 0.9899897981394742
2.7499999999999942 0.9901800805041969
2.774999999999994 0.9903649865849888
2.799999999999994 0.9905447080411011
2.824999999999994 0.9907194220189315
2.849999999999994 0.9908893982830362
2.874999999999994 0.9910547531708123
2.8999999999999937 0.9912156259206681
2.9249999999999936 0.9913721418228891
2.9499999999999935 0.9915245907061798
2.9749999999999934 0.9916730517981358
2.9999999999999933 0.9918176343079451