0 0.00029176753863578865
0.025 0.016413200001725158
0.05 0.032942019564208454
0.07500000000000001 0.049647544493117896
0.1 0.06646557483103403
0.125 0.08339922552577247
0.15 0.1004713413393706
0.175 0.11771255010467395
0.19999999999999998 0.13515996063959948
0.22499999999999998 0.15285580454668635
0.24999999999999997 0.17084964664933136
0.27499999999999997 0.1892009143213532
0.3 0.20798158162562624
0.325 0.22728299821637032
0.35000000000000003 0.24722371083147285
0.37500000000000006 0.2679647107764231
0.4000000000000001 0.2897379255417486
0.4250000000000001 0.31290319934532435
0.4500000000000001 0.3380933373017837
0.47500000000000014 0.36671639027779923
0.5000000000000001 0.42655040731547866
0.5250000000000001 0.5848961899696011
0.5500000000000002 0.6561489669533525
0.5750000000000002 0.7013800497511323
0.6000000000000002 0.7385202857406031
0.6250000000000002 0.7687610785900488
0.6500000000000002 0.7899731043910255
0.6750000000000003 0.8069014792758534
0.7000000000000003 0.8217950516636532
0.7250000000000003 0.8348728079456942
0.7500000000000003 0.8452815695736425
0.7750000000000004 0.8550933255912793
0.8000000000000004 0.8635733458938162
0.8250000000000004 0.8709538344012792
0.8500000000000004 0.8780741922690335
0.8750000000000004 0.8845002909322233
0.9000000000000005 0.8906680382064887
0.9250000000000005 0.8965871888127321
0.9500000000000005 0.9021352638047793
0.9750000000000005 0.9074276805819913
1.0000000000000004 0.9124433921442394
1.0250000000000004 0.9171698719475202
1.0500000000000003 0.9214951585269264
1.0750000000000002 0.9254972208026077
1.1 0.9292064571667779
1.125 0.9326515789870575
1.15 0.9358571461266397
1.1749999999999998 0.9388442514845274
1.1999999999999997 0.9416313397243136
1.2249999999999996 0.9442348844802153
1.2499999999999996 0.9466699579162038
1.2749999999999995 0.9489501563518192
1.2999999999999994 0.9510881054601913
1.3249999999999993 0.9530951355096572
1.3499999999999992 0.9549816131441289
1.3749999999999991 0.956756908673187
1.399999999999999 0.9584295760158393
1.424999999999999 0.9600073026649323
1.4499999999999988 0.9614972033778336
1.4749999999999988 0.96290561550004
1.4999999999999987 0.9642383435114786
1.5249999999999986 0.9655007478402602
1.5499999999999985 0.9666976910008703
1.5749999999999984 0.9678335728328084
1.5999999999999983 0.9689125095078304
1.6249999999999982 0.9699381932898673
1.6499999999999981 0.970914121947836
1.674999999999998 0.9718433804195894
1.699999999999998 0.9727289950715357
1.7249999999999979 0.973573562043168
1.7499999999999978 0.9743795911909788
1.7749999999999977 0.975149400664471
1.7999999999999976 0.9758851399205671
1.8249999999999975 0.9765887866325328
1.8499999999999974 0.9772621064066417
1.8749999999999973 0.9779069041158451
1.8999999999999972 0.9785247384481651
1.9249999999999972 0.9791170432078247
1.949999999999997 0.979685254879186
1.974999999999997 0.9802306525834739
1.999999999999997 0.9807544031966768
2.024999999999997 0.9812576779468616
2.0499999999999967 0.981741500123155
2.0749999999999966 0.9822068820410403
2.0999999999999965 0.9826547127599043
2.1249999999999964 0.9830859070042772
2.1499999999999964 0.9835012397622942
2.1749999999999963 0.9839014948918932
2.199999999999996 0.984287385992632
2.224999999999996 0.9846595779174929
2.249999999999996 0.9850187475524853
2.274999999999996 0.9853654803174706
2.299999999999996 0.9857003204600338
2.3249999999999957 0.9860238252301212
2.3499999999999956 0.9863364776244858
2.3749999999999956 0.9866387927415871
2.3999999999999955 0.9869312199113571
2.4249999999999954 0.9872141023246349
2.4499999999999953 0.9874879890628707
2.474999999999995 0.9877531449245259
2.499999999999995 0.9880099690210817
2.524999999999995 0.9882588428117515
2.549999999999995 0.9885000120140264
2.574999999999995 0.9887338554984946
2.5999999999999948 0.9889606651683606
2.6249999999999947 0.9891806990359867
2.6499999999999946 0.9893942191446807
2.6749999999999945 0.9896015190562203
2.6999999999999944 0.9898027946316584
2.7249999999999943 0.9899982338792152
2.7499999999999942 0.9901881832872315
2.774999999999994 0.9903727702625214
2.799999999999994 0.9905521902647911
2.824999999999994 0.9907266191464827
2.849999999999994 0.9908963230648227
2.874999999999994 0.9910614231542476
2.8999999999999937 0.9912220503896277
2.9249999999999936 0.9913783312848693
2.9499999999999935 0.9915305545614416
2.9749999999999934 0.991678801184616
2.9999999999999933 0.9918231811903774
2.9749999999999934 0.9916884947742244
2.9499999999999935 0.9915410537077014
2.9249999999999936 0.9913892402840186
2.8999999999999937 0.9912331662886303
2.874999999999994 0.9910728135713702
2.849999999999994 0.9909080662390446
2.824999999999994 0.9907387471819271
2.799999999999994 0.9905646230157362
2.774999999999994 0.9903854977736004
2.7499999999999942 0.9902012580292521
2.7249999999999943 0.9900117229969176
2.6999999999999944 0.9898165964830794
2.6749999999999945 0.9896156910745658
2.6499999999999946 0.9894088404687401
2.6249999999999947 0.9891957788710325
2.5999999999999948 0.9889761361102681
2.574999999999995 0.9887498138745107
2.549999999999995 0.9885164425971917
2.524999999999995 0.9882757159945805
2.499999999999995 0.9880273863711472
2.474999999999995 0.9877711192048498
2.4499999999999953 0.9875064957595058
2.4249999999999954 0.987233265774841
2.3999999999999955 0.9869509365344363
2.3749999999999956 0.9866591872850075
2.3499999999999956 0.9863575962156846
2.3249999999999957 0.9860456164185432
2.299999999999996 0.9857228660986191
2.274999999999996 0.9853888101331261
2.249999999999996 0.9850429533264162
2.224999999999996 0.9846846635022155
2.199999999999996 0.9843134144694001
2.1749999999999963 0.9839284636202495
2.1499999999999964 0.983529282099806
2.1249999999999964 0.9831150100931944
2.0999999999999965 0.9826850038201548
2.0749999999999966 0.9822384083886875
2.0499999999999967 0.9817743310769659
2.024999999999997 0.9812918827636548
1.999999999999997 0.9807900876635481
1.974999999999997 0.9802678883265953
1.949999999999997 0.9797241776787712
1.9249999999999972 0.9791577610453431
1.8999999999999972 0.9785673331621181
1.8749999999999973 0.9779515376386961
1.8499999999999974 0.9773089477842876
1.8249999999999975 0.9766379199642213
1.7999999999999976 0.9759368122422125
1.7749999999999977 0.9752037801075775
1.7499999999999978 0.9744368724535405
1.7249999999999979 0.973633962819364
1.699999999999998 0.9727927861902282
1.674999999999998 0.9719108952269089
1.6499999999999981 0.9709855968153804
1.6249999999999982 0.9700140264576221
1.5999999999999983 0.9689930538055985
1.5749999999999984 0.9679192986969218
1.5499999999999985 0.9667890549764694
1.5249999999999986 0.9655983080156794
1.4999999999999987 0.9643426970811033
1.4749999999999988 0.9630174373737179
1.4499999999999988 0.9616173059166772
1.424999999999999 0.9601365368867187
1.399999999999999 0.9585688642508176
1.3749999999999991 0.9569074407378785
1.3499999999999992 0.9551445811264102
1.3249999999999993 0.9532718875482765
1.2999999999999994 0.9512800492201018
1.2749999999999995 0.9491588921299376
1.2499999999999996 0.9468968586614626
1.2249999999999996 0.9444812569599105
1.1999999999999997 0.9418979211886922
1.1749999999999998 0.9391310654501189
1.15 0.9361630102740762
1.125 0.932974010237282
1.1 0.9295420327296523
1.0750000000000002 0.9258424832571581
1.0500000000000003 0.9218478995186165
1.0250000000000004 0.9175275063324188
1.0000000000000004 0.9128506291912069
0.9750000000000004 0.907819623186685
0.9500000000000004 0.9024565389895929
0.9250000000000004 0.8968099206400673
0.9000000000000004 0.8908852820326657
0.8750000000000003 0.8846923901935821
0.8500000000000003 0.8782385464079454
0.8250000000000003 0.8715299168463371
0.8000000000000003 0.8645707033675231
0.7750000000000002 0.8573636919530143
0.7500000000000002 0.8499099797691644
0.7250000000000002 0.8422098579554662
0.7000000000000002 0.8342641715231802
0.6750000000000002 0.8260753916973785
0.6500000000000001 0.8176452128615544
0.6250000000000001 0.8089711824950779
0.6000000000000001 0.8000421323279635
0.5750000000000001 0.7908460810589957
0.55 0.7813798483958725
0.525 0.771657773640837
0.5 0.7616978436621369
0.475 0.751498936000499
0.44999999999999996 0.7410517660112559
0.42499999999999993 0.7303471377614646
0.3999999999999999 0.7193772571738969
0.3749999999999999 0.7081356557006946
0.34999999999999987 0.6966157225825012
0.32499999999999984 0.684811184784596
0.2999999999999998 0.672715149641116
0.2749999999999998 0.6603201271831802
0.2499999999999998 0.6476179246945086
0.2249999999999998 0.6345999516348088
0.19999999999999982 0.621256421663696
0.17499999999999982 0.6075767456230295
0.14999999999999983 0.593549501543906
0.12499999999999983 0.5791618022890457
0.09999999999999984 0.5643998468617327
0.07499999999999984 0.5492480180122539
0.04999999999999984 0.5336893237722706
0.024999999999999842 0.5177048476466503
-1.5959455978986625e-16 0.5012734026034981
-0.02500000000000016 0.48437177488045324
-0.05000000000000016 0.46697355213327285
-0.07500000000000016 0.44904725705098153
-0.10000000000000017 0.43056006835621063
-0.12500000000000017 0.41147289273962123
-0.15000000000000016 0.3917400657359376
-0.17500000000000016 0.3713098605480328
-0.20000000000000015 0.35012042586651326
-0.22500000000000014 0.3280982507929315
-0.25000000000000017 0.3051550311256558
-0.2750000000000002 0.28118227924406125
-0.3000000000000002 0.25604464535359794
-0.32500000000000023 0.22956830648200158
-0.35000000000000026 0.20152430492797815
-0.3750000000000003 0.17159823492535414
-0.4000000000000003 0.13933495088981018
-0.4250000000000003 0.10402401494677103
-0.45000000000000034 0.06441481188186948
-0.47500000000000037 0.017728520108813983
-0.5000000000000003 -0.09057362301453327
-0.5250000000000004 -0.4009872322864098
-0.5500000000000004 -0.532009249962196
-0.5750000000000004 -0.6197686313081661
-0.6000000000000004 -0.68670328668922
-0.6250000000000004 -0.7326068039450778
-0.6500000000000005 -0.764453378925769
-0.6750000000000005 -0.7904066360472899
-0.7000000000000005 -0.8108948022145502
-0.7250000000000005 -0.8277404220193427
-0.7500000000000006 -0.8413843605451867
-0.7750000000000006 -0.8532209660079503
-0.8000000000000006 -0.8625405515588702
-0.8250000000000006 -0.8708109524217086
-0.8500000000000006 -0.8782508906268305
-0.8750000000000007 -0.8849250942795968
-0.9000000000000007 -0.89104193365643
-0.9250000000000007 -0.8968590311488317
-0.9500000000000007 -0.9024334598102941
-0.9750000000000008 -0.9076734432521629
-1.0000000000000007 -0.9125936321702236
-1.0250000000000006 -0.9173082580307952
-1.0500000000000005 -0.9215906252993518
-1.0750000000000004 -0.9255787757654618
-1.1000000000000003 -0.9292699480289993
-1.1250000000000002 -0.9326991418916407
-1.1500000000000001 -0.9358928477249193
-1.175 -0.9388701061985076
-1.2 -0.9416493513537947
-1.2249999999999999 -0.9442475678167661
-1.2499999999999998 -0.9466771749102666
-1.2749999999999997 -0.9489543298322557
-1.2999999999999996 -0.9510904641762334
-1.3249999999999995 -0.9530964303040188
-1.3499999999999994 -0.9549822980444616
-1.3749999999999993 -0.956757255313918
-1.3999999999999992 -0.9584297408702573
-1.4249999999999992 -0.9600073750600346
-1.449999999999999 -0.961497231446647
-1.474999999999999 -0.9629056206958103
-1.499999999999999 -0.9642383385121156
-1.5249999999999988 -0.9655007411718938
-1.5499999999999987 -0.966697682495873
-1.5749999999999986 -0.9678335675709479
-1.5999999999999985 -0.9689125056316409
-1.6249999999999984 -0.9699381897202203
-1.6499999999999984 -0.9709141204444222
-1.6749999999999983 -0.9718433805894371
-1.6999999999999982 -0.9727289956649713
-1.724999999999998 -0.9735735625630341
-1.749999999999998 -0.9743795927630521
-1.774999999999998 -0.9751494024285933
-1.7999999999999978 -0.9758851419639767
-1.8249999999999977 -0.9765887885324467
-1.8499999999999976 -0.9772621096849959
-1.8749999999999976 -0.9779069069901916
-1.8999999999999975 -0.9785247425086262
-1.9249999999999974 -0.9791170472848718
-1.9499999999999973 -0.9796852596739761
-1.9749999999999972 -0.9802306562425033
-1.9999999999999971 -0.9807544075822906
-2.0249999999999972 -0.9812576818901968
-2.049999999999997 -0.9817415046700109
-2.074999999999997 -0.9822068870082409
-2.099999999999997 -0.9826547170769943
-2.124999999999997 -0.9830859116104022
-2.149999999999997 -0.983501244456748
-2.1749999999999967 -0.983901499961751
-2.1999999999999966 -0.9842873909835166
-2.2249999999999965 -0.9846595829360894
-2.2499999999999964 -0.9850187523129638
-2.2749999999999964 -0.9853654852552498
-2.2999999999999963 -0.9857003257271771
-2.324999999999996 -0.9860238298996082
-2.349999999999996 -0.986336482422456
-2.374999999999996 -0.9866387974962144
-2.399999999999996 -0.98693122461988
-2.424999999999996 -0.9872141068506951
-2.4499999999999957 -0.9874879936174015
-2.4749999999999956 -0.9877531491713232
-2.4999999999999956 -0.9880099733045468
-2.5249999999999955 -0.9882588473934254
-2.5499999999999954 -0.9885000163171492
-2.5749999999999953 -0.9887338599362322
-2.599999999999995 -0.9889606694415017
-2.624999999999995 -0.9891807034337898
-2.649999999999995 -0.9893942234228594
-2.674999999999995 -0.9896015230015717
-2.699999999999995 -0.9898027985051533
-2.7249999999999948 -0.9899982378733022
-2.7499999999999947 -0.9901881869063832
-2.7749999999999946 -0.9903727741490449
-2.7999999999999945 -0.9905521942032682
-2.8249999999999944 -0.9907266227850242
-2.8499999999999943 -0.9908963268050754
-2.8749999999999942 -0.9910614266868784
-2.899999999999994 -0.991222054006269
-2.924999999999994 -0.9913783343022421
-2.949999999999994 -0.9915305581590518
-2.974999999999994 -0.991678804753427
-2.999999999999994 -0.9918231845497258
-2.974999999999994 -0.9916884981403493
-2.949999999999994 -0.9915410567321065
-2.924999999999994 -0.9913892434960396
-2.899999999999994 -0.9912331696760774
-2.8749999999999942 -0.991072817232245
-2.8499999999999943 -0.99090806984876
-2.8249999999999944 -0.9907387508482363
-2.7999999999999945 -0.9905646267368394
-2.7749999999999946 -0.9903855014340789
-2.7499999999999947 -0.990201261874983
-2.7249999999999948 -0.9900117268576833
-2.699999999999995 -0.9898166005070688
-2.674999999999995 -0.9896156950869617
-2.649999999999995 -0.9894088444447537
-2.624999999999995 -0.9891957828872804
-2.599999999999995 -0.9889761403014324
-2.5749999999999953 -0.9887498180344818
-2.5499999999999954 -0.9885164468138415
-2.5249999999999955 -0.9882757200599956
-2.4999999999999956 -0.9880273906401031
-2.4749999999999956 -0.9877711236954002
-2.4499999999999957 -0.9875065000250852
-2.424999999999996 -0.9872332702753962
-2.399999999999996 -0.9869509411131826
-2.374999999999996 -0.9866591920007156
-2.349999999999996 -0.9863576011818284
-2.324999999999996 -0.9860456214332907
-2.2999999999999963 -0.9857228709708216
-2.2749999999999964 -0.9853888150922663
-2.2499999999999964 -0.9850429583256519
-2.2249999999999965 -0.984684668610267
-2.1999999999999966 -0.9843134195875858
-2.1749999999999967 -0.9839284686108097
-2.149999999999997 -0.983529287226793
-2.124999999999997 -0.9831150153354068
-2.099999999999997 -0.9826850091823259
-2.074999999999997 -0.9822384135785838
-2.049999999999997 -0.98177433615473
-2.0249999999999972 -0.9812918880366398
-1.9999999999999973 -0.9807900927579313
-1.9749999999999974 -0.9802678934447975
-1.9499999999999975 -0.9797241828124347
-1.9249999999999976 -0.9791577661085538
-1.8999999999999977 -0.9785673381372822
-1.8749999999999978 -0.9779515426384587
-1.8499999999999979 -0.9773089517200162
-1.824999999999998 -0.9766379248025543
-1.799999999999998 -0.9759368166717043
-1.7749999999999981 -0.9752037844779705
-1.7499999999999982 -0.9744368765962839
-1.7249999999999983 -0.9736339666298365
-1.6999999999999984 -0.9727927895814809
-1.6749999999999985 -0.9719108983666667
-1.6499999999999986 -0.9709855994268074
-1.6249999999999987 -0.9700140284026214
-1.5999999999999988 -0.9689930553173433
-1.5749999999999988 -0.9679192995249547
-1.549999999999999 -0.966789054085572
-1.524999999999999 -0.9655983070191294
-1.4999999999999991 -0.9643426943902725
-1.4749999999999992 -0.9630174332361481
-1.4499999999999993 -0.9616172999827207
-1.4249999999999994 -0.9601365290348145
-1.3999999999999995 -0.9585688533957837
-1.3749999999999996 -0.9569074259689185
-1.3499999999999996 -0.9551445617977588
-1.3249999999999997 -0.9532718620968768
-1.2999999999999998 -0.9512800148492895
-1.275 -0.9491588491069431
-1.25 -0.9468968028351976
-1.225 -0.944481186875116
-1.2000000000000002 -0.9418978341777761
-1.1750000000000003 -0.9391309602022284
-1.1500000000000004 -0.9361628798311575
-1.1250000000000004 -0.9329738503377079
-1.1000000000000005 -0.9295418362736643
-1.0750000000000006 -0.9258422436818792
-1.0500000000000007 -0.9218476069280954
-1.0250000000000008 -0.9175271416932864
-1.0000000000000009 -0.9128501614521158
-0.9750000000000009 -0.9078096529294741
-0.9500000000000008 -0.9024550940001514
-0.9250000000000008 -0.8968086313114677
-0.9000000000000008 -0.8908839904900715
-0.8750000000000008 -0.8846908916881617
-0.8500000000000008 -0.8782364843745678
-0.8250000000000007 -0.8715265694144426
-0.8000000000000007 -0.8645644532808285
-0.7750000000000007 -0.8573508760090414
-0.7500000000000007 -0.8498830326303868
-0.7250000000000006 -0.8421568380224116
-0.7000000000000006 -0.834173327864286
-0.6750000000000006 -0.8259415872089879
-0.6500000000000006 -0.8174711168157776
-0.6250000000000006 -0.8087658688672172
-0.6000000000000005 -0.7998246204075509
-0.5750000000000005 -0.7906439197719202
-0.5500000000000005 -0.7812198709874177
-0.5250000000000005 -0.7715485265476504
-0.5000000000000004 -0.7616261813239651
-0.4750000000000004 -0.7514488231195021
-0.4500000000000004 -0.7410126116458392
-0.4250000000000004 -0.7303132942642755
-0.40000000000000036 -0.7193459879557667
-0.37500000000000033 -0.7081057218650626
-0.3500000000000003 -0.6965865952646163
-0.3250000000000003 -0.684782667672547
-0.30000000000000027 -0.6726871833252969
-0.27500000000000024 -0.6602927189367387
-0.2500000000000002 -0.6475911090732668
-0.22500000000000023 -0.634573759890044
-0.20000000000000023 -0.6212309060118648
-0.17500000000000024 -0.6075519531052844
-0.15000000000000024 -0.5935254726275627
-0.12500000000000025 -0.5791385889580175
-0.10000000000000026 -0.5643774990196858
-0.07500000000000026 -0.549226606683477
-0.05000000000000026 -0.5336688547722108
-0.025000000000000258 -0.5176853616520871
-2.5673907444456745e-16 -0.5012549495969719
0.024999999999999745 -0.4843544062044454
0.049999999999999746 -0.46695732681029345
0.07499999999999975 -0.4490322325085912
0.09999999999999976 -0.4305462905852972
0.12499999999999975 -0.411460420333247
0.14999999999999974 -0.39172894908864153
0.17499999999999974 -0.37130016414667705
0.19999999999999973 -0.3501121994733512
0.22499999999999973 -0.3280915593551671
0.24999999999999972 -0.3051499355466089
0.27499999999999974 -0.2811788238093751
0.29999999999999977 -0.2560429390433225
0.3249999999999998 -0.2295684065906519
0.3499999999999998 -0.2015263222082905
0.37499999999999983 -0.17160225482358038
0.39999999999999986 -0.13934105517609793
0.4249999999999999 -0.10403230013405697
0.4499999999999999 -0.06442536771920647
0.4749999999999999 -0.01774139567505377
0.49999999999999994 0.09055693081857716
0.5249999999999999 0.40096654115012637
0.5499999999999999 0.5319814947385539
0.575 0.6197378995633835
0.6 0.6866547920599859
0.625 0.7325763585013438
0.65 0.764419508302648
0.675 0.7903656965944654
0.7000000000000001 0.8108422014100373
0.7250000000000001 0.8276710304211519
0.7500000000000001 0.8413463026478704
0.7750000000000001 0.8532458595851654
0.8000000000000002 0.8625919523534379
0.8250000000000002 0.8708520100632525
0.8500000000000002 0.8782817596196915
0.8750000000000002 0.8849488460864642
0.9000000000000002 0.8910619755321912
0.9250000000000003 0.8968767344531089
0.9500000000000003 0.9024493884050755
0.9750000000000003 0.907687984648047
1.0000000000000002 0.9126062234753384
1.0250000000000001 0.9173172720191514
1.05 0.9215974836814829
1.075 0.9255837774353347
1.0999999999999999 0.9292734346041187
1.1249999999999998 0.9327014687346037
1.1499999999999997 0.9358943471060108
1.1749999999999996 0.9388710507053706
1.1999999999999995 0.9416499444307416
1.2249999999999994 0.9442479478841118
1.2499999999999993 0.946677431190734
1.2749999999999992 0.9489545124366648
1.2999999999999992 0.9510905998075271
1.324999999999999 0.9530965349620741
1.349999999999999 0.9549823820798573
1.374999999999999 0.9567573234799854
1.3999999999999988 0.9584297960568969
1.4249999999999987 0.9600074208985352
1.4499999999999986 0.9614972690126857
1.4749999999999985 0.9629056523087332
1.4999999999999984 0.9642383649534076
1.5249999999999984 0.9655007627982084
1.5499999999999983 0.9666977000710684
1.5749999999999982 0.9678335815068853
1.599999999999998 0.968912517351397
1.624999999999998 0.9699381989374428
1.649999999999998 0.9709141276571222
1.6749999999999978 0.971843386129585
1.6999999999999977 0.9727289994811547
1.7249999999999976 0.973573565073131
1.7499999999999976 0.974379594368932
1.7749999999999975 0.9751494030506901
1.7999999999999974 0.9758851419284991
1.8249999999999973 0.9765887878118787
1.8499999999999972 0.9772621083888103
1.8749999999999971 0.9779069052449356
1.899999999999997 0.9785247402789823
1.924999999999997 0.9791170447611893
1.9499999999999968 0.979685256706329
1.9749999999999968 0.9802306537470852
1.9999999999999967 0.9807544045286429
2.024999999999997 0.9812576785799951
2.0499999999999967 0.9817415011846976
2.0749999999999966 0.9822068832978246
2.0999999999999965 0.9826547138429005
2.1249999999999964 0.9830859080247394
2.1499999999999964 0.983501240587479
2.1749999999999963 0.9839014961206634
2.199999999999996 0.9842873871474643
2.224999999999996 0.984659579081587
2.249999999999996 0.985018748356581
2.274999999999996 0.9853654814141171
2.299999999999996 0.9857003218978281
2.3249999999999957 0.9860238259965367
2.3499999999999956 0.98633647864178
2.3749999999999956 0.9866387937344203
2.3999999999999955 0.9869312208805106
2.4249999999999954 0.9872141031876661
2.4499999999999953 0.9874879900050707
2.474999999999995 0.9877531455933688
2.499999999999995 0.9880099697897173
2.524999999999995 0.9882588439313971
2.549999999999995 0.9885000128755462
2.574999999999995 0.9887338565446462
2.5999999999999948 0.9889606661005921
2.6249999999999947 0.9891807001518802
2.6499999999999946 0.9893942201443375
2.6749999999999945 0.9896015197224659
2.6999999999999944 0.9898027953753861
2.7249999999999943 0.9899982347920736
2.7499999999999942 0.9901881838857389
2.774999999999994 0.9903727711568793
2.799999999999994 0.9905521912489763
2.824999999999994 0.9907266198933388
2.849999999999994 0.9908963239244106
2.874999999999994 0.9910614239170156
2.8999999999999937 0.9912220512307675
2.9249999999999936 0.9913783316086883
2.9499999999999935 0.9915305555218917
2.9749999999999934 0.9916788020703906
2.9999999999999933 0.9918231819800125