0 0.000528302492920998
0.025 0.016026283153319755
0.05 0.032030058743230935
0.07500000000000001 0.04844654081534038
0.1 0.06506981630869421
0.125 0.0818124341355232
0.15 0.09870361914685137
0.175 0.11579339549818814
0.19999999999999998 0.13313837132068404
0.22499999999999998 0.15080367995064287
0.24999999999999997 0.16882059198680746
0.27499999999999997 0.18720061411657363
0.3 0.2059877904497181
0.325 0.2252661954334799
0.35000000000000003 0.24515413284543347
0.37500000000000006 0.2658122242520236
0.4000000000000001 0.28746956832951354
0.4250000000000001 0.31047916823191096
0.4500000000000001 0.3354605889355873
0.47500000000000014 0.36379651287788983
0.5000000000000001 0.4234469457447825
0.5250000000000001 0.5806126178511001
0.5500000000000002 0.6496568036710768
0.5750000000000002 0.6924165666034723
0.6000000000000002 0.7271205111902763
0.6250000000000002 0.7536740880618774
0.6500000000000002 0.7730113270120497
0.6750000000000003 0.78915542748066
0.7000000000000003 0.8046017785571057
0.7250000000000003 0.8192604422637189
0.7500000000000003 0.831742024132992
0.7750000000000004 0.844065446437607
0.8000000000000004 0.8551517363187205
0.8250000000000004 0.8650676323329491
0.8500000000000004 0.8739696449812859
0.8750000000000004 0.8819478774237856
0.9000000000000005 0.8891559970955443
0.9250000000000005 0.8955724409153042
0.9500000000000005 0.9014675680153859
0.9750000000000005 0.906928591154222
1.0000000000000004 0.9120688893244556
1.0250000000000004 0.9168315006809467
1.0500000000000003 0.9212571054764003
1.0750000000000002 0.9253739977667961
1.1 0.9291322345707693
1.125 0.9325740168414532
1.15 0.9357841671096946
1.1749999999999998 0.9387623784930497
1.1999999999999997 0.9415331431963022
1.2249999999999996 0.9441247721137221
1.2499999999999996 0.946546278888526
1.2749999999999995 0.9488287114943252
1.2999999999999994 0.9509687808685408
1.3249999999999993 0.9529702539069645
1.3499999999999992 0.9548512605085249
1.3749999999999991 0.9566237434338871
1.399999999999999 0.9582963569176045
1.424999999999999 0.9598763590197253
1.4499999999999988 0.961370284205101
1.4749999999999988 0.9627839620782758
1.4999999999999987 0.9641227500277771
1.5249999999999986 0.9653916461366018
1.5499999999999985 0.9665952553583945
1.5749999999999984 0.9677377751273539
1.5999999999999983 0.9688231638766875
1.6249999999999982 0.9698550188966871
1.6499999999999981 0.9708367891064693
1.674999999999998 0.9717715189894669
1.699999999999998 0.972662225968905
1.7249999999999979 0.9735115058936981
1.7499999999999978 0.9743218777464778
1.7749999999999977 0.9750956825307244
1.7999999999999976 0.9758350922465518
1.8249999999999975 0.9765421087711502
1.8499999999999974 0.9772185120106914
1.8749999999999973 0.9778661461991083
1.8999999999999972 0.9784865784720364
1.9249999999999972 0.9790812813717764
1.949999999999997 0.979651689651464
1.974999999999997 0.9801991113622059
1.999999999999997 0.9807247301782778
2.024999999999997 0.9812297383124353
2.0499999999999967 0.981715163224821
2.0749999999999966 0.9821820251745418
2.0999999999999965 0.9826312290666172
2.1249999999999964 0.983063701738066
2.1499999999999964 0.9834802221538389
2.1749999999999963 0.9838815816425068
2.199999999999996 0.9842685072506036
2.224999999999996 0.9846416625984505
2.249999999999996 0.9850017375574418
2.274999999999996 0.9853493114990292
2.299999999999996 0.9856849437220493
2.3249999999999957 0.9860091874649933
2.3499999999999956 0.9863225375131277
2.3749999999999956 0.9866255070833551
2.3999999999999955 0.9869185462217446
2.4249999999999954 0.9872020082974863
2.4499999999999953 0.9874764417768704
2.474999999999995 0.9877421127513684
2.499999999999995 0.9879994235649943
2.524999999999995 0.9882487561970921
2.549999999999995 0.9884903611943694
2.574999999999995 0.988724613623302
2.5999999999999948 0.9889518074452395
2.6249999999999947 0.9891722080268375
2.6499999999999946 0.989386081678863
2.6749999999999945 0.9895937107240821
2.6999999999999944 0.9897952972708933
2.7249999999999943 0.9899910348268383
2.7499999999999942 0.9901812656153308
2.774999999999994 0.9903661211183996
2.799999999999994 0.9905457962940922
2.824999999999994 0.990720467084708
2.849999999999994 0.9908904045138264
2.874999999999994 0.9910557264053251
2.8999999999999937 0.9912165664345247
2.9249999999999936 0.9913730511763943
2.9499999999999935 0.9915254674397282
2.9749999999999934 0.9916738980850236
2.9999999999999933 0.9918184500085554
2.9749999999999934 0.9916882172197987
2.9499999999999935 0.9915435096465935
2.9249999999999936 0.9913930947318658
2.8999999999999937 0.9912377509419096
2.874999999999994 0.9910778371104088
2.849999999999994 0.9909134014137274
2.824999999999994 0.9907443410387908
2.799999999999994 0.9905704564503963
2.774999999999994 0.9903915712610086
2.7499999999999942 0.9902075770887655
2.7249999999999943 0.9900182939676558
2.6999999999999944 0.9898234290562007
2.6749999999999945 0.9896227964010997
2.6499999999999946 0.9894162317877815
2.6249999999999947 0.9892034701742864
2.5999999999999948 0.988984150684437
2.574999999999995 0.9887581630326528
2.549999999999995 0.9885251417912112
2.524999999999995 0.988284774503226
2.499999999999995 0.9880368340593405
2.474999999999995 0.9877809783030699
2.4499999999999953 0.9875167899426032
2.4249999999999954 0.9872440155236321
2.3999999999999955 0.986962164869358
2.3749999999999956 0.9866709252429595
2.3499999999999956 0.9863698702131634
2.3249999999999957 0.9860584556469981
2.299999999999996 0.9857363111681963
2.274999999999996 0.9854028896146421
2.249999999999996 0.9850577042283325
2.224999999999996 0.9847001319483677
2.199999999999996 0.9843296471132114
2.1749999999999963 0.9839455062929765
2.1499999999999964 0.9835471852640292
2.1249999999999964 0.9831338314900896
2.0999999999999965 0.9827048026183801
2.0749999999999966 0.9822592510577379
2.0499999999999967 0.9817962885407756
2.024999999999997 0.9813150206227887
1.999999999999997 0.9808144951938897
1.974999999999997 0.9802936625548869
1.949999999999997 0.979751411022566
1.9249999999999972 0.9791865566303907
1.8999999999999972 0.9785978095496208
1.8749999999999973 0.9779838229448391
1.8499999999999974 0.9773431731538416
1.8249999999999975 0.976674236119127
1.7999999999999976 0.9759753826859827
1.7749999999999977 0.9752447929634303
1.7499999999999978 0.974480519992582
1.7249999999999979 0.9736804531646219
1.699999999999998 0.9728423678683817
1.674999999999998 0.9719638269329223
1.6499999999999981 0.9710421754782519
1.6249999999999982 0.9700745678398286
1.5999999999999983 0.969057909813326
1.5749999999999984 0.9679888651607288
1.5499999999999985 0.9668637617696207
1.5249999999999986 0.9656786474769469
1.4999999999999987 0.9644292013363682
1.4749999999999988 0.9631106975848707
1.4499999999999988 0.9617180063753471
1.424999999999999 0.9602454173343014
1.399999999999999 0.9586867397923481
1.3749999999999991 0.9570352288630959
1.3499999999999992 0.9552833235290306
1.3249999999999993 0.9534227277812264
1.2999999999999994 0.951444259426711
1.2749999999999995 0.9493379020940207
1.2499999999999996 0.9470922572750062
1.2249999999999996 0.9446948201203923
1.1999999999999997 0.9421316220173022
1.1749999999999998 0.9393870753536496
1.15 0.9364437517633971
1.125 0.9332821611289466
1.1 0.9298805457284535
1.0750000000000002 0.9262145867181741
1.0500000000000003 0.9222570586836496
1.0250000000000004 0.9179773753345041
1.0000000000000004 0.913345001416255
0.9750000000000004 0.9083623432570829
0.9500000000000004 0.903051197368175
0.9250000000000004 0.8974596620671782
0.9000000000000004 0.8915924670918245
0.8750000000000003 0.8854580954269118
0.8500000000000003 0.8790622842653428
0.8250000000000003 0.8724095100395934
0.8000000000000003 0.8655025868536403
0.7750000000000002 0.8583436995043057
0.7500000000000002 0.8509343375607495
0.7250000000000002 0.8432756359838905
0.7000000000000002 0.8353681532718614
0.6750000000000002 0.8272124213398923
0.6500000000000001 0.818808701803587
0.6250000000000001 0.8101571626756299
0.6000000000000001 0.8012576576823227
0.5750000000000001 0.7921098230668678
0.55 0.7827128821665492
0.525 0.7730652086434089
0.5 0.763164434081055
0.475 0.7530070453029966
0.44999999999999996 0.7425889097141619
0.42499999999999993 0.7319051770292363
0.3999999999999999 0.7209505423060276
0.3749999999999999 0.7097200049646613
0.34999999999999987 0.698207536807413
0.32499999999999984 0.6864060137008124
0.2999999999999998 0.6743057430348687
0.2749999999999998 0.6618954018532383
0.2499999999999998 0.6491649575840042
0.2249999999999998 0.6361089381035743
0.19999999999999982 0.6227250696015455
0.17499999999999982 0.6090107833427273
0.14999999999999983 0.5949597170823036
0.12499999999999983 0.5805606107815781
0.09999999999999984 0.5657990985493908
0.07499999999999984 0.5506581428502213
0.04999999999999984 0.5351191985273197
0.024999999999999842 0.5191621137083942
-1.5959455978986625e-16 0.5027647752088987
-0.02500000000000016 0.4859034260374827
-0.05000000000000016 0.4685513980275691
-0.07500000000000016 0.4506773030506343
-0.10000000000000017 0.43224854249334393
-0.12500000000000017 0.41322651220334433
-0.15000000000000016 0.3935661569853418
-0.17500000000000016 0.373216766239957
-0.20000000000000015 0.3521176660915054
-0.22500000000000014 0.33019691633343057
-0.25000000000000017 0.30736819673531107
-0.2750000000000002 0.283525414961466
-0.3000000000000002 0.2585365602777003
-0.32500000000000023 0.23223209709011097
-0.35000000000000026 0.20438881617536714
-0.3750000000000003 0.17470027102939262
-0.4000000000000003 0.14272259284312344
-0.4250000000000003 0.107762029359434
-0.45000000000000034 0.06859404467149126
-0.47500000000000037 0.022483337344690258
-0.5000000000000003 -0.08524077989290933
-0.5250000000000004 -0.39424449418478
-0.5500000000000004 -0.5221615818103195
-0.5750000000000004 -0.6017660654487652
-0.6000000000000004 -0.6584394149189324
-0.6250000000000004 -0.7006226424966172
-0.6500000000000005 -0.7322767236591127
-0.6750000000000005 -0.7580471690034349
-0.7000000000000005 -0.7802730651994324
-0.7250000000000005 -0.8006037025262206
-0.7500000000000006 -0.8190618913278261
-0.7750000000000006 -0.8367266868831265
-0.8000000000000006 -0.8516204935709096
-0.8250000000000006 -0.863924381353588
-0.8500000000000006 -0.8736976070707144
-0.8750000000000007 -0.882037797634244
-0.9000000000000007 -0.8891739630601074
-0.9250000000000007 -0.8956946560931146
-0.9500000000000007 -0.9017570759334348
-0.9750000000000008 -0.9074792060892762
-1.0000000000000007 -0.9127851016381192
-1.0250000000000006 -0.9175713208692575
-1.0500000000000005 -0.921937200038881
-1.0750000000000004 -0.9259934511580569
-1.1000000000000003 -0.929721206907877
-1.1250000000000002 -0.9331310853766838
-1.1500000000000001 -0.9363124447997923
-1.175 -0.9392572640880622
-1.2 -0.9419615377843007
-1.2249999999999999 -0.9444731525341732
-1.2499999999999998 -0.9468365051505941
-1.2749999999999997 -0.9490573642824427
-1.2999999999999996 -0.9511470400838156
-1.3249999999999995 -0.9531152639181358
-1.3499999999999994 -0.954964064556134
-1.3749999999999993 -0.9567108025008354
-1.3999999999999992 -0.9583646985853945
-1.4249999999999992 -0.9599275242797952
-1.449999999999999 -0.9614066602704365
-1.474999999999999 -0.9628084190579166
-1.499999999999999 -0.9641380117230467
-1.5249999999999988 -0.9654000445659545
-1.5499999999999987 -0.9665988728018169
-1.5749999999999986 -0.9677395493038423
-1.5999999999999985 -0.9688293089596933
-1.6249999999999984 -0.9698613260225094
-1.6499999999999984 -0.9708419960520073
-1.6749999999999983 -0.9717757020040113
-1.6999999999999982 -0.9726656616249265
-1.724999999999998 -0.9735144507318955
-1.749999999999998 -0.9743245825337223
-1.774999999999998 -0.9750986595894284
-1.7999999999999978 -0.9758382562511149
-1.8249999999999977 -0.9765446352010154
-1.8499999999999976 -0.9772202989994282
-1.8749999999999976 -0.9778673283612735
-1.8999999999999975 -0.978487332401543
-1.9249999999999974 -0.979081745991133
-1.9499999999999973 -0.9796519702490184
-1.9749999999999972 -0.9801992790041475
-1.9999999999999971 -0.9807248282492592
-2.0249999999999972 -0.9812297940141652
-2.049999999999997 -0.9817151942523414
-2.074999999999997 -0.9821820410144879
-2.099999999999997 -0.9826312361917331
-2.124999999999997 -0.9830637026930548
-2.149999999999997 -0.9834802196185262
-2.1749999999999967 -0.9838815791683442
-2.1999999999999966 -0.9842685051938138
-2.2249999999999965 -0.9846416604775088
-2.2499999999999964 -0.9850017351742953
-2.2749999999999964 -0.9853493091775188
-2.2999999999999963 -0.9856849411394697
-2.324999999999996 -0.9860091846489106
-2.349999999999996 -0.9863225346704542
-2.374999999999996 -0.9866255052130334
-2.399999999999996 -0.9869185445597609
-2.424999999999996 -0.9872020060585925
-2.4499999999999957 -0.9874764394990062
-2.4749999999999956 -0.9877421111613116
-2.4999999999999956 -0.9879994222959033
-2.5249999999999955 -0.9882487547627984
-2.5499999999999954 -0.9884903597142917
-2.5749999999999953 -0.988724612798058
-2.599999999999995 -0.9889518056454747
-2.624999999999995 -0.9891722067654225
-2.649999999999995 -0.989386080745454
-2.674999999999995 -0.9895937101382166
-2.699999999999995 -0.9897952966587497
-2.7249999999999948 -0.9899910343429079
-2.7499999999999947 -0.9901812647965372
-2.7749999999999946 -0.990366120826628
-2.7999999999999945 -0.9905457962256878
-2.8249999999999944 -0.9907204671790749
-2.8499999999999943 -0.9908904040707269
-2.8749999999999942 -0.9910557262206192
-2.899999999999994 -0.9912165665483852
-2.924999999999994 -0.991373051307659
-2.949999999999994 -0.9915254683346448
-2.974999999999994 -0.9916738986552539
-2.999999999999994 -0.9918184502681231
-2.974999999999994 -0.9916882176798948
-2.949999999999994 -0.9915435096806532
-2.924999999999994 -0.9913930949898516
-2.899999999999994 -0.9912377511278625
-2.8749999999999942 -0.9910778371745506
-2.8499999999999943 -0.9909134011754808
-2.8249999999999944 -0.9907443409926664
-2.7999999999999945 -0.9905704561675119
-2.7749999999999946 -0.990391570798704
-2.7499999999999947 -0.9902075767663144
-2.7249999999999948 -0.9900182936603832
-2.699999999999995 -0.9898234287646339
-2.674999999999995 -0.9896227959197952
-2.649999999999995 -0.9894162313026792
-2.624999999999995 -0.9892034696199767
-2.599999999999995 -0.9889841500445822
-2.5749999999999953 -0.9887581622398425
-2.5499999999999954 -0.9885251410317368
-2.5249999999999955 -0.9882847733097727
-2.4999999999999956 -0.9880368325041692
-2.4749999999999956 -0.9877809767915683
-2.4499999999999957 -0.9875167884216011
-2.424999999999996 -0.9872440140819874
-2.399999999999996 -0.9869621633632213
-2.374999999999996 -0.9866709236771112
-2.349999999999996 -0.9863698688564246
-2.324999999999996 -0.9860584542916198
-2.2999999999999963 -0.9857363091691591
-2.2749999999999964 -0.9854028875102541
-2.2499999999999964 -0.9850577020072974
-2.2249999999999965 -0.9847001296008637
-2.1999999999999966 -0.9843296447658733
-2.1749999999999967 -0.9839455035973266
-2.149999999999997 -0.983547182672407
-2.124999999999997 -0.9831338283578136
-2.099999999999997 -0.9827047993927586
-2.074999999999997 -0.9822592478621807
-2.049999999999997 -0.9817962855130979
-2.0249999999999972 -0.9813150174921772
-1.9999999999999973 -0.9808144918752032
-1.9749999999999974 -0.9802936586005763
-1.9499999999999975 -0.979751407112859
-1.9249999999999976 -0.9791865527071008
-1.8999999999999977 -0.9785978053832661
-1.8749999999999978 -0.9779838185383214
-1.8499999999999979 -0.9773431681277155
-1.824999999999998 -0.9766742313460562
-1.799999999999998 -0.9759753767216306
-1.7749999999999981 -0.9752447871817721
-1.7499999999999982 -0.9744805142115011
-1.7249999999999983 -0.9736804476926774
-1.6999999999999984 -0.972842361589705
-1.6749999999999985 -0.9719638214808053
-1.6499999999999986 -0.9710421699939887
-1.6249999999999987 -0.9700745625236605
-1.5999999999999988 -0.9690579044946857
-1.5749999999999988 -0.967988859946019
-1.549999999999999 -0.9668637558415631
-1.524999999999999 -0.965678639909002
-1.4999999999999991 -0.9644291922683049
-1.4749999999999992 -0.9631106876880426
-1.4499999999999993 -0.9617179966594124
-1.4249999999999994 -0.9602454073549995
-1.3999999999999995 -0.9586867287104626
-1.3749999999999996 -0.9570352163339549
-1.3499999999999996 -0.9552833098557383
-1.3249999999999997 -0.9534227130680727
-1.2999999999999998 -0.9514442435032983
-1.275 -0.949337882336119
-1.25 -0.9470922344373508
-1.225 -0.9446947936659864
-1.2000000000000002 -0.9421315891197923
-1.1750000000000003 -0.9393870370676529
-1.1500000000000004 -0.93644370640593
-1.1250000000000004 -0.933282111038783
-1.1000000000000005 -0.9298804947904181
-1.0750000000000006 -0.9262145266646586
-1.0500000000000007 -0.9222569771845033
-1.0250000000000008 -0.9179772630108298
-1.0000000000000009 -0.913344837477877
-0.9750000000000009 -0.9083527415037658
-0.9500000000000008 -0.9030501982493588
-0.9250000000000008 -0.8974589257710445
-0.9000000000000008 -0.8915918941011347
-0.8750000000000008 -0.8854576300811546
-0.8500000000000008 -0.879061888284911
-0.8250000000000007 -0.8724091591703949
-0.8000000000000007 -0.8655022531091555
-0.7750000000000007 -0.858343353848442
-0.7500000000000007 -0.8509339382584155
-0.7250000000000006 -0.843275108541401
-0.7000000000000006 -0.8353673860306366
-0.6750000000000006 -0.8272112205500907
-0.6500000000000006 -0.8188067663551855
-0.6250000000000006 -0.8101540177572125
-0.6000000000000005 -0.8012525486189823
-0.5750000000000005 -0.792101580117458
-0.5500000000000005 -0.7826996446446817
-0.5250000000000005 -0.7730440490338312
-0.5000000000000004 -0.7631308448060179
-0.4750000000000004 -0.7529545115770753
-0.4500000000000004 -0.7425089378692714
-0.4250000000000004 -0.7317883998048258
-0.40000000000000036 -0.7207889139896241
-0.37500000000000033 -0.7095093148950959
-0.3500000000000003 -0.6979492005145778
-0.3250000000000003 -0.6861078754635132
-0.30000000000000027 -0.6739822177794372
-0.27500000000000024 -0.6615664630540155
-0.2500000000000002 -0.6488526592740259
-0.22500000000000023 -0.6358316067159652
-0.20000000000000023 -0.6224924992074347
-0.17500000000000024 -0.608823718355467
-0.15000000000000024 -0.5948129690014705
-0.12500000000000025 -0.5804466649277901
-0.10000000000000026 -0.5657105094748168
-0.07500000000000026 -0.5505885744780457
-0.05000000000000026 -0.5350636797281629
-0.025000000000000258 -0.5191169179597352
-2.5673907444456745e-16 -0.5027271930882588
0.024999999999999745 -0.4858715192579046
0.049999999999999746 -0.46852381276665245
0.07499999999999975 -0.45065308620326
0.09999999999999976 -0.43222703806598967
0.12499999999999975 -0.4132072888261745
0.14999999999999974 -0.39354889887047867
0.17499999999999974 -0.3732012986046209
0.19999999999999973 -0.35210385782371423
0.22499999999999973 -0.3301846993318218
0.24999999999999972 -0.3073575230428724
0.27499999999999974 -0.2835162525234775
0.29999999999999977 -0.25852893799092064
0.3249999999999998 -0.2322260275819202
0.3499999999999998 -0.20438432449980765
0.37499999999999983 -0.17469736126581095
0.39999999999999986 -0.14272128264961084
0.4249999999999999 -0.10776232838135506
0.4499999999999999 -0.06859592954600481
0.4749999999999999 -0.022486704968404016
0.49999999999999994 0.08523449664261236
0.5249999999999999 0.39423584885507373
0.5499999999999999 0.5221490074985837
0.575 0.601748580845638
0.6 0.6584039480218917
0.625 0.7006048540780342
0.65 0.7322573778722263
0.675 0.7580261269255661
0.7000000000000001 0.7802500586005228
0.7250000000000001 0.800576635551432
0.7500000000000001 0.8190329903401004
0.7750000000000001 0.8366958637743132
0.8000000000000002 0.8515897585748954
0.8250000000000002 0.8638923590946082
0.8500000000000002 0.873667637411835
0.8750000000000002 0.8820084173502222
0.9000000000000002 0.8891461344048992
0.9250000000000003 0.8956696037898744
0.9500000000000003 0.9017364173845124
0.9750000000000003 0.9074646136049266
1.0000000000000002 0.9127768393742502
1.0250000000000001 0.917567619687701
1.05 0.9219385348837572
1.075 0.925997898534958
1.0999999999999999 0.9297271915283063
1.1249999999999998 0.9331376237733195
1.1499999999999997 0.9363188469596693
1.1749999999999996 0.9392631108787045
1.1999999999999995 0.941966652986995
1.2249999999999994 0.9444775030102267
1.2499999999999993 0.9468401445030076
1.2749999999999992 0.9490603842168246
1.2999999999999992 0.9511495864488958
1.324999999999999 0.9531173653763939
1.349999999999999 0.9549658655624343
1.374999999999999 0.9567126077024685
1.3999999999999988 0.9583666023628058
1.4249999999999987 0.9599305344677833
1.4499999999999986 0.9614160588810579
1.4749999999999985 0.9628208832324637
1.4999999999999984 0.9641510122814475
1.5249999999999984 0.965412923611195
1.5499999999999983 0.9666112262238364
1.5749999999999982 0.9677497811653171
1.599999999999998 0.9688322431311803
1.624999999999998 0.969861952199747
1.649999999999998 0.97084216281767
1.6749999999999978 0.9717757743374613
1.6999999999999977 0.9726657090727939
1.7249999999999976 0.9735144905102028
1.7499999999999976 0.9743246246760372
1.7749999999999975 0.9750987095653046
1.7999999999999974 0.9758382727773128
1.8249999999999973 0.9765446351246999
1.8499999999999972 0.9772202952322476
1.8749999999999971 0.9778673253806861
1.899999999999997 0.9784873303681013
1.924999999999997 0.9790817446253803
1.9499999999999968 0.9796519696937592
1.9749999999999968 0.9801992793041825
1.9999999999999967 0.9807248285794061
2.024999999999997 0.9812297941651918
2.0499999999999967 0.9817151940995921
2.0749999999999966 0.9821820404907228
2.0999999999999965 0.9826312355566037
2.1249999999999964 0.9830637023044192
2.1499999999999964 0.9834802188306793
2.1749999999999963 0.9838815781138964
2.199999999999996 0.9842685039745643
2.224999999999996 0.9846416591433037
2.249999999999996 0.9850017334602005
2.274999999999996 0.9853493076313506
2.299999999999996 0.9856849395150777
2.3249999999999957 0.9860091828678362
2.3499999999999956 0.9863225329430916
2.3749999999999956 0.9866255034563908
2.3999999999999955 0.9869185427797806
2.4249999999999954 0.9872020042764226
2.4499999999999953 0.9874764377081803
2.474999999999995 0.9877421097336326
2.499999999999995 0.9879994207029361
2.524999999999995 0.9882487531006144
2.549999999999995 0.9884903579313806
2.574999999999995 0.9887246110049855
2.5999999999999948 0.9889518038596834
2.6249999999999947 0.9891722048734358
2.6499999999999946 0.989386078973137
2.6749999999999945 0.9895937083777276
2.6999999999999944 0.9897952949167911
2.7249999999999943 0.989991032618329
2.7499999999999942 0.9901812631113298
2.774999999999994 0.9903661191421369
2.799999999999994 0.9905457945662037
2.824999999999994 0.9907204655521898
2.849999999999994 0.9908904025401349
2.874999999999994 0.991055724598721
2.8999999999999937 0.9912165649253465
2.9249999999999936 0.9913730497452863
2.9499999999999935 0.9915254667973806
2.9749999999999934 0.9916738970440401
2.9999999999999933 0.9918184487596278