0 0.00022093275486956333
0.025 0.016075381044526042
0.05 0.03251495672538168
0.07500000000000001 0.049171862427847365
0.1 0.06595755368567739
0.125 0.08287118828644059
0.15 0.09993046330979002
0.175 0.1171614599920985
0.19999999999999998 0.13459809591817562
0.22499999999999998 0.15228093887823718
0.24999999999999997 0.17025857130529526
0.27499999999999997 0.188589741422924
0.3 0.20734562535562057
0.325 0.22661646939934676
0.35000000000000003 0.24651935566589483
0.37500000000000006 0.2672130088537532
0.4000000000000001 0.28892596730045705
0.4250000000000001 0.3120125605403674
0.4500000000000001 0.3370960603291183
0.47500000000000014 0.3655657320529321
0.5000000000000001 0.4253936711922647
0.5250000000000001 0.5827993504839839
0.5500000000000002 0.6521843140685706
0.5750000000000002 0.6954747014081173
0.6000000000000002 0.7311231553198213
0.6250000000000002 0.7592409484982313
0.6500000000000002 0.7803837262177165
0.6750000000000003 0.7983426323810253
0.7000000000000003 0.8155914258828582
0.7250000000000003 0.8308828461343705
0.7500000000000003 0.8433164260377569
0.7750000000000004 0.854031806802732
0.8000000000000004 0.8628293685881392
0.8250000000000004 0.8705006329185271
0.8500000000000004 0.8774457815560232
0.8750000000000004 0.8840847132480252
0.9000000000000005 0.8903779848234625
0.9250000000000005 0.896494470001295
0.9500000000000005 0.902200610605884
0.9750000000000005 0.9075267004710249
1.0000000000000004 0.9125749101623566
1.0250000000000004 0.9172150904105726
1.0500000000000003 0.9215338756411128
1.0750000000000002 0.9254955988913193
1.1 0.9291761686458363
1.125 0.9326379252532121
1.15 0.9358244257201863
1.1749999999999998 0.9387955554160742
1.1999999999999997 0.9415715173208586
1.2249999999999996 0.9441680316056653
1.2499999999999996 0.9465994394060441
1.2749999999999995 0.9488786614417694
1.2999999999999994 0.9510176880183939
1.3249999999999993 0.9530272515969108
1.3499999999999992 0.95491721605648
1.3749999999999991 0.9566965447045596
1.399999999999999 0.958373458986759
1.424999999999999 0.9599554348472316
1.4499999999999988 0.9614494414365381
1.4749999999999988 0.9628617369126423
1.4999999999999987 0.964198065822814
1.5249999999999986 0.9654637725842514
1.5499999999999985 0.9666637333740773
1.5749999999999984 0.9678023541593754
1.5999999999999983 0.9688837606172777
1.6249999999999982 0.9699116758020269
1.6499999999999981 0.9708896231941102
1.674999999999998 0.9718207127641515
1.699999999999998 0.9727079816275388
1.7249999999999979 0.9735540534727408
1.7499999999999978 0.9743614427703016
1.7749999999999977 0.9751324916811869
1.7999999999999976 0.9758693642026041
1.8249999999999975 0.9765740543763065
1.8499999999999974 0.9772483160210037
1.8749999999999973 0.9778939806298684
1.8999999999999972 0.9785126142735062
1.9249999999999972 0.9791056601690706
1.949999999999997 0.9796745489771982
1.974999999999997 0.9802205709678049
1.999999999999997 0.9807449047713379
2.024999999999997 0.981248720502701
2.0499999999999967 0.9817330410189992
2.0749999999999966 0.9821988843811021
2.0999999999999965 0.9826471474816397
2.1249999999999964 0.9830787478940456
2.1499999999999964 0.9834944480866444
2.1749999999999963 0.9838950507560172
2.199999999999996 0.9842812742311845
2.224999999999996 0.9846537722829217
2.249999999999996 0.9850132326037909
2.274999999999996 0.9853602303178394
2.299999999999996 0.985695322933025
2.3249999999999957 0.9860190623439606
2.3499999999999956 0.9863319405357059
2.3749999999999956 0.9866344653303213
2.3999999999999955 0.9869270881755087
2.4249999999999954 0.987210159649213
2.4499999999999953 0.9874842230752363
2.474999999999995 0.9877495447836887
2.499999999999995 0.9880065225674057
2.524999999999995 0.9882555435172659
2.549999999999995 0.9884968547130132
2.574999999999995 0.9887308300907701
2.5999999999999948 0.9889577616923619
2.6249999999999947 0.9891779141563163
2.6499999999999946 0.9893915542992641
2.6749999999999945 0.9895989611083537
2.6999999999999944 0.9898003373971921
2.7249999999999943 0.9899958737357116
2.7499999999999942 0.9901859133702453
2.774999999999994 0.9903705856526953
2.799999999999994 0.9905500895813144
2.824999999999994 0.9907245982488357
2.849999999999994 0.9908943770096013
2.874999999999994 0.9910595496513463
2.8999999999999937 0.9912202484164346
2.9249999999999936 0.9913765953227435
2.9499999999999935 0.9915288820778473
2.9749999999999934 0.9916771872507223
2.9999999999999933 0.9918216221826576
2.9749999999999934 0.9916888091581195
2.9499999999999935 0.9915422342583927
2.9249999999999936 0.9913907581798622
2.8999999999999937 0.9912348299804985
2.874999999999994 0.9910745701404385
2.849999999999994 0.9909099004647165
2.824999999999994 0.9907406538142648
2.799999999999994 0.990566600070408
2.774999999999994 0.990387553567395
2.7499999999999942 0.9902033978671535
2.7249999999999943 0.9900139454072425
2.6999999999999944 0.9898189028139507
2.6749999999999945 0.9896180918855223
2.6499999999999946 0.9894113378481496
2.6249999999999947 0.9891983819314115
2.5999999999999948 0.9889788535483267
2.574999999999995 0.9887526446429077
2.549999999999995 0.9885193863528284
2.524999999999995 0.9882787804694244
2.499999999999995 0.9880305852111715
2.474999999999995 0.987774460279771
2.4499999999999953 0.9875099863424516
2.4249999999999954 0.987236912168785
2.3999999999999955 0.9869547447039497
2.3749999999999956 0.9866631712582675
2.3499999999999956 0.9863617656921874
2.3249999999999957 0.9860499801876373
2.299999999999996 0.9857274387857877
2.274999999999996 0.9853935976733763
2.249999999999996 0.9850479712708093
2.224999999999996 0.9846899271072211
2.199999999999996 0.984318943564023
2.1749999999999963 0.9839342706978471
2.1499999999999964 0.9835353877274747
2.1249999999999964 0.9831214370266321
2.0999999999999965 0.9826917654831452
2.0749999999999966 0.9822455330099591
2.0499999999999967 0.9817818419186274
2.024999999999997 0.9812998020043099
1.999999999999997 0.9807984498601333
1.974999999999997 0.9802767299786677
1.949999999999997 0.9797335275373055
1.9249999999999972 0.9791676523414725
1.8999999999999972 0.978577811138812
1.8749999999999973 0.9779626574884001
1.8499999999999974 0.9773207486310151
1.8249999999999975 0.9766504545689269
1.7999999999999976 0.9759501353057316
1.7749999999999977 0.9752179678994756
1.7499999999999978 0.9744519979995053
1.7249999999999979 0.9736500949780057
1.699999999999998 0.9728100137211846
1.674999999999998 0.9719293120152706
1.6499999999999981 0.9710053279475196
1.6249999999999982 0.9700351786231424
1.5999999999999983 0.9690157528447414
1.5749999999999984 0.9679436901340434
1.5499999999999985 0.9668153005164916
1.5249999999999986 0.9656266091271232
1.4999999999999987 0.9643732440699984
1.4749999999999988 0.963050441299993
1.4499999999999988 0.9616530460921286
1.424999999999999 0.9601752841649868
1.399999999999999 0.9586109299201604
1.3749999999999991 0.956953173444919
1.3499999999999992 0.9551943927915747
1.3249999999999993 0.9533262244827646
1.2999999999999994 0.9513393923432893
1.2749999999999995 0.949223807235759
1.2499999999999996 0.9469679715785908
1.2249999999999996 0.9445592708112294
1.1999999999999997 0.9419836213809808
1.1749999999999998 0.9392253241634549
1.15 0.9362668126543419
1.125 0.9330884496746201
1.1 0.9296683118021208
1.0750000000000002 0.9259819253492859
1.0500000000000003 0.9220019101643664
1.0250000000000004 0.9176975138234564
1.0000000000000004 0.9130380541118035
0.9750000000000004 0.9080257643855288
0.9500000000000004 0.9026824517280161
0.9250000000000004 0.8970562812722497
0.9000000000000004 0.8911521710787857
0.8750000000000003 0.8849789773107438
0.8500000000000003 0.8785429612002489
0.8250000000000003 0.871849351489081
0.8000000000000003 0.8649019502860572
0.7750000000000002 0.8577041890012324
0.7500000000000002 0.8502589496801306
0.7250000000000002 0.842568646618778
0.7000000000000002 0.8346347411792504
0.6750000000000002 0.8264578849289386
0.6500000000000001 0.8180374677779357
0.6250000000000001 0.8093718901188538
0.6000000000000001 0.8004590609817284
0.5750000000000001 0.7912975111026984
0.55 0.7818865213416841
0.525 0.7722243525050496
0.5 0.76230597288859
0.475 0.7521214112613672
0.44999999999999996 0.7416595423328596
0.42499999999999993 0.7309152702441681
0.3999999999999999 0.7198940166648328
0.3749999999999999 0.7086054271247526
0.34999999999999987 0.6970512424105713
0.32499999999999984 0.6852255527019705
0.2999999999999998 0.6731185451366762
0.2749999999999998 0.6607195783316508
0.2499999999999998 0.6480180738986852
0.2249999999999998 0.6350038942996031
0.19999999999999982 0.6216662702498866
0.17499999999999982 0.6079940287862464
0.14999999999999983 0.5939754641069992
0.12499999999999983 0.579597516019245
0.09999999999999984 0.5648463527249648
0.07499999999999984 0.5497063911460215
0.04999999999999984 0.5341606539128411
0.024999999999999842 0.5181903373161286
-1.5959455978986625e-16 0.5017743404848202
-0.02500000000000016 0.4848896384307567
-0.05000000000000016 0.4675099498017219
-0.07500000000000016 0.44960405454836766
-0.10000000000000017 0.431139379543419
-0.12500000000000017 0.4120771400937906
-0.15000000000000016 0.3923719425250929
-0.17500000000000016 0.3719726537563442
-0.20000000000000015 0.3508179396798941
-0.22500000000000014 0.3288350331024431
-0.25000000000000017 0.3059365665585345
-0.2750000000000002 0.2820152012152903
-0.3000000000000002 0.2569372062716768
-0.32500000000000023 0.230530887981103
-0.35000000000000026 0.2025702528692486
-0.3750000000000003 0.17274518947158665
-0.4000000000000003 0.14060682579682005
-0.4250000000000003 0.10545457509938182
-0.45000000000000034 0.0660539864127102
-0.47500000000000037 0.019655501078710433
-0.5000000000000003 -0.08822174679783569
-0.5250000000000004 -0.39791577967242037
-0.5500000000000004 -0.5264927740614797
-0.5750000000000004 -0.6070526745523933
-0.6000000000000004 -0.6654679623460422
-0.6250000000000004 -0.710562977748804
-0.6500000000000005 -0.7478589620473575
-0.6750000000000005 -0.7797110081703302
-0.7000000000000005 -0.8049203318523513
-0.7250000000000005 -0.823822157569333
-0.7500000000000006 -0.8391437255930934
-0.7750000000000006 -0.851783488391213
-0.8000000000000006 -0.8614186910822781
-0.8250000000000006 -0.8702011886259393
-0.8500000000000006 -0.8776259827642893
-0.8750000000000007 -0.8844993353386187
-0.9000000000000007 -0.8908387037812435
-0.9250000000000007 -0.8969683294926569
-0.9500000000000007 -0.902726019544007
-0.9750000000000008 -0.9079379986657479
-1.0000000000000007 -0.9130471410543599
-1.0250000000000006 -0.9176816496342012
-1.0500000000000005 -0.9218746418095213
-1.0750000000000004 -0.9257823932809267
-1.1000000000000003 -0.9294565971121274
-1.1250000000000002 -0.9328339811226213
-1.1500000000000001 -0.9359636490439588
-1.175 -0.9389082486066023
-1.2 -0.9416649243091337
-1.2249999999999999 -0.9442375340525365
-1.2499999999999998 -0.9466485872263071
-1.2749999999999997 -0.9489136517359238
-1.2999999999999996 -0.951042579590064
-1.3249999999999995 -0.9530449294925046
-1.3499999999999994 -0.9549302496604783
-1.3749999999999993 -0.956705010028277
-1.3999999999999992 -0.9583788736207786
-1.4249999999999992 -0.9599588522121135
-1.449999999999999 -0.961451582923432
-1.474999999999999 -0.962863062925591
-1.499999999999999 -0.9641988757073895
-1.5249999999999988 -0.96546425770281
-1.5499999999999987 -0.9666640192841142
-1.5749999999999986 -0.967802514117547
-1.5999999999999985 -0.9688838507676973
-1.6249999999999984 -0.9699117207285457
-1.6499999999999984 -0.9708896439854912
-1.6749999999999983 -0.9718207217397571
-1.6999999999999982 -0.972707983965489
-1.724999999999998 -0.9735540518140342
-1.749999999999998 -0.9743614384559357
-1.774999999999998 -0.975132487890928
-1.7999999999999978 -0.9758693613222573
-1.8249999999999977 -0.9765740525809609
-1.8499999999999976 -0.9772483141486898
-1.8749999999999976 -0.9778939792192264
-1.8999999999999975 -0.9785126134552691
-1.9249999999999974 -0.9791056610373868
-1.9499999999999973 -0.9796745503934122
-1.9749999999999972 -0.9802205725528939
-1.9999999999999971 -0.9807449071247152
-2.0249999999999972 -0.9812487217301933
-2.049999999999997 -0.9817330434599035
-2.074999999999997 -0.9821988873665624
-2.099999999999997 -0.9826471500757769
-2.124999999999997 -0.983078750885782
-2.149999999999997 -0.9834944511997162
-2.1749999999999967 -0.9838950539708665
-2.1999999999999966 -0.9842812776205887
-2.2249999999999965 -0.984653776019977
-2.2499999999999964 -0.9850132366140872
-2.2749999999999964 -0.9853602342394723
-2.2999999999999963 -0.985695326725782
-2.324999999999996 -0.9860190658767595
-2.349999999999996 -0.9863319443852622
-2.374999999999996 -0.9866344691259988
-2.399999999999996 -0.9869270921294728
-2.424999999999996 -0.987210163398577
-2.4499999999999957 -0.9874842265770895
-2.4749999999999956 -0.9877495482957733
-2.4999999999999956 -0.9880065263170849
-2.5249999999999955 -0.9882555474006617
-2.5499999999999954 -0.9884968583582102
-2.5749999999999953 -0.988730833853221
-2.599999999999995 -0.9889577655637402
-2.624999999999995 -0.9891779176797558
-2.649999999999995 -0.9893915579376472
-2.674999999999995 -0.9895989645876058
-2.699999999999995 -0.9898003408851567
-2.7249999999999948 -0.9899958773443678
-2.7499999999999947 -0.990185916592097
-2.7749999999999946 -0.9903705891499792
-2.7999999999999945 -0.9905500931097887
-2.8249999999999944 -0.9907246014390472
-2.8499999999999943 -0.9908943804639929
-2.8749999999999942 -0.9910595529642168
-2.899999999999994 -0.9912202516775531
-2.924999999999994 -0.9913765981088176
-2.949999999999994 -0.9915288854618072
-2.974999999999994 -0.9916771904635793
-2.999999999999994 -0.9918216253665335
-2.974999999999994 -0.9916888126078834
-2.949999999999994 -0.9915422372129808
-2.924999999999994 -0.9913907611961673
-2.899999999999994 -0.9912348332033545
-2.8749999999999942 -0.991074573567556
-2.8499999999999943 -0.9909099036299295
-2.8249999999999944 -0.9907406572364728
-2.7999999999999945 -0.9905666034035223
-2.7749999999999946 -0.9903875568426581
-2.7499999999999947 -0.9902034014089437
-2.7249999999999948 -0.990013948931862
-2.699999999999995 -0.9898189065522484
-2.674999999999995 -0.9896180954240731
-2.649999999999995 -0.9894113414359381
-2.624999999999995 -0.9891983855682583
-2.599999999999995 -0.988978857204263
-2.5749999999999953 -0.9887526480793905
-2.5499999999999954 -0.9885193899738629
-2.5249999999999955 -0.9882787841014873
-2.4999999999999956 -0.9880305887797485
-2.4749999999999956 -0.9877744640761803
-2.4499999999999957 -0.9875099900457817
-2.424999999999996 -0.9872369158551768
-2.399999999999996 -0.9869547483874163
-2.374999999999996 -0.9866631749654802
-2.349999999999996 -0.9863617697195654
-2.324999999999996 -0.9860499842069311
-2.2999999999999963 -0.9857274426410637
-2.2749999999999964 -0.9853936018314977
-2.2499999999999964 -0.9850479755923971
-2.2249999999999965 -0.9846899312444416
-2.1999999999999966 -0.9843189476969283
-2.1749999999999967 -0.9839342744357868
-2.149999999999997 -0.9835353917380361
-2.124999999999997 -0.9831214409579061
-2.099999999999997 -0.9826917695757706
-2.074999999999997 -0.9822455370041577
-2.049999999999997 -0.981781845642542
-2.0249999999999972 -0.9812998059993883
-1.9999999999999973 -0.9807984539679794
-1.9749999999999974 -0.980276733828644
-1.9499999999999975 -0.9797335316625266
-1.9249999999999976 -0.9791676562147607
-1.8999999999999977 -0.978577814833549
-1.8749999999999978 -0.9779626613026308
-1.8499999999999979 -0.9773207522416748
-1.824999999999998 -0.9766504586199943
-1.799999999999998 -0.9759501388474904
-1.7749999999999981 -0.9752179714304948
-1.7499999999999982 -0.9744520014823098
-1.7249999999999983 -0.973650098391152
-1.6999999999999984 -0.9728100167904085
-1.6749999999999985 -0.9719293150530317
-1.6499999999999986 -0.9710053307511028
-1.6249999999999987 -0.970035180915906
-1.5999999999999988 -0.9690157551983938
-1.5749999999999988 -0.9679436920507124
-1.549999999999999 -0.9668153011609643
-1.524999999999999 -0.9656266098194805
-1.4999999999999991 -0.9643732441692879
-1.4749999999999992 -0.9630504404340019
-1.4499999999999993 -0.9616530443066641
-1.4249999999999994 -0.9601752809469023
-1.3999999999999995 -0.9586109248640768
-1.3749999999999996 -0.9569531660317218
-1.3499999999999996 -0.9551943818969598
-1.3249999999999997 -0.9533262082076606
-1.2999999999999998 -0.9513393709522713
-1.275 -0.9492237789685005
-1.25 -0.9469679364479415
-1.225 -0.944559228353728
-1.2000000000000002 -0.9419835682353569
-1.1750000000000003 -0.9392252585843311
-1.1500000000000004 -0.9362667325995044
-1.1250000000000004 -0.9330883540070114
-1.1000000000000005 -0.9296681923540295
-1.0750000000000006 -0.9259817789702773
-1.0500000000000007 -0.9220017246467062
-1.0250000000000008 -0.9176972740975134
-1.0000000000000009 -0.9130377326104273
-0.9750000000000009 -0.9080159733147178
-0.9500000000000008 -0.9026812300122519
-0.9250000000000008 -0.8970552778845703
-0.9000000000000008 -0.8911512733822174
-0.8750000000000008 -0.8849781080732669
-0.8500000000000008 -0.8785420339125031
-0.8250000000000007 -0.8718482552727395
-0.8000000000000007 -0.864900493656413
-0.7750000000000007 -0.8577020561274955
-0.7500000000000007 -0.8502555891695325
-0.7250000000000006 -0.8425630566038942
-0.7000000000000006 -0.834625054324107
-0.6750000000000006 -0.826440622799767
-0.6500000000000006 -0.8180065381712458
-0.6250000000000006 -0.8093179423843708
-0.6000000000000005 -0.8003707746652466
-0.5750000000000005 -0.7911654020851759
-0.5500000000000005 -0.7817067856065794
-0.5250000000000005 -0.7720003150290711
-0.5000000000000004 -0.7620482699042411
-0.4750000000000004 -0.7518489143524179
-0.4500000000000004 -0.7413980566006944
-0.4250000000000004 -0.7306900771324463
-0.40000000000000036 -0.7197186017602667
-0.37500000000000033 -0.7084774253534916
-0.3500000000000003 -0.6969596892197885
-0.3250000000000003 -0.6851588153918013
-0.30000000000000027 -0.6730676371690654
-0.27500000000000024 -0.6606784576052814
-0.2500000000000002 -0.6479829751211691
-0.22500000000000023 -0.6349725586386732
-0.20000000000000023 -0.6216373828321343
-0.17500000000000024 -0.6079668598361417
-0.15000000000000024 -0.5939496118169014
-0.12500000000000025 -0.5795727785586486
-0.10000000000000026 -0.5648226486196067
-0.07500000000000026 -0.5496836835659629
-0.05000000000000026 -0.5341389222024551
-0.025000000000000258 -0.5181695993416796
-2.5673907444456745e-16 -0.5017546247010235
0.024999999999999745 -0.4848709816442552
0.049999999999999746 -0.4674924085084251
0.07499999999999975 -0.4495876700664648
0.09999999999999976 -0.43112419187906353
0.12499999999999975 -0.4120632050406678
0.14999999999999974 -0.39235929563069344
0.17499999999999974 -0.3719613574318269
0.19999999999999973 -0.3508080404646484
0.22499999999999973 -0.328826584756152
0.24999999999999972 -0.30592961411613595
0.27499999999999974 -0.2820097833947999
0.29999999999999977 -0.2569334105611807
0.3249999999999998 -0.2305287653561743
0.3499999999999998 -0.20256987104122634
0.37499999999999983 -0.17274661068699082
0.39999999999999986 -0.14061010516389083
0.4249999999999999 -0.10545976198167116
0.4499999999999999 -0.06606110563777706
0.4749999999999999 -0.01966449975880353
0.49999999999999994 0.08820943632201654
0.5249999999999999 0.39790047336020995
0.5499999999999999 0.5264728226163454
0.575 0.6070267354954598
0.6 0.6654223934360975
0.625 0.7105300122771511
0.65 0.7478271747083941
0.675 0.7796800756382297
0.7000000000000001 0.8048882354091819
0.7250000000000001 0.823786221215494
0.7500000000000001 0.8391052970366644
0.7750000000000001 0.851741487841328
0.8000000000000002 0.8613766119041669
0.8250000000000002 0.8701646223404215
0.8500000000000002 0.8776083089471403
0.8750000000000002 0.8845028822578437
0.9000000000000002 0.8908572297730627
0.9250000000000003 0.8969918725140187
0.9500000000000003 0.9027483968052
0.9750000000000003 0.9079572267815672
1.0000000000000002 0.9130629299494204
1.0250000000000001 0.9176930635919963
1.05 0.9218837039280354
1.075 0.925789660791873
1.0999999999999999 0.9294624126533759
1.1249999999999998 0.9328385760675277
1.1499999999999997 0.9359671959260711
1.1749999999999996 0.9389108186644988
1.1999999999999995 0.9416670793782533
1.2249999999999994 0.9442390689039053
1.2499999999999993 0.9466496938598266
1.2749999999999992 0.9489144390285968
1.2999999999999992 0.9510431339935054
1.324999999999999 0.9530453177482923
1.349999999999999 0.9549305241339694
1.374999999999999 0.9567052062663395
1.3999999999999988 0.9583790160098364
1.4249999999999987 0.9599589572734614
1.4499999999999986 0.9614516610747845
1.4749999999999985 0.9628631229871177
1.4999999999999984 0.9641989216282828
1.5249999999999984 0.9654642941700721
1.5499999999999983 0.9666640476572638
1.5749999999999982 0.9678025364631043
1.599999999999998 0.9688838682572147
1.624999999999998 0.9699117360389539
1.649999999999998 0.9708896558726023
1.6749999999999978 0.971820731117028
1.6999999999999977 0.9727079911647706
1.7249999999999976 0.9735540573752972
1.7499999999999976 0.9743614431650087
1.7749999999999975 0.9751324912403074
1.7999999999999974 0.9758693635892719
1.8249999999999973 0.9765740539507058
1.8499999999999972 0.9772483147843198
1.8749999999999971 0.9778939791437773
1.899999999999997 0.9785126128277606
1.924999999999997 0.9791056600920393
1.9499999999999968 0.9796745489571719
1.9749999999999968 0.9802205709053442
1.9999999999999967 0.9807449051943201
2.024999999999997 0.98124871963169
2.0499999999999967 0.9817330411709836
2.0749999999999966 0.9821988848164771
2.0999999999999965 0.9826471475536575
2.1249999999999964 0.983078748194444
2.1499999999999964 0.9834944483553387
2.1749999999999963 0.9838950511421328
2.199999999999996 0.9842812747487134
2.224999999999996 0.9846537731169905
2.249999999999996 0.9850132336769052
2.274999999999996 0.9853602312815412
2.299999999999996 0.9856953237550306
2.3249999999999957 0.9860190627956791
2.3499999999999956 0.9863319413717754
2.3749999999999956 0.9866344661242238
2.3999999999999955 0.9869270891752964
2.4249999999999954 0.987210160481971
2.4499999999999953 0.9874842236942303
2.474999999999995 0.9877495453894082
2.499999999999995 0.9880065234783825
2.524999999999995 0.9882555445904008
2.549999999999995 0.9884968555488773
2.574999999999995 0.9887308310994025
2.5999999999999948 0.9889577628412827
2.6249999999999947 0.9891779153634804
2.6499999999999946 0.9893915554145952
2.6749999999999945 0.9895989619268177
2.6999999999999944 0.9898003383224141
2.7249999999999943 0.9899958748130543
2.7499999999999942 0.9901859141017756
2.774999999999994 0.9903705866792551
2.799999999999994 0.9905500906773309
2.824999999999994 0.9907245990464766
2.849999999999994 0.9908943781067464
2.874999999999994 0.9910595506484944
2.8999999999999937 0.9912202493433394
2.9249999999999936 0.9913765958583559
2.9499999999999935 0.9915288832656844
2.9749999999999934 0.9916771885155116
2.9999999999999933 0.9918216233477