0 0.00029670307760863626
0.025 0.01632992076691752
0.05 0.03277726781472112
0.07500000000000001 0.04942798189423303
0.1 0.06621780174881754
0.125 0.08313733190437078
0.15 0.10020178937367154
0.175 0.11743716851960855
0.19999999999999998 0.13487845940542603
0.22499999999999998 0.1525669719470738
0.24999999999999997 0.17055186215569196
0.27499999999999997 0.18889216259837804
0.3 0.20765934693498286
0.325 0.22694414959807244
0.35000000000000003 0.24686423024939563
0.37500000000000006 0.2675792720337808
0.4000000000000001 0.2893190668659351
0.4250000000000001 0.3124400482415443
0.4500000000000001 0.33756871618853995
0.47500000000000014 0.3661001671918472
0.5000000000000001 0.4260178925416732
0.5250000000000001 0.5835663101789443
0.5500000000000002 0.6532372898831417
0.5750000000000002 0.6974218701657987
0.6000000000000002 0.7340325848775945
0.6250000000000002 0.7627615531564664
0.6500000000000002 0.7846890692877988
0.6750000000000003 0.8032023322792706
0.7000000000000003 0.819687266023311
0.7250000000000003 0.8339313157325033
0.7500000000000003 0.8445433250281056
0.7750000000000004 0.8546585672642902
0.8000000000000004 0.863245342238407
0.8250000000000004 0.8706991764999231
0.8500000000000004 0.877705207667791
0.8750000000000004 0.884302887771313
0.9000000000000005 0.8906623488666239
0.9250000000000005 0.8965822392675966
0.9500000000000005 0.9022566141915431
0.9750000000000005 0.9075349007573158
1.0000000000000004 0.9125164838922696
1.0250000000000004 0.9171752126719158
1.0500000000000003 0.9214665003351985
1.0750000000000002 0.9254938565205193
1.1 0.9291901269475005
1.125 0.9326271997106379
1.15 0.9358270048401178
1.1749999999999998 0.9388095439254908
1.1999999999999997 0.9415933197258254
1.2249999999999996 0.9441950028502379
1.2499999999999996 0.946629626437956
1.2749999999999995 0.9489105675164895
1.2999999999999994 0.9510501466510485
1.3249999999999993 0.953059346328374
1.3499999999999992 0.9549482751838835
1.3749999999999991 0.9567261359494025
1.399999999999999 0.9584013120761149
1.424999999999999 0.959981427580705
1.4499999999999988 0.9614735418307279
1.4749999999999988 0.9628839816413757
1.4999999999999987 0.9642185489736204
1.5249999999999986 0.9654826075942377
1.5499999999999985 0.9666810482884861
1.5749999999999984 0.9678182763292255
1.5999999999999983 0.9688984190618638
1.6249999999999982 0.9699251844710531
1.6499999999999981 0.9709020956393397
1.674999999999998 0.9718322445906472
1.699999999999998 0.9727186665417847
1.7249999999999979 0.973563965855093
1.7499999999999978 0.9743706509420509
1.7749999999999977 0.9751410655355761
1.7999999999999976 0.975877359148893
1.8249999999999975 0.9765815153652729
1.8499999999999974 0.9772552922708139
1.8749999999999973 0.9779005180660306
1.8999999999999972 0.9785187447410926
1.9249999999999972 0.9791114154551395
1.949999999999997 0.9796799516997359
1.974999999999997 0.9802256617356536
1.999999999999997 0.9807496968984672
2.024999999999997 0.9812532409186486
2.0499999999999967 0.9817373095469805
2.0749999999999966 0.9822029124590836
2.0999999999999965 0.9826509576568349
2.1249999999999964 0.9830823530229057
2.1499999999999964 0.9834978695317328
2.1749999999999963 0.9838982987292563
2.199999999999996 0.9842843517801712
2.224999999999996 0.9846566922450396
2.249999999999996 0.9850160083719335
2.274999999999996 0.9853628747462426
2.299999999999996 0.9856978350769031
2.3249999999999957 0.9860214546579985
2.3499999999999956 0.9863342192594361
2.3749999999999956 0.9866366409557504
2.3999999999999955 0.9869291655615974
2.4249999999999954 0.9872121417675184
2.4499999999999953 0.9874861181220644
2.474999999999995 0.9877513572952755
2.499999999999995 0.9880082534561606
2.524999999999995 0.9882572030054378
2.549999999999995 0.9884984416970144
2.574999999999995 0.9887323499947384
2.5999999999999948 0.988959216489083
2.6249999999999947 0.9891793092500505
2.6499999999999946 0.9893928916029817
2.6749999999999945 0.9896002464166724
2.6999999999999944 0.9898015706801576
2.7249999999999943 0.9899970586279075
2.7499999999999942 0.9901870534319027
2.774999999999994 0.9903716835724798
2.799999999999994 0.9905511447785964
2.824999999999994 0.9907256108624354
2.849999999999994 0.9908953552573275
2.874999999999994 0.9910604904458135
2.8999999999999937 0.9912211503763939
2.9249999999999936 0.991377464883372
2.9499999999999935 0.9915297207060955
2.9749999999999934 0.9916779959054659
2.9999999999999933 0.9918224020867933
2.9749999999999934 0.9916887214612476
2.9499999999999935 0.9915416911150418
2.9249999999999936 0.991390021424931
2.8999999999999937 0.9912340088233618
2.874999999999994 0.9910736967226451
2.849999999999994 0.9909089883020369
2.824999999999994 0.9907397017522769
2.799999999999994 0.9905656133101894
2.774999999999994 0.9903865284301467
2.7499999999999942 0.9902023316724957
2.7249999999999943 0.9900128399483519
2.6999999999999944 0.9898177537175145
2.6749999999999945 0.9896168926254558
2.6499999999999946 0.989410092782595
2.6249999999999947 0.9891970857939397
2.5999999999999948 0.9889775019961969
2.574999999999995 0.9887512341517161
2.549999999999995 0.9885179211445105
2.524999999999995 0.9882772554048701
2.499999999999995 0.9880289933713664
2.474999999999995 0.9877727983785204
2.4499999999999953 0.9875082455134003
2.4249999999999954 0.9872350922989557
2.3999999999999955 0.9869528474907533
2.3749999999999956 0.9866611922938633
2.3499999999999956 0.9863596908332881
2.3249999999999957 0.9860478067729912
2.299999999999996 0.9857251670148466
2.274999999999996 0.9853912201557053
2.249999999999996 0.9850454769032089
2.224999999999996 0.9846873088632774
2.199999999999996 0.9843161961635642
2.1749999999999963 0.9839313879031489
2.1499999999999964 0.9835323514023383
2.1249999999999964 0.9831182404576918
2.0999999999999965 0.982688406537448
2.0749999999999966 0.9822419976167018
2.0499999999999967 0.9817781182376831
2.024999999999997 0.9812958685299882
1.999999999999997 0.9807942980994933
1.974999999999997 0.9802723435937372
1.949999999999997 0.9797288919905273
1.9249999999999972 0.9791627469078634
1.8999999999999972 0.9785726153464104
1.8749999999999973 0.977957141745414
1.8499999999999974 0.9773149004042899
1.8249999999999975 0.97664424741009
1.7999999999999976 0.9759435368206025
1.7749999999999977 0.975210945306307
1.7499999999999978 0.9744445121325641
1.7249999999999979 0.9736421161410677
1.699999999999998 0.9728014973029488
1.674999999999998 0.9719202113446443
1.6499999999999981 0.9709955807319366
1.6249999999999982 0.9700247397122173
1.5999999999999983 0.9690045551151188
1.5749999999999984 0.9679316635496127
1.5499999999999985 0.966802370418171
1.5249999999999986 0.9656126734339542
1.4999999999999987 0.9643582123938171
1.4749999999999988 0.9630342088522286
1.4499999999999988 0.9616354872090137
1.424999999999999 0.960156262705329
1.399999999999999 0.9585902925567554
1.3749999999999991 0.9569307605273143
1.3499999999999992 0.955170004184555
1.3249999999999993 0.9532996514772093
1.2999999999999994 0.9513104012943735
1.2749999999999995 0.9491921288589147
1.2499999999999996 0.9469333048650527
1.2249999999999996 0.94452129309843
1.1999999999999997 0.9419419505312866
1.1749999999999998 0.9391795655461868
1.15 0.9362165025721273
1.125 0.9330330747585447
1.1 0.92960731515648
1.0750000000000002 0.925914684708961
1.0500000000000003 0.9219277531099411
1.0250000000000004 0.917615743790765
1.0000000000000004 0.9129479667029273
0.9750000000000004 0.9079266622839667
0.9500000000000004 0.902573733578971
0.9250000000000004 0.8969374802975908
0.9000000000000004 0.8910230157559735
0.8750000000000003 0.8848394479592441
0.8500000000000003 0.8783934590104306
0.8250000000000003 0.8716908209594059
0.8000000000000003 0.8647359073642354
0.7750000000000002 0.8575325208086835
0.7500000000000002 0.850083432028225
0.7250000000000002 0.8423903067021309
0.7000000000000002 0.8344532836710329
0.6750000000000002 0.8262715716861325
0.6500000000000001 0.817844194463728
0.6250000000000001 0.809171207370863
0.6000000000000001 0.8002532228760499
0.5750000000000001 0.7910892232496309
0.55 0.7816733559976493
0.525 0.771993960089228
0.5 0.7620408155517268
0.475 0.7518133040838324
0.44999999999999996 0.7413240676868906
0.42499999999999993 0.7305837753963901
0.3999999999999999 0.7195905131861733
0.3749999999999999 0.7083358301051914
0.34999999999999987 0.6968096714687448
0.32499999999999984 0.6850030616960269
0.2999999999999998 0.6729074027315572
0.2749999999999998 0.6605142029799372
0.2499999999999998 0.6478147337926666
0.2249999999999998 0.6348001397241391
0.19999999999999982 0.6214604819096797
0.17499999999999982 0.6077851109372007
0.14999999999999983 0.5937625859478535
0.12499999999999983 0.5793800590892818
0.09999999999999984 0.5646237500033562
0.07499999999999984 0.5494780636567351
0.04999999999999984 0.5339260113100163
0.024999999999999842 0.5179488103798994
-1.5959455978986625e-16 0.5015253378348974
-0.02500000000000016 0.4846324102180304
-0.05000000000000016 0.4672437218944672
-0.07500000000000016 0.4493279293590984
-0.10000000000000017 0.43085236590275094
-0.12500000000000017 0.41177807190467774
-0.15000000000000016 0.3920595560217341
-0.17500000000000016 0.37164538584766565
-0.20000000000000015 0.35047398910785993
-0.22500000000000014 0.3284722761085813
-0.25000000000000017 0.30555251606855016
-0.2750000000000002 0.2816067854596753
-0.3000000000000002 0.25650067889150224
-0.32500000000000023 0.23006159466237255
-0.35000000000000026 0.20206226474805264
-0.3750000000000003 0.17219078122784467
-0.4000000000000003 0.1399958527421235
-0.4250000000000003 0.10477306688529475
-0.45000000000000034 0.06528203361719942
-0.47500000000000037 0.018763363379780854
-0.5000000000000003 -0.08928060018732578
-0.5250000000000004 -0.3992256172621052
-0.5500000000000004 -0.5282248567301144
-0.5750000000000004 -0.609688570077085
-0.6000000000000004 -0.6712927959536502
-0.6250000000000004 -0.7213781876906011
-0.6500000000000005 -0.7600323151218211
-0.6750000000000005 -0.7871751843156909
-0.7000000000000005 -0.8086201585701858
-0.7250000000000005 -0.8270993447600911
-0.7500000000000006 -0.8405366871945044
-0.7750000000000006 -0.8526180471452511
-0.8000000000000006 -0.8623751982092831
-0.8250000000000006 -0.8706843312593399
-0.8500000000000006 -0.8778381668244724
-0.8750000000000007 -0.8846471975867862
-0.9000000000000007 -0.8911332897316062
-0.9250000000000007 -0.8970639974826047
-0.9500000000000007 -0.9026553846295302
-0.9750000000000008 -0.9079975834028932
-1.0000000000000007 -0.9128706278631208
-1.0250000000000006 -0.9174834034713533
-1.0500000000000005 -0.9216864959887692
-1.0750000000000004 -0.9256685416452894
-1.1000000000000003 -0.9293152244798035
-1.1250000000000002 -0.9327382874843096
-1.1500000000000001 -0.9359095528460444
-1.175 -0.9388685511916798
-1.2 -0.9416359972830711
-1.2249999999999999 -0.9442256910626171
-1.2499999999999998 -0.9466513943401398
-1.2749999999999997 -0.9489258253399533
-1.2999999999999996 -0.9510612701585915
-1.3249999999999995 -0.9530660528191885
-1.3499999999999994 -0.9549523617837855
-1.3749999999999993 -0.956728592070936
-1.3999999999999992 -0.9584027693680364
-1.4249999999999992 -0.9599822700764479
-1.449999999999999 -0.9614740178786457
-1.474999999999999 -0.9628842396807428
-1.499999999999999 -0.9642186805589755
-1.5249999999999988 -0.9654826703366831
-1.5499999999999987 -0.9666810732724207
-1.5749999999999986 -0.9678182830757784
-1.5999999999999985 -0.968898417438751
-1.6249999999999984 -0.9699251779628651
-1.6499999999999984 -0.9709020878228208
-1.6749999999999983 -0.9718322369104441
-1.6999999999999982 -0.9727186601699466
-1.724999999999998 -0.9735639602381951
-1.749999999999998 -0.9743706461968252
-1.774999999999998 -0.9751410601020535
-1.7999999999999978 -0.9758773559422543
-1.8249999999999977 -0.9765815137715449
-1.8499999999999976 -0.9772552909553693
-1.8749999999999976 -0.9779005166037447
-1.8999999999999975 -0.9785187444428798
-1.9249999999999974 -0.9791114162467186
-1.9499999999999973 -0.9796799530885645
-1.9749999999999972 -0.9802256621931629
-1.9999999999999971 -0.9807496980693792
-2.0249999999999972 -0.9812532418505504
-2.049999999999997 -0.98173731129798
-2.074999999999997 -0.9822029150363696
-2.099999999999997 -0.982650959938963
-2.124999999999997 -0.9830823554925296
-2.149999999999997 -0.9834978720252119
-2.1749999999999967 -0.9838983014193379
-2.1999999999999966 -0.9842843546529333
-2.2249999999999965 -0.9846566951324341
-2.2499999999999964 -0.9850160114666683
-2.2749999999999964 -0.9853628779095801
-2.2999999999999963 -0.98569783865883
-2.324999999999996 -0.9860214579972751
-2.349999999999996 -0.9863342225723226
-2.374999999999996 -0.9866366443269414
-2.399999999999996 -0.9869291689260614
-2.424999999999996 -0.9872121450046166
-2.4499999999999957 -0.9874861213735315
-2.4749999999999956 -0.9877513604320256
-2.4999999999999956 -0.9880082566684208
-2.5249999999999955 -0.9882572063719265
-2.5499999999999954 -0.98849844485657
-2.5749999999999953 -0.9887323533360721
-2.599999999999995 -0.9889592197721658
-2.624999999999995 -0.989179312768846
-2.649999999999995 -0.9893928949866503
-2.674999999999995 -0.9896002494661311
-2.699999999999995 -0.9898015736833995
-2.7249999999999948 -0.9899970618556954
-2.7499999999999947 -0.9901870563262923
-2.7749999999999946 -0.9903716866665212
-2.7999999999999945 -0.9905511479989485
-2.8249999999999944 -0.9907256139228906
-2.8499999999999943 -0.9908953583636807
-2.8749999999999942 -0.9910604934137566
-2.899999999999994 -0.9912211532464957
-2.924999999999994 -0.9913774672492699
-2.949999999999994 -0.9915297237114886
-2.974999999999994 -0.9916779992645034
-2.999999999999994 -0.9918224050264592
-2.974999999999994 -0.9916887243375448
-2.949999999999994 -0.991541693573854
-2.924999999999994 -0.9913900241315113
-2.899999999999994 -0.9912340117457318
-2.8749999999999942 -0.9910736998544791
-2.8499999999999943 -0.9909089910331583
-2.8249999999999944 -0.9907397047830546
-2.7999999999999945 -0.9905656162362119
-2.7749999999999946 -0.990386531469289
-2.7499999999999947 -0.9902023348261505
-2.7249999999999948 -0.9900128430998711
-2.699999999999995 -0.9898177570553504
-2.674999999999995 -0.989616895865339
-2.649999999999995 -0.9894100958915986
-2.624999999999995 -0.9891970891021985
-2.599999999999995 -0.9889775052145012
-2.5749999999999953 -0.9887512373813367
-2.5499999999999954 -0.9885179244609128
-2.5249999999999955 -0.9882772585153927
-2.4999999999999956 -0.9880289965796807
-2.4749999999999956 -0.987772801734383
-2.4499999999999957 -0.9875082487727932
-2.424999999999996 -0.9872350957375868
-2.399999999999996 -0.9869528508372043
-2.374999999999996 -0.9866611957068124
-2.349999999999996 -0.9863596951199787
-2.324999999999996 -0.986047810594485
-2.2999999999999963 -0.9857251704826223
-2.2749999999999964 -0.985391223657021
-2.2499999999999964 -0.985045480488465
-2.2249999999999965 -0.9846873123252639
-2.1999999999999966 -0.9843161996586297
-2.1749999999999967 -0.9839313912567264
-2.149999999999997 -0.9835323548561522
-2.124999999999997 -0.9831182438279029
-2.099999999999997 -0.9826884101494044
-2.074999999999997 -0.9822420008716706
-2.049999999999997 -0.9817781213612404
-2.0249999999999972 -0.9812958719063741
-1.9999999999999973 -0.9807943011577231
-1.9749999999999974 -0.9802723465095756
-1.9499999999999975 -0.9797288948060021
-1.9249999999999976 -0.9791627496693912
-1.8999999999999977 -0.9785726177586014
-1.8749999999999978 -0.977957144164917
-1.8499999999999979 -0.9773149017691426
-1.824999999999998 -0.9766442494001031
-1.799999999999998 -0.9759435384446068
-1.7749999999999981 -0.9752109468684274
-1.7499999999999982 -0.974444513319254
-1.7249999999999983 -0.9736421171071703
-1.6999999999999984 -0.9728014977851972
-1.6749999999999985 -0.9719202116019502
-1.6499999999999986 -0.9709955804841558
-1.6249999999999987 -0.9700247388430648
-1.5999999999999988 -0.969004553814307
-1.5749999999999988 -0.967931661434777
-1.549999999999999 -0.9668023665919697
-1.524999999999999 -0.9656126695888678
-1.4999999999999991 -0.9643582072540778
-1.4749999999999992 -0.9630342023131028
-1.4499999999999993 -0.9616354791887075
-1.4249999999999994 -0.960156252827108
-1.3999999999999995 -0.9585902804837344
-1.3749999999999996 -0.956930745283436
-1.3499999999999996 -0.9551699850464241
-1.3249999999999997 -0.9532996254889758
-1.2999999999999998 -0.9513103686609059
-1.275 -0.9491920877389327
-1.25 -0.9469332556151892
-1.225 -0.9445212334712051
-1.2000000000000002 -0.9419418768665754
-1.1750000000000003 -0.9391794762782344
-1.1500000000000004 -0.9362163935578377
-1.1250000000000004 -0.9330329422504489
-1.1000000000000005 -0.9296071505151393
-1.0750000000000006 -0.9259144847926757
-1.0500000000000007 -0.9219275076470329
-1.0250000000000008 -0.9176154364439312
-1.0000000000000009 -0.912947567543992
-0.9750000000000009 -0.907916778399913
-0.9500000000000008 -0.9025724000330178
-0.9250000000000008 -0.8969363367723806
-0.9000000000000008 -0.8910219410687175
-0.8750000000000008 -0.8848383323369423
-0.8500000000000008 -0.8783921540515903
-0.8250000000000007 -0.8716890956728753
-0.8000000000000007 -0.8647333372670294
-0.7750000000000007 -0.8575282974882007
-0.7500000000000007 -0.8500759356256066
-0.7250000000000006 -0.8423762719295882
-0.7000000000000006 -0.834426497358934
-0.6750000000000006 -0.8262220024545524
-0.6500000000000006 -0.8177598569016802
-0.6250000000000006 -0.8090431191944311
-0.6000000000000005 -0.8000793525405583
-0.5750000000000005 -0.7908748292687788
-0.5500000000000005 -0.7814311656781902
-0.5250000000000005 -0.7717459227024194
-0.5000000000000004 -0.761814718308214
-0.4750000000000004 -0.7516323660523587
-0.4500000000000004 -0.7411937986734585
-0.4250000000000004 -0.7304938512677337
-0.40000000000000036 -0.7195270791653091
-0.37500000000000033 -0.7082881336171827
-0.3500000000000003 -0.6967708920651313
-0.3250000000000003 -0.6849692779492585
-0.30000000000000027 -0.6728764844299213
-0.27500000000000024 -0.6604850346121696
-0.2500000000000002 -0.6477867591316432
-0.22500000000000023 -0.6347730972790862
-0.20000000000000023 -0.6214342621042497
-0.17500000000000024 -0.6077596775787222
-0.15000000000000024 -0.5937379532480128
-0.12500000000000025 -0.5793562473701046
-0.10000000000000026 -0.5646008064864833
-0.07500000000000026 -0.5494560216490849
-0.05000000000000026 -0.5339049035749369
-0.025000000000000258 -0.5179286913180392
-2.5673907444456745e-16 -0.5015062478125036
0.024999999999999745 -0.48461439178415233
0.049999999999999746 -0.46722682647094227
0.07499999999999975 -0.44931220713614534
0.09999999999999976 -0.43083786531764734
0.12499999999999975 -0.4117648499352185
0.14999999999999974 -0.3920476526525381
0.17499999999999974 -0.37163486744587454
0.19999999999999973 -0.3504649028013079
0.22499999999999973 -0.3284646813789683
0.24999999999999972 -0.3055464665421392
0.27499999999999974 -0.28160231843274414
0.29999999999999977 -0.2564978942435715
0.3249999999999998 -0.23006054630912573
0.3499999999999998 -0.20206303441628962
0.37499999999999983 -0.17219344709136952
0.39999999999999986 -0.14000048100519924
0.4249999999999999 -0.10477971920349866
0.4499999999999999 -0.06529076749880719
0.4749999999999999 -0.018774166257878328
0.49999999999999994 0.08926630754655795
0.5249999999999999 0.39920798326216045
0.5499999999999999 0.5282020865089784
0.575 0.6096580460315271
0.6 0.671240037470827
0.625 0.721347910330642
0.65 0.7600015236481341
0.675 0.7871423644064144
0.7000000000000001 0.8085835665370387
0.7250000000000001 0.8270558816803627
0.7500000000000001 0.840487625271943
0.7750000000000001 0.8525679784800281
0.8000000000000002 0.8623452716403497
0.8250000000000002 0.8706883109780168
0.8500000000000002 0.8778679539984732
0.8750000000000002 0.8846812195324726
0.9000000000000002 0.8911618805053648
0.9250000000000003 0.8970863283357576
0.9500000000000003 0.9026732030705672
0.9750000000000003 0.9080127662615896
1.0000000000000002 0.9128836170919377
1.0250000000000001 0.9174930275788884
1.05 0.9216943287793969
1.075 0.9256747970451623
1.0999999999999999 0.9293200118579301
1.1249999999999998 0.932742013595507
1.1499999999999997 0.9359122642191209
1.1749999999999996 0.9388704795064313
1.1999999999999995 0.9416373360305244
1.2249999999999994 0.9442266000702717
1.2499999999999993 0.946652007665582
1.2749999999999992 0.9489262380343582
1.2999999999999992 0.9510615519513707
1.324999999999999 0.953066250985485
1.349999999999999 0.9549525038473023
1.374999999999999 0.9567286974777207
1.3999999999999988 0.9584028496643759
1.4249999999999987 0.9599823334150064
1.4499999999999986 0.9614740673489589
1.4749999999999985 0.9628842797769008
1.4999999999999984 0.9642187134082951
1.5249999999999984 0.965482696945759
1.5499999999999983 0.9666810949133301
1.5749999999999982 0.9678183004117394
1.599999999999998 0.9688984319745211
1.624999999999998 0.9699251898972997
1.649999999999998 0.9709020973247883
1.6749999999999978 0.9718322444663938
1.6999999999999977 0.9727186658621149
1.7249999999999976 0.9735639645113661
1.7499999999999976 0.9743706491594271
1.7749999999999975 0.975141062107239
1.7999999999999974 0.9758773571702942
1.8249999999999973 0.976581514309128
1.8499999999999972 0.9772552908688806
1.8749999999999971 0.9779005158656691
1.899999999999997 0.978518743186886
1.924999999999997 0.9791114146782853
1.9499999999999968 0.979679951091089
1.9749999999999968 0.9802256600632563
1.9999999999999967 0.9807496957007857
2.024999999999997 0.9812532393112035
2.0499999999999967 0.9817373085512352
2.0749999999999966 0.9822029120460223
2.0999999999999965 0.9826509569271077
2.1249999999999964 0.9830823523915752
2.1499999999999964 0.9834978687876028
2.1749999999999963 0.9838982981998535
2.199999999999996 0.9842843514207269
2.224999999999996 0.9846566918911432
2.249999999999996 0.9850160081920883
2.274999999999996 0.9853628746377106
2.299999999999996 0.9856978353772591
2.3249999999999957 0.9860214545963817
2.3499999999999956 0.9863342192966745
2.3749999999999956 0.98663664107237
2.3999999999999955 0.9869291656927955
2.4249999999999954 0.9872121418055315
2.4499999999999953 0.9874861182233464
2.474999999999995 0.987751357287863
2.499999999999995 0.9880082535446226
2.524999999999995 0.9882572032824302
2.549999999999995 0.98849844180748
2.574999999999995 0.9887323503288686
2.5999999999999948 0.9889592168108897
2.6249999999999947 0.9891793098459463
2.6499999999999946 0.9893928921012942
2.6749999999999945 0.9896002465518827
2.6999999999999944 0.989801570892613
2.7249999999999943 0.989997059101074
2.7499999999999942 0.990187053626821
2.774999999999994 0.9903716839911456
2.799999999999994 0.9905511453532088
2.824999999999994 0.9907256113356607
2.849999999999994 0.9908953558760496
2.874999999999994 0.9910604909322756
2.8999999999999937 0.9912211507527172
2.9249999999999936 0.9913774648321686
2.9499999999999935 0.9915297213220327
2.9749999999999934 0.9916779968432706
2.9999999999999933 0.9918224027257941