0 0.00018126528618277743
0.025 0.01650501566310673
0.05 0.03314655813755128
0.07500000000000001 0.049893855058588836
0.1 0.06672694686574855
0.125 0.08366712729126624
0.15 0.1007442816772599
0.175 0.11799116644549687
0.19999999999999998 0.13544547896231052
0.22499999999999998 0.15314987254358622
0.24999999999999997 0.1711542187165014
0.27499999999999997 0.18951846487952453
0.3 0.20831511475072884
0.325 0.22763643730049077
0.35000000000000003 0.2476023667528153
0.37500000000000006 0.2683760852488909
0.4000000000000001 0.2901931810949615
0.4250000000000001 0.3134207026752192
0.4500000000000001 0.33870808193938373
0.47500000000000014 0.3675432628978213
0.5000000000000001 0.42878833424821733
0.5250000000000001 0.5880128050896536
0.5500000000000002 0.6605231614174983
0.5750000000000002 0.7062475114730744
0.6000000000000002 0.7445362593362109
0.6250000000000002 0.7723948702816341
0.6500000000000002 0.7928199188566157
0.6750000000000003 0.8082393275053336
0.7000000000000003 0.822678756509377
0.7250000000000003 0.8354063984907932
0.7500000000000003 0.8457266496496277
0.7750000000000004 0.8552674371889394
0.8000000000000004 0.8637824631802374
0.8250000000000004 0.8713037945766731
0.8500000000000004 0.8779953847686508
0.8750000000000004 0.8843410650398038
0.9000000000000005 0.8904643303628561
0.9250000000000005 0.8964388705550971
0.9500000000000005 0.9021093054231292
0.9750000000000005 0.907481831094302
1.0000000000000004 0.9125012030880887
1.0250000000000004 0.9171711239519246
1.0500000000000003 0.9215015182863705
1.0750000000000002 0.9255156413454072
1.1 0.9292387246570368
1.125 0.9326951622153614
1.15 0.9359077177779375
1.1749999999999998 0.9388976430257451
1.1999999999999997 0.9416844476552356
1.2249999999999996 0.9442857415654441
1.2499999999999996 0.9467174956709155
1.2749999999999995 0.9489939337820171
1.2999999999999994 0.9511280767690846
1.3249999999999993 0.9531314728598508
1.3499999999999992 0.9550145923253085
1.3749999999999991 0.956786844006896
1.399999999999999 0.9584567779035764
1.424999999999999 0.9600320587261915
1.4499999999999988 0.9615197674817728
1.4749999999999988 0.9629262416851122
1.4999999999999987 0.9642572303143506
1.5249999999999986 0.965518072684398
1.5499999999999985 0.9667136246933046
1.5749999999999984 0.9678482509116709
1.5999999999999983 0.968926064835756
1.6249999999999982 0.9699507197556579
1.6499999999999981 0.9709257293888583
1.674999999999998 0.971854152588955
1.699999999999998 0.972739002259325
1.7249999999999979 0.973582886685903
1.7499999999999978 0.9743882794590644
1.7749999999999977 0.9751575056516436
1.7999999999999976 0.9758927215222002
1.8249999999999975 0.9765958940199923
1.8499999999999974 0.9772687585342653
1.8749999999999973 0.9779131461633147
1.8999999999999972 0.9785306001678734
1.9249999999999972 0.9791225644884501
1.949999999999997 0.9796904555735235
1.974999999999997 0.980235549291466
1.999999999999997 0.9807590193751059
2.024999999999997 0.9812620426166477
2.0499999999999967 0.9817456269339213
2.0749999999999966 0.9822107837875467
2.0999999999999965 0.9826584071032637
2.1249999999999964 0.9830894063731527
2.1499999999999964 0.9835045623862759
2.1749999999999963 0.9839046492842364
2.199999999999996 0.9842903781593625
2.224999999999996 0.9846624204651062
2.249999999999996 0.9850214566106097
2.274999999999996 0.9853680598098319
2.299999999999996 0.9857027741480506
2.3249999999999957 0.9860261590884294
2.3499999999999956 0.9863387045335996
2.3749999999999956 0.9866409213690334
2.3999999999999955 0.9869332518637375
2.4249999999999954 0.9872160431628211
2.4499999999999953 0.9874898475917198
2.474999999999995 0.9877549238399745
2.499999999999995 0.98801166672594
2.524999999999995 0.9882604690632665
2.549999999999995 0.9885015754569526
2.574999999999995 0.9887353480141166
2.5999999999999948 0.9889620907423522
2.6249999999999947 0.9891820682713961
2.6499999999999946 0.9893955390200398
2.6749999999999945 0.9896027850780452
2.6999999999999944 0.9898040052749888
2.7249999999999943 0.9899993994549837
2.7499999999999942 0.9901893083683293
2.774999999999994 0.990373854362882
2.799999999999994 0.9905532319659244
2.824999999999994 0.9907276156679556
2.849999999999994 0.9908972837808562
2.874999999999994 0.9910623476461113
2.8999999999999937 0.9912229423257828
2.9249999999999936 0.9913791919259888
2.9499999999999935 0.991531384694364
2.9749999999999934 0.9916796029804051
2.9999999999999933 0.991823952695032
2.9749999999999934 0.991688105085011
2.9499999999999935 0.9915403307203021
2.9249999999999936 0.9913884263581341
2.8999999999999937 0.9912323077813796
2.874999999999994 0.9910719229590391
2.849999999999994 0.9909071425871631
2.824999999999994 0.9907377855903688
2.799999999999994 0.990563622653627
2.774999999999994 0.9903844560510332
2.7499999999999942 0.9902001740102003
2.7249999999999943 0.9900105974356352
2.6999999999999944 0.989815429199532
2.6749999999999945 0.989614478596155
2.6499999999999946 0.9894075752340672
2.6249999999999947 0.9891944577585055
2.5999999999999948 0.9889747671387892
2.574999999999995 0.9887483875761853
2.549999999999995 0.9885149532295299
2.524999999999995 0.9882741571699798
2.499999999999995 0.9880257633200729
2.474999999999995 0.987769426291362
2.4499999999999953 0.9875047291191813
2.4249999999999954 0.9872314196898083
2.3999999999999955 0.9869490061947223
2.3749999999999956 0.9866571704736653
2.3499999999999956 0.986355482832851
2.3249999999999957 0.9860434024547876
2.299999999999996 0.9857205512958939
2.274999999999996 0.9853863781866362
2.249999999999996 0.9850403993735511
2.224999999999996 0.9846819848501918
2.199999999999996 0.984310603388288
2.1749999999999963 0.9839255062600193
2.1499999999999964 0.9835261708302346
2.1249999999999964 0.9831117368039526
2.0999999999999965 0.9826815600988223
2.0749999999999966 0.982234774125217
2.0499999999999967 0.9817705000946281
2.024999999999997 0.9812878333072003
1.999999999999997 0.9807858132540709
1.974999999999997 0.9802633713061544
1.949999999999997 0.9797193907822732
1.9249999999999972 0.9791526872585921
1.8999999999999972 0.9785619547734107
1.8749999999999973 0.9779458359272208
1.8499999999999974 0.9773028873126876
1.8249999999999975 0.9766314745751247
1.7999999999999976 0.975929943245775
1.7749999999999977 0.9751964716724861
1.7499999999999978 0.9744290702642162
1.7249999999999979 0.9736256238659818
1.699999999999998 0.9727838676574685
1.674999999999998 0.9719013398330921
1.6499999999999981 0.9709753589951813
1.6249999999999982 0.9700030365741225
1.5999999999999983 0.9689812341413996
1.5749999999999984 0.9679065675505889
1.5499999999999985 0.9667753246707343
1.5249999999999986 0.9655834844302065
1.4999999999999987 0.9643266571204481
1.4749999999999988 0.9630000554663535
1.4499999999999988 0.9615984524572595
1.424999999999999 0.9601160421641758
1.399999999999999 0.9585465490416419
1.3749999999999991 0.9568830990338537
1.3499999999999992 0.955117998748098
1.3249999999999993 0.9532428027388626
1.2999999999999994 0.9512481596730237
1.2749999999999995 0.9491238766560421
1.2499999999999996 0.9468583471052616
1.2249999999999996 0.9444388201548864
1.1999999999999997 0.9418510884976368
1.1749999999999998 0.9390792837326267
1.15 0.9361056817967693
1.125 0.9329104470184281
1.1 0.9294714900143553
1.0750000000000002 0.9257641966001042
1.0500000000000003 0.9217611027969109
1.0250000000000004 0.9174314879175032
1.0000000000000004 0.9127448061412841
0.9750000000000004 0.907703619046743
0.9500000000000004 0.9023305116229416
0.9250000000000004 0.8966746990088384
0.9000000000000004 0.8907423900996977
0.8750000000000003 0.8845435388175094
0.8500000000000003 0.8780847620418603
0.8250000000000003 0.871370446569563
0.8000000000000003 0.8644029908304625
0.7750000000000002 0.8571860921878156
0.7500000000000002 0.8497245684018786
0.7250000000000002 0.8420217436503286
0.7000000000000002 0.8340725071508307
0.6750000000000002 0.8258604182497259
0.6500000000000001 0.8173888734115976
0.6250000000000001 0.8086552801696674
0.6000000000000001 0.7996926486252424
0.5750000000000001 0.790504006968682
0.55 0.7810779516017851
0.525 0.7714061190328545
0.5 0.7614831936081307
0.475 0.7513049070210802
0.44999999999999996 0.7408672984344672
0.42499999999999993 0.7301661348860481
0.3999999999999999 0.7191966162491452
0.3749999999999999 0.7079538370225772
0.34999999999999987 0.6964318739255311
0.32499999999999984 0.6846247775763986
0.2999999999999998 0.672525816066791
0.2749999999999998 0.6601274765461818
0.2499999999999998 0.647421643560385
0.2249999999999998 0.634399741329389
0.19999999999999982 0.6210519201488167
0.17499999999999982 0.6073675808503596
0.14999999999999983 0.593335295273454
0.12499999999999983 0.5789421290281568
0.09999999999999984 0.5641742277006047
0.07499999999999984 0.5490159610758139
0.04999999999999984 0.5334502017264908
0.024999999999999842 0.5174580475658236
-1.5959455978986625e-16 0.5010181979947047
-0.02500000000000016 0.4841073558208808
-0.05000000000000016 0.4666989862478387
-0.07500000000000016 0.44876151612996695
-0.10000000000000017 0.4302619417344259
-0.12500000000000017 0.411160959137662
-0.15000000000000016 0.39141268473387286
-0.17500000000000016 0.37096508280116813
-0.20000000000000015 0.3497559389153367
-0.22500000000000014 0.32771116926676497
-0.25000000000000017 0.3047419633973324
-0.2750000000000002 0.280738841490071
-0.3000000000000002 0.2555652979819234
-0.32500000000000023 0.22904583112017315
-0.35000000000000026 0.2009488865199781
-0.3750000000000003 0.1709562769434875
-0.4000000000000003 0.1386065117100339
-0.4250000000000003 0.1031781443386375
-0.45000000000000034 0.0633983231290827
-0.47500000000000037 0.016434704798601513
-0.5000000000000003 -0.09265415552226457
-0.5250000000000004 -0.4085985322805099
-0.5500000000000004 -0.5461790404342522
-0.5750000000000004 -0.6336843288318099
-0.6000000000000004 -0.692294951775837
-0.6250000000000004 -0.7367628211614563
-0.6500000000000005 -0.7680542237154857
-0.6750000000000005 -0.7923356733670486
-0.7000000000000005 -0.8119802026588963
-0.7250000000000005 -0.8282570073982405
-0.7500000000000006 -0.8421925204081765
-0.7750000000000006 -0.8536564097636644
-0.8000000000000006 -0.8627560693127597
-0.8250000000000006 -0.8709722515540046
-0.8500000000000006 -0.8779762153657976
-0.8750000000000007 -0.8844758932351803
-0.9000000000000007 -0.8906264506358557
-0.9250000000000007 -0.8965862910538617
-0.9500000000000007 -0.9021442003318734
-0.9750000000000008 -0.9075320885174787
-1.0000000000000007 -0.9125409939171494
-1.0250000000000006 -0.9172361544738201
-1.0500000000000005 -0.9215549372869731
-1.0750000000000004 -0.9255552186807118
-1.1000000000000003 -0.9292650341923079
-1.1250000000000002 -0.9327115738070136
-1.1500000000000001 -0.9359182313108145
-1.175 -0.9389024235028821
-1.2 -0.9416866960541631
-1.2249999999999999 -0.9442867458045373
-1.2499999999999998 -0.9467178939570754
-1.2749999999999997 -0.9489940533437348
-1.2999999999999996 -0.9511280800088041
-1.3249999999999995 -0.9531314273763466
-1.3499999999999994 -0.9550145361069878
-1.3749999999999993 -0.9567867878962828
-1.3999999999999992 -0.9584567287984153
-1.4249999999999992 -0.9600320158520291
-1.449999999999999 -0.9615197322439618
-1.474999999999999 -0.9629262105154208
-1.499999999999999 -0.9642572031938904
-1.5249999999999988 -0.9655180499722108
-1.5499999999999987 -0.966713606651129
-1.5749999999999986 -0.9678482368080934
-1.5999999999999985 -0.9689260532024904
-1.6249999999999984 -0.9699507103478228
-1.6499999999999984 -0.9709257216830061
-1.6749999999999983 -0.97185414687284
-1.6999999999999982 -0.9727389978762682
-1.724999999999998 -0.9735828831050392
-1.749999999999998 -0.9743882773882003
-1.774999999999998 -0.9751575040996402
-1.7999999999999978 -0.9758927208112353
-1.8249999999999977 -0.9765958942461572
-1.8499999999999976 -0.9772687592681849
-1.8749999999999976 -0.9779131467106629
-1.8999999999999975 -0.9785306016608425
-1.9249999999999974 -0.9791225664457388
-1.9499999999999973 -0.9796904582538435
-1.9749999999999972 -0.9802355514689176
-1.9999999999999971 -0.9807590223298659
-2.0249999999999972 -0.9812620453682435
-2.049999999999997 -0.981745630164489
-2.074999999999997 -0.982210787431092
-2.099999999999997 -0.9826584103768573
-2.124999999999997 -0.9830894098750617
-2.149999999999997 -0.9835045659084088
-2.1749999999999967 -0.9839046529940936
-2.1999999999999966 -0.9842903817945802
-2.2249999999999965 -0.9846624242437029
-2.2499999999999964 -0.9850214603705082
-2.2749999999999964 -0.9853680637219798
-2.2999999999999963 -0.985702778347134
-2.324999999999996 -0.9860261629006878
-2.349999999999996 -0.9863387082539152
-2.374999999999996 -0.9866409252035448
-2.399999999999996 -0.9869332554822666
-2.424999999999996 -0.9872160467313923
-2.4499999999999957 -0.9874898512412749
-2.4749999999999956 -0.9877549272707196
-2.4999999999999956 -0.9880116703134302
-2.5249999999999955 -0.9882604728280442
-2.5499999999999954 -0.9885015788384833
-2.5749999999999953 -0.9887353515452085
-2.599999999999995 -0.9889620940652626
-2.624999999999995 -0.9891820717686794
-2.649999999999995 -0.9893955425396538
-2.674999999999995 -0.9896027883293199
-2.699999999999995 -0.9898040084022076
-2.7249999999999948 -0.9899994026775334
-2.7499999999999947 -0.9901893112665314
-2.7749999999999946 -0.9903738574015496
-2.7999999999999945 -0.9905532351209357
-2.8249999999999944 -0.9907276187398487
-2.8499999999999943 -0.9908972869418422
-2.8749999999999942 -0.9910623505079503
-2.899999999999994 -0.9912229451219469
-2.924999999999994 -0.9913791942671463
-2.949999999999994 -0.9915313876480267
-2.974999999999994 -0.9916796059320522
-2.999999999999994 -0.9918239554575617
-2.974999999999994 -0.9916881078707283
-2.949999999999994 -0.9915403331818304
-2.924999999999994 -0.991388428991303
-2.899999999999994 -0.9912323105712536
-2.8749999999999942 -0.9910719259381094
-2.8499999999999943 -0.9909071454811528
-2.8249999999999944 -0.9907377886928166
-2.7999999999999945 -0.9905636255838347
-2.7749999999999946 -0.99038445908642
-2.7499999999999947 -0.990200177282456
-2.7249999999999948 -0.9900106006618528
-2.699999999999995 -0.9898154325890364
-2.674999999999995 -0.9896144819274414
-2.649999999999995 -0.9894075785126756
-2.624999999999995 -0.9891944610551903
-2.599999999999995 -0.9889747704980352
-2.5749999999999953 -0.9887483909109411
-2.5499999999999954 -0.9885149567211192
-2.5249999999999955 -0.9882741605158695
-2.4999999999999956 -0.9880257667512566
-2.4749999999999956 -0.9877694299193858
-2.4499999999999957 -0.9875047326030036
-2.424999999999996 -0.9872314234087199
-2.399999999999996 -0.9869490099829902
-2.374999999999996 -0.986657174338089
-2.349999999999996 -0.9863554869471018
-2.324999999999996 -0.9860434066105592
-2.2999999999999963 -0.9857205552664594
-2.2749999999999964 -0.985386382242626
-2.2499999999999964 -0.9850404035746462
-2.2249999999999965 -0.9846819889514633
-2.1999999999999966 -0.984310607506339
-2.1749999999999967 -0.9839255101351496
-2.149999999999997 -0.9835261749872978
-2.124999999999997 -0.9831117409290442
-2.099999999999997 -0.9826815642671402
-2.074999999999997 -0.9822347782791808
-2.049999999999997 -0.9817705040421522
-2.0249999999999972 -0.9812878373148388
-1.9999999999999973 -0.9807858170845231
-1.9749999999999974 -0.9802633751114608
-1.9499999999999975 -0.9797193944618963
-1.9249999999999976 -0.9791526908788347
-1.8999999999999977 -0.978561958049665
-1.8749999999999978 -0.9779458391509679
-1.8499999999999979 -0.9773028893122461
-1.824999999999998 -0.9766314763630126
-1.799999999999998 -0.9759299453865609
-1.7749999999999981 -0.9751964735866028
-1.7499999999999982 -0.9744290715199311
-1.7249999999999983 -0.9736256246064998
-1.6999999999999984 -0.9727838677237386
-1.6749999999999985 -0.9719013392018595
-1.6499999999999986 -0.9709753575235468
-1.6249999999999987 -0.9700030340993633
-1.5999999999999988 -0.9689812304047056
-1.5749999999999988 -0.9679065624835193
-1.549999999999999 -0.966775318417822
-1.524999999999999 -0.9655834760932708
-1.4999999999999991 -0.9643266469903471
-1.4749999999999992 -0.9630000422427831
-1.4499999999999993 -0.9615984360975515
-1.4249999999999994 -0.960116021612146
-1.3999999999999995 -0.9585465250507968
-1.3749999999999996 -0.9568830704762704
-1.3499999999999996 -0.955117964515018
-1.3249999999999997 -0.953242761382574
-1.2999999999999998 -0.9512481100932446
-1.275 -0.9491238136380775
-1.25 -0.9468582678819519
-1.225 -0.9444387261719983
-1.2000000000000002 -0.9418509762130379
-1.1750000000000003 -0.9390791488481719
-1.1500000000000004 -0.9361055177157088
-1.1250000000000004 -0.9329102508619144
-1.1000000000000005 -0.9294712515933509
-1.0750000000000006 -0.9257639087080645
-1.0500000000000007 -0.9217607517871516
-1.0250000000000008 -0.9174310542213954
-1.0000000000000009 -0.9127442535690841
-0.9750000000000009 -0.9076935436453065
-0.9500000000000008 -0.90232893331273
-0.9250000000000008 -0.8966731938168173
-0.9000000000000008 -0.8907405626536365
-0.8750000000000008 -0.8845405057615887
-0.8500000000000008 -0.8780780938461692
-0.8250000000000007 -0.8713535844854168
-0.8000000000000007 -0.8643635328306688
-0.7750000000000007 -0.8571124360823514
-0.7500000000000007 -0.8496139458538126
-0.7250000000000006 -0.841878307741966
-0.7000000000000006 -0.8339077132219957
-0.6750000000000006 -0.8257006863905869
-0.6500000000000006 -0.817255001875549
-0.6250000000000006 -0.808568645180846
-0.6000000000000005 -0.7996396093466087
-0.5750000000000005 -0.7904659431738369
-0.5500000000000005 -0.7810454595360502
-0.5250000000000005 -0.7713755395293481
-0.5000000000000004 -0.7614532776721844
-0.4750000000000004 -0.7512752732778212
-0.4500000000000004 -0.7408378589824844
-0.4250000000000004 -0.7301369152063926
-0.40000000000000036 -0.7191676553806513
-0.37500000000000033 -0.7079251923167658
-0.3500000000000003 -0.6964035935158094
-0.3250000000000003 -0.6845969169171074
-0.30000000000000027 -0.6724984297742106
-0.27500000000000024 -0.6601006276830422
-0.2500000000000002 -0.6473953955000005
-0.22500000000000023 -0.6343741310502784
-0.20000000000000023 -0.6210269973519958
-0.17500000000000024 -0.6073433840011684
-0.15000000000000024 -0.5933118825428104
-0.12500000000000025 -0.5789195414781827
-0.10000000000000026 -0.5641525142307333
-0.07500000000000026 -0.5489951757962795
-0.05000000000000026 -0.5334303875752232
-0.025000000000000258 -0.517439250315416
-2.5673907444456745e-16 -0.5010004667280851
0.024999999999999745 -0.484090739769537
0.049999999999999746 -0.4666834807110498
0.07499999999999975 -0.4487472131954926
0.09999999999999976 -0.43024890889937406
0.12499999999999975 -0.41114925842988315
0.14999999999999974 -0.39140235976665033
0.17499999999999974 -0.37095621768865333
0.19999999999999973 -0.3497485936659243
0.22499999999999973 -0.3277054107119934
0.24999999999999972 -0.30473786469779807
0.27499999999999974 -0.28073645233625244
0.29999999999999977 -0.25556473562123916
0.3249999999999998 -0.2290471771728086
0.3499999999999998 -0.20095225269287945
0.37499999999999983 -0.17096177798729736
0.39999999999999986 -0.13861426748266198
0.4249999999999999 -0.10318829369914857
0.4499999999999999 -0.06341101852000142
0.4749999999999999 -0.016450132368396778
0.49999999999999994 0.09263393532171263
0.5249999999999999 0.4085738048376707
0.5499999999999999 0.5461525120237295
0.575 0.6336515767675791
0.6 0.6922414483624626
0.625 0.7367235705010395
0.65 0.767998136737884
0.675 0.7922585269764906
0.7000000000000001 0.8120969355062031
0.7250000000000001 0.8283339826566329
0.7500000000000001 0.8422374259780946
0.7750000000000001 0.8536861943723257
0.8000000000000002 0.8627817254887941
0.8250000000000002 0.8709950248568895
0.8500000000000002 0.8779997839298574
0.8750000000000002 0.8844982561331928
0.9000000000000002 0.8906471333249673
0.9250000000000003 0.8966048202699027
0.9500000000000003 0.902160306848756
0.9750000000000003 0.9075477779074456
1.0000000000000002 0.9125516514786449
1.0250000000000001 0.9172424821063991
1.05 0.9215588276746798
1.075 0.9255574549661536
1.0999999999999999 0.9292662746828017
1.1249999999999998 0.9327122728539545
1.1499999999999997 0.935918657598734
1.1749999999999996 0.938902709849715
1.1999999999999995 0.9416869077954079
1.2249999999999994 0.9442869108835606
1.2499999999999993 0.9467180292512204
1.2749999999999992 0.9489941645017683
1.2999999999999992 0.9511281725771448
1.324999999999999 0.9531315043836271
1.349999999999999 0.955014600664325
1.374999999999999 0.9567868419556392
1.3999999999999988 0.9584567735580978
1.4249999999999987 0.9600320528421482
1.4499999999999986 0.9615197624707285
1.4749999999999985 0.9629262357334164
1.4999999999999984 0.9642572237630165
1.5249999999999984 0.9655180665145315
1.5499999999999983 0.9667136197350229
1.5749999999999982 0.9678482469891939
1.599999999999998 0.968926061281207
1.624999999999998 0.9699507163002216
1.649999999999998 0.9709257259399915
1.6749999999999978 0.9718541496338181
1.6999999999999977 0.9727389991640198
1.7249999999999976 0.9735828834655765
1.7499999999999976 0.9743882768303739
1.7749999999999975 0.9751575026945353
1.7999999999999974 0.975892718877016
1.8249999999999973 0.9765958918039723
1.8499999999999972 0.9772687563440866
1.8749999999999971 0.977913143393155
1.899999999999997 0.9785305979763702
1.924999999999997 0.9791225625051675
1.9499999999999968 0.9796904540077424
1.9749999999999968 0.9802355471543407
1.9999999999999967 0.9807590179007284
2.024999999999997 0.9812620408461469
2.0499999999999967 0.9817456255699648
2.0749999999999966 0.9822107826912597
2.0999999999999965 0.982658405704071
2.1249999999999964 0.9830894051165369
2.1499999999999964 0.983504561145533
2.1749999999999963 0.9839046482461452
2.199999999999996 0.9842903770965605
2.224999999999996 0.9846624195833504
2.249999999999996 0.9850214557405482
2.274999999999996 0.9853680591101829
2.299999999999996 0.9857027737934769
2.3249999999999957 0.9860261582718859
2.3499999999999956 0.9863387038032277
2.3749999999999956 0.9866409208078767
2.3999999999999955 0.986933251141604
2.4249999999999954 0.9872160424543099
2.4499999999999953 0.9874898470342406
2.474999999999995 0.9877549230959144
2.499999999999995 0.9880116662212441
2.524999999999995 0.9882604688319463
2.549999999999995 0.9885015748706659
2.574999999999995 0.9887353476588431
2.5999999999999948 0.9889620902209878
2.6249999999999947 0.9891820680185585
2.6499999999999946 0.9893955388398559
2.6749999999999945 0.9896027846874694
2.6999999999999944 0.9898040048522618
2.7249999999999943 0.9899993991779614
2.7499999999999942 0.9901893078450974
2.774999999999994 0.9903738540257851
2.799999999999994 0.9905532318093998
2.824999999999994 0.9907276154804988
2.849999999999994 0.9908972836883958
2.874999999999994 0.9910623473665678
2.8999999999999937 0.9912229419940239
2.9249999999999936 0.9913791912181747
2.9499999999999935 0.991531384664585
2.9749999999999934 0.9916796029266477
2.9999999999999933 0.9918239525756677