0 0.0003574806101418265
0.025 0.01593767911439422
0.05 0.03213253967253667
0.07500000000000001 0.04856951913021459
0.1 0.06517400425063193
0.125 0.08200409923066677
0.15 0.0990900227159435
0.175 0.11640527044502116
0.19999999999999998 0.1339129982501282
0.22499999999999998 0.1516375394848685
0.24999999999999997 0.1696343096172163
0.27499999999999997 0.18796935857280542
0.3 0.20671837829626838
0.325 0.22597384866836356
0.35000000000000003 0.24585376282949456
0.37500000000000006 0.26651671908657526
0.4000000000000001 0.288190273540238
0.4250000000000001 0.31122681902776966
0.4500000000000001 0.33624642676906147
0.47500000000000014 0.3646332654513523
0.5000000000000001 0.424350463144638
0.5250000000000001 0.5816032224097173
0.5500000000000002 0.6507624135761212
0.5750000000000002 0.6936799397980354
0.6000000000000002 0.7286079608226274
0.6250000000000002 0.7555004007163618
0.6500000000000002 0.7753727606291458
0.6750000000000003 0.792320808764216
0.7000000000000003 0.8087024134942701
0.7250000000000003 0.8241439927385569
0.7500000000000003 0.8371526230906358
0.7750000000000004 0.8495624791779456
0.8000000000000004 0.8600496046269119
0.8250000000000004 0.8689988338410558
0.8500000000000004 0.8766845348924562
0.8750000000000004 0.8835202666230266
0.9000000000000005 0.8899559403108392
0.9250000000000005 0.8960060942689957
0.9500000000000005 0.9017760605817389
0.9750000000000005 0.9071904544622331
1.0000000000000004 0.9123691445011909
1.0250000000000004 0.9171506583043499
1.0500000000000003 0.9214744427939056
1.0750000000000002 0.925496173599237
1.1 0.9291948121916388
1.125 0.9326155288145821
1.15 0.9358094297336494
1.1749999999999998 0.9387741311467535
1.1999999999999997 0.9415669570744095
1.2249999999999996 0.9441605160471777
1.2499999999999996 0.9465804527741956
1.2749999999999995 0.9488490170016096
1.2999999999999994 0.9509800019407102
1.3249999999999993 0.952984100376596
1.3499999999999992 0.9548708268409742
1.3749999999999991 0.9566487084663049
1.399999999999999 0.9583255678166799
1.424999999999999 0.9599085085949612
1.4499999999999988 0.9614042195287534
1.4749999999999988 0.962818686785709
1.4999999999999987 0.9641574659979424
1.5249999999999986 0.965425739363152
1.5499999999999985 0.9666282757260499
1.5749999999999984 0.9677694175050947
1.5999999999999983 0.9688532348957521
1.6249999999999982 0.9698834122359205
1.6499999999999981 0.9708634699443079
1.674999999999998 0.9717965040756933
1.699999999999998 0.9726855661044518
1.7249999999999979 0.9735332695640002
1.7499999999999978 0.9743421460846198
1.7749999999999977 0.9751145626616137
1.7999999999999976 0.9758526795110639
1.8249999999999975 0.9765584986579019
1.8499999999999974 0.9772337999945766
1.8749999999999973 0.9778804158606625
1.8999999999999972 0.9784999200127648
1.9249999999999972 0.9790937636653182
1.949999999999997 0.9796633825115133
1.974999999999997 0.9802100748336188
1.999999999999997 0.9807350271979083
2.024999999999997 0.9812394200483665
2.0499999999999967 0.9817242745461794
2.0749999999999966 0.9821906101621243
2.0999999999999965 0.9826393269376739
2.1249999999999964 0.9830713507139102
2.1499999999999964 0.9834874536783548
2.1749999999999963 0.9838884275944371
2.199999999999996 0.9842749915900663
2.224999999999996 0.9846478052783764
2.249999999999996 0.9850075612592671
2.274999999999996 0.9853548430113859
2.299999999999996 0.9856901992496874
2.3249999999999957 0.9860141868518443
2.3499999999999956 0.9863272951543223
2.3749999999999956 0.9866300409801196
2.3999999999999955 0.986922866972454
2.4249999999999954 0.9872061304861597
2.4499999999999953 0.9874803743686831
2.474999999999995 0.9877458680541902
2.499999999999995 0.9880030092487193
2.524999999999995 0.9882521841746859
2.549999999999995 0.9884936372584971
2.574999999999995 0.9887277480887194
2.5999999999999948 0.9889548097559319
2.6249999999999947 0.9891750874781566
2.6499999999999946 0.9893888430929686
2.6749999999999945 0.9895963581769699
2.6999999999999944 0.9897978367729503
2.7249999999999943 0.9899934727155741
2.7499999999999942 0.9901836083892922
2.774999999999994 0.9903683722479851
2.799999999999994 0.9905479600531789
2.824999999999994 0.990722548624703
2.849999999999994 0.9908924058415404
2.874999999999994 0.9910576519056833
2.8999999999999937 0.991218419125344
2.9249999999999936 0.991374835254895
2.9499999999999935 0.9915271858766919
2.9749999999999934 0.9916755530786705
2.9999999999999933 0.9918200452991738
2.9749999999999934 0.991688672741682
2.9499999999999935 0.9915430422259052
2.9249999999999936 0.991392053586512
2.8999999999999937 0.9912363754840423
2.874999999999994 0.9910762586070564
2.849999999999994 0.9909116871973479
2.824999999999994 0.9907425212850056
2.799999999999994 0.9905685475750488
2.774999999999994 0.9903895784431171
2.7499999999999942 0.9902055044744725
2.7249999999999943 0.9900161371905046
2.6999999999999944 0.9898211826047769
2.6749999999999945 0.989620460516477
2.6499999999999946 0.9894138055454393
2.6249999999999947 0.9892009460112879
2.5999999999999948 0.9889815219435049
2.574999999999995 0.9887554227963948
2.549999999999995 0.9885222856638027
2.524999999999995 0.9882818021331498
2.499999999999995 0.9880337330710762
2.474999999999995 0.9877777455639594
2.4499999999999953 0.9875134169585154
2.4249999999999954 0.9872404947061673
2.3999999999999955 0.9869584879286392
2.3749999999999956 0.9866670826430299
2.3499999999999956 0.9863658526675192
2.3249999999999957 0.9860542552935194
2.299999999999996 0.985731917249141
2.274999999999996 0.9853982917182698
2.249999999999996 0.9850528876250954
2.224999999999996 0.9846950835682272
2.199999999999996 0.9843243577327612
2.1749999999999963 0.9839399546149433
2.1499999999999964 0.9835413545962062
2.1249999999999964 0.9831277023628014
2.0999999999999965 0.9826983612237117
2.0749999999999966 0.9822524782353199
2.0499999999999967 0.9817891586159818
2.024999999999997 0.9813075106220059
1.999999999999997 0.9808065812160883
1.974999999999997 0.9802853148638323
1.949999999999997 0.979742602996271
1.9249999999999972 0.9791772460188628
1.8999999999999972 0.9785879609583601
1.8749999999999973 0.9779734020198064
1.8499999999999974 0.9773321414278211
1.8249999999999975 0.9766625453368541
1.7999999999999976 0.9759629824475172
1.7749999999999977 0.9752316273586306
1.7499999999999978 0.974466528572515
1.7249999999999979 0.9736655703472624
1.699999999999998 0.9728265178231934
1.674999999999998 0.9719469310412541
1.6499999999999981 0.9710241481387929
1.6249999999999982 0.9700553154294211
1.5999999999999983 0.9690373278230683
1.5749999999999984 0.9679668338454862
1.5499999999999985 0.9668401558414462
1.5249999999999986 0.9656533279210825
1.4999999999999987 0.9644019998463372
1.4749999999999988 0.9630814372616103
1.4499999999999988 0.9616864991610306
1.424999999999999 0.9602114429186644
1.399999999999999 0.9586500671468658
1.3749999999999991 0.9569955994065065
1.3499999999999992 0.95524043312628
1.3249999999999993 0.9533762553893244
1.2999999999999994 0.9513938404335165
1.2749999999999995 0.9492831417552408
1.2499999999999996 0.9470327053429716
1.2249999999999996 0.9446299817161952
1.1999999999999997 0.942060951999575
1.1749999999999998 0.9393099828874879
1.15 0.936359582892138
1.125 0.933190187593013
1.1 0.9297799703074359
1.0750000000000002 0.92610454957957
1.0500000000000003 0.9221366353794745
1.0250000000000004 0.917845556052981
1.0000000000000004 0.9132006983080146
0.9750000000000004 0.9082043722914221
0.9500000000000004 0.9028783446298223
0.9250000000000004 0.8972706920148377
0.9000000000000004 0.8913861586511486
0.8750000000000003 0.8852333015775821
0.8500000000000003 0.8788180097806719
0.8250000000000003 0.8721450053177344
0.8000000000000003 0.8652174180813212
0.7750000000000002 0.8580378588265382
0.7500000000000002 0.8506083106742278
0.7250000000000002 0.8429305227868229
0.7000000000000002 0.8350057270730489
0.6750000000000002 0.8268351761511418
0.6500000000000001 0.8184196850431277
0.6250000000000001 0.8097596314628422
0.6000000000000001 0.8008545344515574
0.5750000000000001 0.7917030489785984
0.55 0.7823028590966741
0.525 0.7726507006441413
0.5 0.7627430492213827
0.475 0.7525763750492384
0.44999999999999996 0.7421475793226068
0.42499999999999993 0.7314525264280867
0.3999999999999999 0.720484287085819
0.3749999999999999 0.7092331082332123
0.34999999999999987 0.6976880516404572
0.32499999999999984 0.6858429523175015
0.2999999999999998 0.6736982669420545
0.2749999999999998 0.6612572505778679
0.2499999999999998 0.6485192704592129
0.2249999999999998 0.6354781631502133
0.19999999999999982 0.6221231755885519
0.17499999999999982 0.6084415537943837
0.14999999999999983 0.5944197676297286
0.12499999999999983 0.5800432062658902
0.09999999999999984 0.5652968747122057
0.07499999999999984 0.5501643681749568
0.04999999999999984 0.5346281961778455
0.024999999999999842 0.5186692592718153
-1.5959455978986625e-16 0.5022662981913489
-0.02500000000000016 0.4853962122708098
-0.05000000000000016 0.4680327389962253
-0.07500000000000016 0.450144774016028
-0.10000000000000017 0.4316998938903277
-0.12500000000000017 0.41265949096392035
-0.15000000000000016 0.39297847281430087
-0.17500000000000016 0.3726060267766551
-0.20000000000000015 0.35148118695374725
-0.22500000000000014 0.32953166295189046
-0.25000000000000017 0.30667078330640746
-0.2750000000000002 0.2827919383797599
-0.3000000000000002 0.2577624301586607
-0.32500000000000023 0.23141183938208976
-0.35000000000000026 0.20351585133417047
-0.3750000000000003 0.17376667110834598
-0.4000000000000003 0.14171859503464515
-0.4250000000000003 0.1066753466832141
-0.45000000000000034 0.06740905369199295
-0.47500000000000037 0.02117979638034043
-0.5000000000000003 -0.08668972066242761
-0.5250000000000004 -0.3958745226991091
-0.5500000000000004 -0.5240291230959003
-0.5750000000000004 -0.6039446374857825
-0.6000000000000004 -0.6610559966822418
-0.6250000000000004 -0.7038766431834822
-0.6500000000000005 -0.7365357425053324
-0.6750000000000005 -0.7640166045113023
-0.7000000000000005 -0.7889662684805356
-0.7250000000000005 -0.8121723512303788
-0.7500000000000006 -0.8315365240139754
-0.7750000000000006 -0.8472294512437055
-0.8000000000000006 -0.8588433253554508
-0.8250000000000006 -0.8684720485190479
-0.8500000000000006 -0.8763911952983101
-0.8750000000000007 -0.8835601194539218
-0.9000000000000007 -0.8901858562616946
-0.9250000000000007 -0.8965147617419159
-0.9500000000000007 -0.9024146949126887
-0.9750000000000008 -0.9077934974760566
-1.0000000000000007 -0.9129027731162215
-1.0250000000000006 -0.9176933381530494
-1.0500000000000005 -0.9220458782226143
-1.0750000000000004 -0.9260296300584713
-1.1000000000000003 -0.9296757847062453
-1.1250000000000002 -0.9330317586905249
-1.1500000000000001 -0.9361610136731542
-1.175 -0.9390710761088149
-1.2 -0.9417980384161314
-1.2249999999999999 -0.9443423808544609
-1.2499999999999998 -0.9467165062216932
-1.2749999999999997 -0.9489535966316799
-1.2999999999999996 -0.9510623974290369
-1.3249999999999995 -0.9530442777117596
-1.3499999999999994 -0.9549128842151298
-1.3749999999999993 -0.9566770963587722
-1.3999999999999992 -0.9583546550828802
-1.4249999999999992 -0.9599286540868182
-1.449999999999999 -0.961417892850625
-1.474999999999999 -0.9628280050533692
-1.499999999999999 -0.9641638156351683
-1.5249999999999988 -0.9654300670315218
-1.5499999999999987 -0.9666312081352533
-1.5749999999999986 -0.9677713852559481
-1.5999999999999985 -0.9688545393950431
-1.6249999999999984 -0.9698842712466401
-1.6499999999999984 -0.97086402625134
-1.6749999999999983 -0.9717968601203212
-1.6999999999999982 -0.9726857868851112
-1.724999999999998 -0.973533404439362
-1.749999999999998 -0.9743422272191713
-1.774999999999998 -0.975114609019918
-1.7999999999999978 -0.97585270340829
-1.8249999999999977 -0.9765585110630078
-1.8499999999999976 -0.9772338053917402
-1.8749999999999976 -0.9778804172905119
-1.8999999999999975 -0.9784999182922423
-1.9249999999999974 -0.9790937611286855
-1.9499999999999973 -0.9796633802544021
-1.9749999999999972 -0.9802100726967113
-1.9999999999999971 -0.9807350257258776
-2.0249999999999972 -0.981239417780989
-2.049999999999997 -0.9817242717816246
-2.074999999999997 -0.9821906085538537
-2.099999999999997 -0.9826393253041531
-2.124999999999997 -0.9830713499893448
-2.149999999999997 -0.9834874535057108
-2.1749999999999967 -0.9838884282213292
-2.1999999999999966 -0.9842749920467763
-2.2249999999999965 -0.9846478060383543
-2.2499999999999964 -0.9850075617330414
-2.2749999999999964 -0.9853548439618964
-2.2999999999999963 -0.985690200598699
-2.324999999999996 -0.9860141880246589
-2.349999999999996 -0.986327296289627
-2.374999999999996 -0.9866300423331078
-2.399999999999996 -0.9869228686944508
-2.424999999999996 -0.9872061322995264
-2.4499999999999957 -0.9874803759237477
-2.4749999999999956 -0.9877458693981911
-2.4999999999999956 -0.9880030109697808
-2.5249999999999955 -0.9882521856292844
-2.5499999999999954 -0.9884936387287452
-2.5749999999999953 -0.9887277499226137
-2.599999999999995 -0.9889548116396216
-2.624999999999995 -0.9891750892960914
-2.649999999999995 -0.9893888449372674
-2.674999999999995 -0.9895963600460533
-2.699999999999995 -0.9897978383433582
-2.7249999999999948 -0.9899934747358959
-2.7499999999999947 -0.9901836102361471
-2.7749999999999946 -0.9903683743892603
-2.7999999999999945 -0.9905479621173677
-2.8249999999999944 -0.9907225505781825
-2.8499999999999943 -0.9908924078187352
-2.8749999999999942 -0.9910576537903553
-2.899999999999994 -0.9912184210034752
-2.924999999999994 -0.9913748365462778
-2.949999999999994 -0.9915271879978802
-2.974999999999994 -0.9916755552759804
-2.999999999999994 -0.991820047261619
-2.974999999999994 -0.9916886745366167
-2.949999999999994 -0.9915430437848614
-2.924999999999994 -0.9913920552624012
-2.899999999999994 -0.9912363771100511
-2.8749999999999942 -0.9910762606926699
-2.8499999999999943 -0.9909116890507786
-2.8249999999999944 -0.9907425234344361
-2.7999999999999945 -0.9905685495767329
-2.7749999999999946 -0.9903895803834232
-2.7499999999999947 -0.9902055065504282
-2.7249999999999948 -0.9900161391326004
-2.699999999999995 -0.9898211847230975
-2.674999999999995 -0.9896204625099958
-2.649999999999995 -0.9894138076314369
-2.624999999999995 -0.9892009480162934
-2.599999999999995 -0.9889815238963752
-2.5749999999999953 -0.9887554245405649
-2.5499999999999954 -0.988522287599232
-2.5249999999999955 -0.9882818038042009
-2.4999999999999956 -0.9880337347850966
-2.4749999999999956 -0.9877777474450553
-2.4499999999999957 -0.9875134187162217
-2.424999999999996 -0.9872404966425015
-2.399999999999996 -0.9869584897977722
-2.374999999999996 -0.9866670844515283
-2.349999999999996 -0.9863658546694487
-2.324999999999996 -0.9860542573104092
-2.2999999999999963 -0.9857319189237015
-2.2749999999999964 -0.9853982933908987
-2.2499999999999964 -0.9850528894340861
-2.2249999999999965 -0.9846950855745243
-2.1999999999999966 -0.9843243595193051
-2.1749999999999967 -0.9839399561771801
-2.149999999999997 -0.9835413561075916
-2.124999999999997 -0.9831277035943937
-2.099999999999997 -0.982698362594035
-2.074999999999997 -0.9822524797708425
-2.049999999999997 -0.9817891597097071
-2.0249999999999972 -0.981307511693823
-1.9999999999999973 -0.980806582170336
-1.9749999999999974 -0.9802853160406032
-1.9499999999999975 -0.9797426039239481
-1.9249999999999976 -0.9791772470034479
-1.8999999999999977 -0.9785879619564888
-1.8749999999999978 -0.9779734029248186
-1.8499999999999979 -0.9773321418398293
-1.824999999999998 -0.9766625462491456
-1.799999999999998 -0.9759629829672853
-1.7749999999999981 -0.9752316281636374
-1.7499999999999982 -0.9744665284791448
-1.7249999999999983 -0.9736655706382832
-1.6999999999999984 -0.9728265181794618
-1.6749999999999985 -0.9719469318075806
-1.6499999999999986 -0.9710241487368414
-1.6249999999999987 -0.970055316081816
-1.5999999999999988 -0.9690373281280523
-1.5749999999999988 -0.9679668346372279
-1.549999999999999 -0.9668401566228719
-1.524999999999999 -0.9656533286779613
-1.4999999999999991 -0.9644020003062814
-1.4749999999999992 -0.9630814360819042
-1.4499999999999993 -0.9616864970104781
-1.4249999999999994 -0.960211439126515
-1.3999999999999995 -0.9586500615347184
-1.3749999999999996 -0.956995592793667
-1.3499999999999996 -0.9552404262542368
-1.3249999999999997 -0.9533762464926611
-1.2999999999999998 -0.9513938291519136
-1.275 -0.9492831272573488
-1.25 -0.947032686590092
-1.225 -0.9446299543792473
-1.2000000000000002 -0.9420609165131872
-1.1750000000000003 -0.9393099417412173
-1.1500000000000004 -0.9363595339576075
-1.1250000000000004 -0.93319012898644
-1.1000000000000005 -0.9297799012743531
-1.0750000000000006 -0.9261044640455287
-1.0500000000000007 -0.9221365227881416
-1.0250000000000008 -0.9178454047307295
-1.0000000000000009 -0.913200479191318
-0.9750000000000009 -0.9081947029773236
-0.9500000000000008 -0.9028772628977855
-0.9250000000000008 -0.8972698571300232
-0.9000000000000008 -0.8913854680705112
-0.8750000000000008 -0.8852326944868887
-0.8500000000000008 -0.8788174410127135
-0.8250000000000007 -0.8721444366314337
-0.8000000000000007 -0.8652167892506697
-0.7750000000000007 -0.8580370842879979
-0.7500000000000007 -0.8506072517197028
-0.7250000000000006 -0.8429289472750617
-0.7000000000000006 -0.8350032664982471
-0.6750000000000006 -0.8268312140446881
-0.6500000000000006 -0.8184132106526106
-0.6250000000000006 -0.8097489438952383
-0.6000000000000005 -0.8008367562134444
-0.5750000000000005 -0.7916734873170087
-0.5500000000000005 -0.7822543770734164
-0.5250000000000005 -0.7725738333557424
-0.5000000000000004 -0.7626276401275658
-0.4750000000000004 -0.752414617804734
-0.4500000000000004 -0.7419368323491792
-0.4250000000000004 -0.7311967391342511
-0.40000000000000036 -0.7201945008961176
-0.37500000000000033 -0.7089275816556719
-0.3500000000000003 -0.6973903976430871
-0.3250000000000003 -0.6855761854138098
-0.30000000000000027 -0.6734769170433672
-0.27500000000000024 -0.6610838980788231
-0.2500000000000002 -0.6483878755721451
-0.22500000000000023 -0.6353794796575488
-0.20000000000000023 -0.6220483398851636
-0.17500000000000024 -0.6083834734658629
-0.15000000000000024 -0.5943732383128184
-0.12500000000000025 -0.580004619995851
-0.10000000000000026 -0.5652638020466615
-0.07500000000000026 -0.5501352100576422
-0.05000000000000026 -0.5346019081858263
-0.025000000000000258 -0.5186451801223902
-2.5673907444456745e-16 -0.502244017010687
0.024999999999999745 -0.4853754791838386
0.049999999999999746 -0.4680134201612579
0.07499999999999975 -0.45012679287116025
0.09999999999999976 -0.43168321274801863
0.12499999999999975 -0.412644113577149
0.14999999999999974 -0.39296439925560694
0.17499999999999974 -0.37259329482302495
0.19999999999999973 -0.35146980014760093
0.22499999999999973 -0.3295216622543443
0.24999999999999972 -0.30666219916971765
0.27499999999999974 -0.2827847995342695
0.29999999999999977 -0.25775680729930317
0.3249999999999998 -0.2314077703628132
0.3499999999999998 -0.20351339498819818
0.37499999999999983 -0.17376587020199674
0.39999999999999986 -0.14171948246300994
0.4249999999999999 -0.10667795182741498
0.4499999999999999 -0.06741338263895649
0.4749999999999999 -0.0211857603491023
0.49999999999999994 0.08668069588871043
0.5249999999999999 0.3958629124457485
0.5499999999999999 0.5240133223369162
0.575 0.6039235730958518
0.6 0.6610166346989103
0.625 0.7038547251214965
0.65 0.7365115893603259
0.675 0.7639890800643766
0.7000000000000001 0.788936055664518
0.7250000000000001 0.812140316646163
0.7500000000000001 0.8315047158932961
0.7750000000000001 0.847195959532995
0.8000000000000002 0.8588092607861241
0.8250000000000002 0.8684364042577337
0.8500000000000002 0.8763583804891957
0.8750000000000002 0.8835304779872
0.9000000000000002 0.890162637076117
0.9250000000000003 0.8965008371449297
0.9500000000000003 0.9024111898433459
0.9750000000000003 0.9077991619614498
1.0000000000000002 0.912913991221794
1.0250000000000001 0.9177049696977528
1.05 0.922057288272161
1.075 0.9260398413357168
1.0999999999999999 0.9296844452036584
1.1249999999999998 0.9330388870510686
1.1499999999999997 0.93616678125587
1.1749999999999996 0.9390757014458568
1.1999999999999995 0.9418017230086843
1.2249999999999994 0.9443452918074984
1.2499999999999993 0.9467188029495537
1.2749999999999992 0.9489552852319199
1.2999999999999992 0.9510637202112796
1.324999999999999 0.9530452803723537
1.349999999999999 0.9549136033236805
1.374999999999999 0.9566775083138077
1.3999999999999988 0.958345468280396
1.4249999999999987 0.9599275445580477
1.4499999999999986 0.9614179344475708
1.4749999999999985 0.962828151627697
1.4999999999999984 0.9641639390852913
1.5249999999999984 0.9654301617913541
1.5499999999999983 0.9666312779683017
1.5749999999999982 0.9677714387718176
1.599999999999998 0.9688545798702722
1.624999999999998 0.9698843030570469
1.649999999999998 0.9708640513206022
1.6749999999999978 0.9717968789630185
1.6999999999999977 0.9726858020165716
1.7249999999999976 0.973533416604889
1.7499999999999976 0.9743422364212464
1.7749999999999975 0.9751146161098426
1.7999999999999974 0.9758527094072322
1.8249999999999973 0.9765585154176519
1.8499999999999972 0.9772338086368432
1.8749999999999971 0.9778804194373201
1.899999999999997 0.9784999196739417
1.924999999999997 0.979093761762723
1.9499999999999968 0.9796633805523528
1.9749999999999968 0.98021007255414
1.9999999999999967 0.9807350249804462
2.024999999999997 0.9812394170249075
2.0499999999999967 0.9817242707693276
2.0749999999999966 0.9821906072454446
2.0999999999999965 0.9826393243353426
2.1249999999999964 0.9830713486863061
2.1499999999999964 0.9834874519601264
2.1749999999999963 0.983888426417696
2.199999999999996 0.9842749902215124
2.224999999999996 0.9846478045982584
2.249999999999996 0.985007559985679
2.274999999999996 0.9853548420065473
2.299999999999996 0.9856901985290822
2.3249999999999957 0.9860141857922615
2.3499999999999956 0.9863272941037886
2.3749999999999956 0.9866300401247482
2.3999999999999955 0.9869228664845149
2.4249999999999954 0.9872061300724877
2.4499999999999953 0.9874803736957776
2.474999999999995 0.9877458671687727
2.499999999999995 0.9880030087741274
2.524999999999995 0.9882521834587483
2.549999999999995 0.988493636538962
2.574999999999995 0.9887277477739531
2.5999999999999948 0.9889548095314931
2.6249999999999947 0.9891750871327138
2.6499999999999946 0.9893888428823928
2.6749999999999945 0.9895963580056705
2.6999999999999944 0.9897978363368133
2.7249999999999943 0.9899934727426429
2.7499999999999942 0.9901836082544982
2.774999999999994 0.9903683724089741
2.799999999999994 0.9905479601729077
2.824999999999994 0.9907225486478349
2.849999999999994 0.9908924060162868
2.874999999999994 0.991057651929201
2.8999999999999937 0.9912184191453328
2.9249999999999936 0.9913748347306385
2.9499999999999935 0.9915271862091531
2.9749999999999934 0.9916755534252303
2.9999999999999933 0.9918200455165384