0 0.0004530099079849824
0.025 0.015968701738411063
0.05 0.03207402861951156
0.07500000000000001 0.048527867324957306
0.1 0.06511530733206126
0.125 0.08183269857377208
0.15 0.09875589664889052
0.175 0.11594355751573236
0.19999999999999998 0.13342616722440664
0.22499999999999998 0.15119304112665108
0.24999999999999997 0.16923788144157775
0.27499999999999997 0.1876057127365244
0.3 0.20637273912659562
0.325 0.22563550617151412
0.35000000000000003 0.2455149791284576
0.37500000000000006 0.2661714896271643
0.4000000000000001 0.28783340845483185
0.4250000000000001 0.31085322736726767
0.4500000000000001 0.335850545958604
0.47500000000000014 0.3642084526579285
0.5000000000000001 0.42388812538519194
0.5250000000000001 0.5810919717104032
0.5500000000000002 0.6501859567119073
0.5750000000000002 0.6930126933378578
0.6000000000000002 0.7278086057921708
0.6250000000000002 0.7544945952704851
0.6500000000000002 0.7740298645084824
0.6750000000000003 0.7904771944073905
0.7000000000000003 0.8063459740455451
0.7250000000000003 0.8214413200067983
0.7500000000000003 0.8342286996824808
0.7750000000000004 0.8467185215201989
0.8000000000000004 0.8577181021379242
0.8250000000000004 0.8672126886357864
0.8500000000000004 0.8756302601600079
0.8750000000000004 0.8830238243080387
0.9000000000000005 0.8896909153978787
0.9250000000000005 0.8958277491725681
0.9500000000000005 0.9016241690071847
0.9750000000000005 0.9070565047139454
1.0000000000000004 0.9121793602781189
1.0250000000000004 0.9169763724345432
1.0500000000000003 0.9214234135391899
1.0750000000000002 0.9254528371404337
1.1 0.9291567811555234
1.125 0.9326118437862359
1.15 0.9357997001444629
1.1749999999999998 0.9387730004520299
1.1999999999999997 0.9415427175237153
1.2249999999999996 0.9441327156343798
1.2499999999999996 0.9465729684093837
1.2749999999999995 0.9488467083160103
1.2999999999999994 0.950975002672609
1.3249999999999993 0.9529752089023489
1.3499999999999992 0.9548585116112454
1.3749999999999991 0.9566337390302844
1.399999999999999 0.9583087323636431
1.424999999999999 0.9598905287278562
1.4499999999999988 0.9613856778858549
1.4749999999999988 0.9628000680950545
1.4999999999999987 0.9641391335157179
1.5249999999999986 0.9654079635968604
1.5499999999999985 0.966611242951184
1.5749999999999984 0.9677532459064478
1.5999999999999983 0.9688379752458856
1.6249999999999982 0.9698690989171402
1.6499999999999981 0.9708500867403155
1.674999999999998 0.9717840225920152
1.699999999999998 0.972673946876954
1.7249999999999979 0.9735224660689162
1.7499999999999978 0.9743321055683479
1.7749999999999977 0.9751052242105376
1.7999999999999976 0.9758439873173002
1.8249999999999975 0.9765504023742485
1.8499999999999974 0.9772262452554704
1.8749999999999973 0.9778733654867541
1.8999999999999972 0.9784933289294593
1.9249999999999972 0.9790875979436263
1.949999999999997 0.9796576076822116
1.974999999999997 0.9802046583793305
1.999999999999997 0.980729936593344
2.024999999999997 0.9812346328059859
2.0499999999999967 0.9817197639789961
2.0749999999999966 0.9821863573576616
2.0999999999999965 0.9826353147366844
2.1249999999999964 0.983067558038484
2.1499999999999964 0.9834838660878015
2.1749999999999963 0.9838850319063412
2.199999999999996 0.9842717750081225
2.224999999999996 0.984644759901042
2.249999999999996 0.9850046730502534
2.274999999999996 0.9853520985687417
2.299999999999996 0.9856875878842694
2.3249999999999957 0.9860116996962515
2.3499999999999956 0.9863249293868152
2.3749999999999956 0.9866277868012591
2.3999999999999955 0.98692072255736
2.4249999999999954 0.9872040809391349
2.4499999999999953 0.9874784161736765
2.474999999999995 0.9877440007782741
2.499999999999995 0.9880012266814897
2.524999999999995 0.988250480914256
2.549999999999995 0.9884920069650085
2.574999999999995 0.9887261859318257
2.5999999999999948 0.9889533120177688
2.6249999999999947 0.989173649803739
2.6499999999999946 0.9893874643026599
2.6749999999999945 0.989595038547683
2.6999999999999944 0.989796572954457
2.7249999999999943 0.9899922596645377
2.7499999999999942 0.9901824433160893
2.774999999999994 0.9903672543466973
2.799999999999994 0.9905468861696247
2.824999999999994 0.9907215155818545
2.849999999999994 0.9908914099839856
2.874999999999994 0.9910566920908714
2.8999999999999937 0.991217492720133
2.9249999999999936 0.991373941098329
2.9499999999999935 0.9915263230874558
2.9749999999999934 0.9916747218610447
2.9999999999999933 0.9918192449653761
2.9749999999999934 0.9916884768275156
2.9499999999999935 0.9915433151369744
2.9249999999999936 0.9913926039239476
2.8999999999999937 0.9912370874236637
2.874999999999994 0.9910770665464235
2.849999999999994 0.9909125601027
2.824999999999994 0.9907434414401345
2.799999999999994 0.990569506279619
2.774999999999994 0.9903905770430378
2.7499999999999942 0.9902065415010181
2.7249999999999943 0.9900172196924102
2.6999999999999944 0.9898223142348045
2.6749999999999945 0.9896216339381689
2.6499999999999946 0.9894150217235621
2.6249999999999947 0.9892022127761297
2.5999999999999948 0.9889828405897912
2.574999999999995 0.9887567980078165
2.549999999999995 0.9885237190471159
2.524999999999995 0.9882832970795031
2.499999999999995 0.9880352934959704
2.474999999999995 0.9877793704250356
2.4499999999999953 0.9875151103588123
2.4249999999999954 0.9872422623854947
2.3999999999999955 0.9869603334396071
2.3749999999999956 0.98666900904495
2.3499999999999956 0.9863678683108333
2.3249999999999957 0.9860563643338696
2.299999999999996 0.9857341284130877
2.274999999999996 0.98540060578454
2.249999999999996 0.9850553116788865
2.224999999999996 0.9846976211340762
2.199999999999996 0.9843270159047914
2.1749999999999963 0.983942740437164
2.1499999999999964 0.9835442824164495
2.1249999999999964 0.9831307848836954
2.0999999999999965 0.9827016007840288
2.0749999999999966 0.982255883553956
2.0499999999999967 0.981792747396763
2.024999999999997 0.981311291744183
1.999999999999997 0.9808105639198488
1.974999999999997 0.9802895154994778
1.949999999999997 0.9797470344025375
1.9249999999999972 0.979181936111295
1.8999999999999972 0.9785929201879366
1.8749999999999973 0.9779786491750766
1.8499999999999974 0.9773377017207299
1.8249999999999975 0.9766684423727631
1.7999999999999976 0.9759692365471004
1.7749999999999977 0.9752382683651459
1.7499999999999978 0.974473588384743
1.7249999999999979 0.9736730829972647
1.699999999999998 0.9728345211322557
1.674999999999998 0.971955461109795
1.6499999999999981 0.9710332563397138
1.6249999999999982 0.9700650503523748
1.5999999999999983 0.9690477440180844
1.5749999999999984 0.9679779802553122
1.5499999999999985 0.9668521029270675
1.5249999999999986 0.9656661515979079
1.4999999999999987 0.9644157853594566
1.4749999999999988 0.9630962696949269
1.4499999999999988 0.961702477073401
1.424999999999999 0.9602286858462445
1.399999999999999 0.9586686928725073
1.3749999999999991 0.9570157397713652
1.3499999999999992 0.9552622392831186
1.3249999999999993 0.9533998956773367
1.2999999999999994 0.9514195110843315
1.2749999999999995 0.9493110429818405
1.2499999999999996 0.9470630640929684
1.2249999999999996 0.9446630576581022
1.1999999999999997 0.9420970295010253
1.1749999999999998 0.9393493773579312
1.15 0.9364026330215789
1.125 0.9332372689799391
1.1 0.9298314987032369
1.0750000000000002 0.9261609680461677
1.0500000000000003 0.9221984271827319
1.0250000000000004 0.9179132445465131
1.0000000000000004 0.9132748567080828
0.9750000000000004 0.9082856178304712
0.9500000000000004 0.9029672923777672
0.9250000000000004 0.8973679676323123
0.9000000000000004 0.8914923841734284
0.8750000000000003 0.885349045149981
0.8500000000000003 0.878943722144026
0.8250000000000003 0.872281003252636
0.8000000000000003 0.8653638309560443
0.7750000000000002 0.8581945640443065
0.7500000000000002 0.850774907840785
0.7250000000000002 0.843106265759151
0.7000000000000002 0.835189494889643
0.6750000000000002 0.8270254668732184
0.6500000000000001 0.8186147704037653
0.6250000000000001 0.8099578595902153
0.6000000000000001 0.8010546555772802
0.5750000000000001 0.7919045552447537
0.55 0.7825062580152885
0.525 0.7728573482293177
0.5 0.7629545883510415
0.475 0.7527937776159208
0.44999999999999996 0.7423707239486251
0.42499999999999993 0.7316812141582524
0.3999999999999999 0.7207206904475466
0.3749999999999999 0.709483644589706
0.34999999999999987 0.6979616104079719
0.32499999999999984 0.6861442221542432
0.2999999999999998 0.6740211707853917
0.2749999999999998 0.6615863222232607
0.2499999999999998 0.6488388657021933
0.2249999999999998 0.6357795440375529
0.19999999999999982 0.6224049143383149
0.17499999999999982 0.6087065048096066
0.14999999999999983 0.5946722827411206
0.12499999999999983 0.5802876321985093
0.09999999999999984 0.5655368940245487
0.07499999999999984 0.5504029634850343
0.04999999999999984 0.5348677137920035
0.024999999999999842 0.518911541665149
-1.5959455978986625e-16 0.5025128527715075
-0.02500000000000016 0.4856482976290335
-0.05000000000000016 0.46829145365745317
-0.07500000000000016 0.4504111688371538
-0.10000000000000017 0.4319749586553392
-0.12500000000000017 0.4129442796831546
-0.15000000000000016 0.393274144763025
-0.17500000000000016 0.3729137008704577
-0.20000000000000015 0.35180224455732756
-0.22500000000000014 0.32986768818262374
-0.25000000000000017 0.30702349192264783
-0.2750000000000002 0.2831634248565742
-0.3000000000000002 0.25815506900836555
-0.32500000000000023 0.23182855187473306
-0.35000000000000026 0.2039601591606942
-0.3750000000000003 0.17424282439147873
-0.4000000000000003 0.1422318942422686
-0.4250000000000003 0.10723251128995455
-0.45000000000000034 0.06801868407256802
-0.47500000000000037 0.021853186989353263
-0.5000000000000003 -0.08593737482246937
-0.5250000000000004 -0.39502272955856094
-0.5500000000000004 -0.5230451777911013
-0.5750000000000004 -0.6027843305224231
-0.6000000000000004 -0.6596418159779517
-0.6250000000000004 -0.7020812739999137
-0.6500000000000005 -0.7341145983298512
-0.6750000000000005 -0.760483084341209
-0.7000000000000005 -0.78368224549249
-0.7250000000000005 -0.8054008246983102
-0.7500000000000006 -0.825008336203613
-0.7750000000000006 -0.8425362782366065
-0.8000000000000006 -0.8559952960738151
-0.8250000000000006 -0.8667040038419096
-0.8500000000000006 -0.875431855067132
-0.8750000000000007 -0.8830553096604858
-0.9000000000000007 -0.8897046821895355
-0.9250000000000007 -0.896104414764924
-0.9500000000000007 -0.9021438150383636
-0.9750000000000008 -0.9077547345337647
-1.0000000000000007 -0.9128542801040012
-1.0250000000000006 -0.9175991929280856
-1.0500000000000005 -0.9220062446185161
-1.0750000000000004 -0.9260255800770633
-1.1000000000000003 -0.929701693489066
-1.1250000000000002 -0.9331176045838016
-1.1500000000000001 -0.93626342036343
-1.175 -0.9391681044876086
-1.2 -0.9418690461555954
-1.2249999999999999 -0.9443985811718315
-1.2499999999999998 -0.9467760646208077
-1.2749999999999997 -0.9490080994063473
-1.2999999999999996 -0.9511009392139368
-1.3249999999999995 -0.9530717985035998
-1.3499999999999994 -0.9549340760376025
-1.3749999999999993 -0.9566894546819665
-1.3999999999999992 -0.9583482891375243
-1.4249999999999992 -0.9599171731463222
-1.449999999999999 -0.9614021118252758
-1.474999999999999 -0.9628090969488989
-1.499999999999999 -0.9641513705804711
-1.5249999999999988 -0.9654176310714561
-1.5499999999999987 -0.9666171536124241
-1.5749999999999986 -0.9677569178386124
-1.5999999999999985 -0.9688403794802665
-1.6249999999999984 -0.9698707271624533
-1.6499999999999984 -0.9708512079186216
-1.6749999999999983 -0.9717847962334469
-1.6999999999999982 -0.972674472241901
-1.724999999999998 -0.9735228195285236
-1.749999999999998 -0.9743323411793593
-1.774999999999998 -0.9751053736241935
-1.7999999999999978 -0.9758440810976265
-1.8249999999999977 -0.9765504585903181
-1.8499999999999976 -0.9772262779247238
-1.8749999999999976 -0.9778733812398609
-1.8999999999999975 -0.9784933349348217
-1.9249999999999974 -0.9790875978147492
-1.9499999999999973 -0.9796576037357778
-1.9749999999999972 -0.9802046536156255
-1.9999999999999971 -0.9807299316280378
-2.0249999999999972 -0.9812346279703876
-2.049999999999997 -0.981719758388006
-2.074999999999997 -0.9821863517538426
-2.099999999999997 -0.982635309403879
-2.124999999999997 -0.9830675524391537
-2.149999999999997 -0.9834838612758477
-2.1749999999999967 -0.9838850290763778
-2.1999999999999966 -0.9842717721442321
-2.2249999999999965 -0.9846447575129521
-2.2499999999999964 -0.985004670990414
-2.2749999999999964 -0.9853520960997099
-2.2999999999999963 -0.9856875864519705
-2.324999999999996 -0.9860116984173583
-2.349999999999996 -0.9863249271251443
-2.374999999999996 -0.9866277852198209
-2.399999999999996 -0.9869207216757998
-2.424999999999996 -0.9872040797649044
-2.4499999999999957 -0.9874784155401924
-2.4749999999999956 -0.9877440006496312
-2.4999999999999956 -0.9880012270872541
-2.5249999999999955 -0.988250481059484
-2.5499999999999954 -0.9884920068189637
-2.5749999999999953 -0.9887261858033882
-2.599999999999995 -0.9889533122115912
-2.624999999999995 -0.989173650280939
-2.649999999999995 -0.9893874645335214
-2.674999999999995 -0.9895950388125245
-2.699999999999995 -0.9897965733124094
-2.7249999999999948 -0.9899922602602951
-2.7499999999999947 -0.990182443622961
-2.7749999999999946 -0.9903672548593155
-2.7999999999999945 -0.9905468867998205
-2.8249999999999944 -0.9907215165296805
-2.8499999999999943 -0.9908914107717944
-2.8749999999999942 -0.9910566926137858
-2.899999999999994 -0.9912174933647611
-2.924999999999994 -0.9913739413494119
-2.949999999999994 -0.991526324046685
-2.974999999999994 -0.9916747229580714
-2.999999999999994 -0.9918192459492374
-2.974999999999994 -0.991688478038704
-2.949999999999994 -0.9915433166523414
-2.924999999999994 -0.99139260488222
-2.899999999999994 -0.9912370884005516
-2.8749999999999942 -0.9910770673556383
-2.8499999999999943 -0.9909125606254863
-2.8249999999999944 -0.9907434420922586
-2.7999999999999945 -0.990569506482503
-2.7749999999999946 -0.9903905775091298
-2.7499999999999947 -0.9902065423674858
-2.7249999999999948 -0.9900172203220117
-2.699999999999995 -0.9898223147481506
-2.674999999999995 -0.9896216343996694
-2.649999999999995 -0.9894150220694867
-2.624999999999995 -0.9892022130177427
-2.599999999999995 -0.9889828407138833
-2.5749999999999953 -0.9887567980690849
-2.5499999999999954 -0.9885237191542605
-2.5249999999999955 -0.9882832973473327
-2.4999999999999956 -0.9880352937214895
-2.4749999999999956 -0.9877793706852361
-2.4499999999999957 -0.9875151102380486
-2.424999999999996 -0.9872422621731731
-2.399999999999996 -0.9869603327103617
-2.374999999999996 -0.98666900837333
-2.349999999999996 -0.9863678678502652
-2.324999999999996 -0.9860563639711822
-2.2999999999999963 -0.9857341278924925
-2.2749999999999964 -0.9854006051430176
-2.2499999999999964 -0.9850553109763486
-2.2249999999999965 -0.9846976200164956
-2.1999999999999966 -0.9843270147893041
-2.1749999999999967 -0.9839427388733464
-2.149999999999997 -0.9835442813167905
-2.124999999999997 -0.9831307835760142
-2.099999999999997 -0.9827015989063143
-2.074999999999997 -0.9822558821746642
-2.049999999999997 -0.9817927454286862
-2.0249999999999972 -0.981311289665707
-1.9999999999999973 -0.9808105617205414
-1.9749999999999974 -0.9802895130622782
-1.9499999999999975 -0.9797470315259033
-1.9249999999999976 -0.9791819333439951
-1.8999999999999977 -0.9785929174967003
-1.8749999999999978 -0.9779786463146783
-1.8499999999999979 -0.9773376979315075
-1.824999999999998 -0.9766684389908948
-1.799999999999998 -0.975969233405028
-1.7749999999999981 -0.9752382653806146
-1.7499999999999982 -0.9744735856212625
-1.7249999999999983 -0.9736730797486193
-1.6999999999999984 -0.9728345175542857
-1.6749999999999985 -0.9719554576843256
-1.6499999999999986 -0.9710332525882304
-1.6249999999999987 -0.9700650459933193
-1.5999999999999988 -0.969047740596756
-1.5749999999999988 -0.9679779757198664
-1.549999999999999 -0.966852097755981
-1.524999999999999 -0.9656661462920811
-1.4999999999999991 -0.9644157797631733
-1.4749999999999992 -0.9630962625577283
-1.4499999999999993 -0.96170246818579
-1.4249999999999994 -0.9602286769860486
-1.3999999999999995 -0.958668682840088
-1.3749999999999996 -0.9570157282975368
-1.3499999999999996 -0.9552622257447455
-1.3249999999999997 -0.9533998809086335
-1.2999999999999998 -0.9514194955150959
-1.275 -0.9493110235243845
-1.25 -0.9470630407215939
-1.225 -0.9446630290821509
-1.2000000000000002 -0.942096994896128
-1.1750000000000003 -0.9393493354000748
-1.1500000000000004 -0.9364025840899901
-1.1250000000000004 -0.9332372128663944
-1.1000000000000005 -0.9298314369452761
-1.0750000000000006 -0.9261608945315328
-1.0500000000000007 -0.9221983304588924
-1.0250000000000008 -0.9179131131307419
-1.0000000000000009 -0.9132746650026938
-0.9750000000000009 -0.9082759830579822
-0.9500000000000008 -0.9029662539112641
-0.9250000000000008 -0.8973671832311761
-0.9000000000000008 -0.8914917535438754
-0.8750000000000008 -0.8853485102436173
-0.8500000000000008 -0.8789432440704995
-0.8250000000000007 -0.872280554224721
-0.8000000000000007 -0.8653633723532147
-0.7750000000000007 -0.8581940479343648
-0.7500000000000007 -0.8507742589940143
-0.7250000000000006 -0.8431053538351606
-0.7000000000000006 -0.8351881201828874
-0.6750000000000006 -0.8270232921146584
-0.6500000000000006 -0.8186112685789073
-0.6250000000000006 -0.809952183519817
-0.6000000000000005 -0.8010454273998341
-0.5750000000000005 -0.7918895389176187
-0.5500000000000005 -0.7824818441808555
-0.5250000000000005 -0.772817975223093
-0.5000000000000004 -0.7628923971647664
-0.4750000000000004 -0.7526992043160776
-0.4500000000000004 -0.7422344481225911
-0.4250000000000004 -0.7314969857514617
-0.40000000000000036 -0.7204876300925809
-0.37500000000000033 -0.7092073789100931
-0.3500000000000003 -0.6976546616406312
-0.3250000000000003 -0.685825666333368
-0.30000000000000027 -0.6737140066660139
-0.27500000000000024 -0.6613115002307169
-0.2500000000000002 -0.6486088681432304
-0.22500000000000023 -0.6355964028526299
-0.20000000000000023 -0.6222633247495213
-0.17500000000000024 -0.6085982345158379
-0.15000000000000024 -0.5945891747687364
-0.12500000000000025 -0.5802228794627767
-0.10000000000000026 -0.5654853074987763
-0.07500000000000026 -0.5503607688418497
-0.05000000000000026 -0.5348322538432311
-0.025000000000000258 -0.5188809771540825
-2.5673907444456745e-16 -0.5024859355180386
0.024999999999999745 -0.48562419693086334
0.049999999999999746 -0.4682696269674559
0.07499999999999975 -0.45039126148975756
0.09999999999999976 -0.43195674167601494
0.12499999999999975 -0.41292762376311626
0.14999999999999974 -0.39325895985221104
0.17499999999999974 -0.37289996276617665
0.19999999999999973 -0.3517899406477735
0.22499999999999973 -0.32985683252467624
0.24999999999999972 -0.3070140915730964
0.27499999999999974 -0.2831554877022702
0.29999999999999977 -0.25814865541222815
0.3249999999999998 -0.23182369409601922
0.3499999999999998 -0.20395690527747062
0.37499999999999983 -0.174241204188583
0.39999999999999986 -0.14223193661018632
0.4249999999999999 -0.10723420906884706
0.4499999999999999 -0.06802200984809391
0.4749999999999999 -0.021858050048774415
0.49999999999999994 0.0859295469258045
0.5249999999999999 0.3950124610575841
0.5499999999999999 0.5230308689080772
0.575 0.6027649474436292
0.6 0.6596043258352194
0.625 0.7020613682371394
0.65 0.7340929134573458
0.675 0.7604591725372495
0.7000000000000001 0.7836553559910019
0.7250000000000001 0.8053698577857588
0.7500000000000001 0.8249773783613781
0.7750000000000001 0.8425043209086883
0.8000000000000002 0.8559633001134159
0.8250000000000002 0.8666705042781491
0.8500000000000002 0.8754004841990206
0.8750000000000002 0.8830251567308147
0.9000000000000002 0.8896774699099839
0.9250000000000003 0.8960822034848211
0.9500000000000003 0.9021286715554596
0.9750000000000003 0.9077478647074759
1.0000000000000002 0.912854666752966
1.0250000000000001 0.9176034895423121
1.05 0.9220135815410054
1.075 0.9260341102528099
1.0999999999999999 0.9297101379532144
1.1249999999999998 0.9331252834994789
1.1499999999999997 0.936270058520529
1.1749999999999996 0.9391736641030548
1.1999999999999995 0.9418736081173811
1.2249999999999994 0.9444022781045756
1.2499999999999993 0.9467790363248921
1.2749999999999992 0.9490105090609283
1.2999999999999992 0.9511028236823152
1.324999999999999 0.9530729935512042
1.349999999999999 0.9549351531535956
1.374999999999999 0.9566905215923833
1.3999999999999988 0.9583494885945815
1.4249999999999987 0.9599192842147314
1.4499999999999986 0.9614122478491515
1.4749999999999985 0.9628208476855119
1.4999999999999984 0.964154102988754
1.5249999999999984 0.9654182015675973
1.5499999999999983 0.9666173386680388
1.5749999999999982 0.9677570186240928
1.599999999999998 0.9688404490474056
1.624999999999998 0.9698707786094042
1.649999999999998 0.9708512470257095
1.6749999999999978 0.9717848248881398
1.6999999999999977 0.9726744949680793
1.7249999999999976 0.9735228363137609
1.7499999999999976 0.9743323538449213
1.7749999999999975 0.9751053839581177
1.7999999999999974 0.9758440889190758
1.8249999999999973 0.9765504638097753
1.8499999999999972 0.9772262820933982
1.8749999999999971 0.977873384848068
1.899999999999997 0.9784933374220596
1.924999999999997 0.9790875993324593
1.9499999999999968 0.9796576047568618
1.9749999999999968 0.9802046547361577
1.9999999999999967 0.9807299319950082
2.024999999999997 0.9812346278954889
2.0499999999999967 0.9817197579295841
2.0749999999999966 0.9821863508971043
2.0999999999999965 0.9826353089400256
2.1249999999999964 0.9830675515124464
2.1499999999999964 0.9834838600738888
2.1749999999999963 0.9838850276748553
2.199999999999996 0.9842717706006774
2.224999999999996 0.9846447558648962
2.249999999999996 0.9850046694553883
2.274999999999996 0.9853520945378816
2.299999999999996 0.9856875847312495
2.3249999999999957 0.9860116964774184
2.3499999999999956 0.9863249252184333
2.3749999999999956 0.9866277832642106
2.3999999999999955 0.9869207196844567
2.4249999999999954 0.9872040777726081
2.4499999999999953 0.9874784135535754
2.474999999999995 0.9877439986450598
2.499999999999995 0.9880012251030069
2.524999999999995 0.9882504790647287
2.549999999999995 0.9884920048210762
2.574999999999995 0.9887261838408156
2.5999999999999948 0.9889533102575477
2.6249999999999947 0.989173648233794
2.6499999999999946 0.9893874625736979
2.6749999999999945 0.989595036890637
2.6999999999999944 0.9897965714315544
2.7249999999999943 0.9899922583956352
2.7499999999999942 0.9901824417956251
2.774999999999994 0.9903672530332556
2.799999999999994 0.9905468850096285
2.824999999999994 0.9907215147612528
2.849999999999994 0.9908914091295753
2.874999999999994 0.9910566909005356
2.8999999999999937 0.99121749163678
2.9249999999999936 0.9913739396715258
2.9499999999999935 0.9915263223955971
2.9749999999999934 0.9916747212423497
2.9999999999999933 0.9918192443362779