0 -4.555031412272982e-05
0.025 0.01671533479357824
0.05 0.03339796052463805
0.07500000000000001 0.05015602809466743
0.1 0.06699359850384042
0.125 0.08393806202495933
0.15 0.10102044334503937
0.175 0.1182738594891901
0.19999999999999998 0.1357363481563771
0.22499999999999998 0.15345078967652717
0.24999999999999997 0.17146757988492511
0.27499999999999997 0.1898472540190499
0.3 0.20866323943497964
0.325 0.22800922978512594
0.35000000000000003 0.24800757298709494
0.37500000000000006 0.2688256956233312
0.4000000000000001 0.2907084817171713
0.4250000000000001 0.3140517698350438
0.4500000000000001 0.3406143748996781
0.47500000000000014 0.3711099933437393
0.5000000000000001 0.4330438242542968
0.5250000000000001 0.5930270906714658
0.5500000000000002 0.6667971344684788
0.5750000000000002 0.7117916403542941
0.6000000000000002 0.7484269325424594
0.6250000000000002 0.7754141639313205
0.6500000000000002 0.7942071741612978
0.6750000000000003 0.8092731267471523
0.7000000000000003 0.8231406563024504
0.7250000000000003 0.8356562414276701
0.7500000000000003 0.846120608913354
0.7750000000000004 0.8554838264375826
0.8000000000000004 0.86368323581692
0.8250000000000004 0.8710413912330219
0.8500000000000004 0.8778681952773131
0.8750000000000004 0.8842898085130296
0.9000000000000005 0.8905442518398725
0.9250000000000005 0.8964770093502774
0.9500000000000005 0.9021456214018575
0.9750000000000005 0.9074870027986672
1.0000000000000004 0.9125440367466545
1.0250000000000004 0.9172428561571332
1.0500000000000003 0.9215863610695434
1.0750000000000002 0.9256028117525009
1.1 0.9293225361776004
1.125 0.9327729872281906
1.15 0.9359786694367598
1.1749999999999998 0.9389617296670393
1.1999999999999997 0.9417420822314468
1.2249999999999996 0.9443375157958793
1.2499999999999996 0.9467640325677946
1.2749999999999995 0.9490358359369034
1.2999999999999994 0.9511658774504894
1.3249999999999993 0.953165660039926
1.3499999999999992 0.9550455888899719
1.3749999999999991 0.9568150132932671
1.399999999999999 0.9584824295032035
1.424999999999999 0.9600554680954508
1.4499999999999988 0.9615411926714776
1.4749999999999988 0.9629458707384161
1.4999999999999987 0.9642752583101942
1.5249999999999986 0.9655346621342193
1.5499999999999985 0.9667289114217799
1.5749999999999984 0.9678623776612891
1.5999999999999983 0.9689391230719295
1.6249999999999982 0.9699628251516516
1.6499999999999981 0.9709369635748345
1.674999999999998 0.9718645937898537
1.699999999999998 0.9727487270872055
1.7249999999999979 0.9735919485073052
1.7499999999999978 0.9743967331374512
1.7749999999999977 0.9751654130529955
1.7999999999999976 0.9759001254825095
1.8249999999999975 0.9766028305399521
1.8499999999999974 0.9772752688980969
1.8749999999999973 0.9779192630576965
1.8999999999999972 0.9785363510505454
1.9249999999999972 0.9791279752381229
1.949999999999997 0.9796955532342401
1.974999999999997 0.9802403557001403
1.999999999999997 0.9807635610545463
2.024999999999997 0.9812663377258396
2.0499999999999967 0.9817496817980798
2.0749999999999966 0.9822146221657763
2.0999999999999965 0.9826620435810497
2.1249999999999964 0.9830928627247539
2.1499999999999964 0.9835078361672307
2.1749999999999963 0.9839077512958192
2.199999999999996 0.9842933353335535
2.224999999999996 0.9846652301354347
2.249999999999996 0.9850241330809721
2.274999999999996 0.9853706040836101
2.299999999999996 0.98570519627501
2.3249999999999957 0.986028473441918
2.3499999999999956 0.986340913631031
2.3749999999999956 0.9866430274979602
2.3999999999999955 0.986935260790767
2.4249999999999954 0.9872179667584394
2.4499999999999953 0.9874916850366267
2.474999999999995 0.9877566800461394
2.499999999999995 0.9880133502580343
2.524999999999995 0.9882620827204489
2.549999999999995 0.9885031148504073
2.574999999999995 0.9887368268747712
2.5999999999999948 0.9889635142828664
2.6249999999999947 0.9891834323809722
2.6499999999999946 0.989396846843949
2.6749999999999945 0.9896040357487312
2.6999999999999944 0.9898052161883347
2.7249999999999943 0.9900005611549609
2.7499999999999942 0.9901904173907516
2.774999999999994 0.9903749225683908
2.799999999999994 0.9905542625215529
2.824999999999994 0.9907286121767626
2.849999999999994 0.9908982364295921
2.874999999999994 0.991063267788134
2.8999999999999937 0.9912238298525412
2.9249999999999936 0.9913800493957333
2.9499999999999935 0.9915322121187654
2.9749999999999934 0.9916803996242948
2.9999999999999933 0.9918247206252724
2.9749999999999934 0.9916874936108494
2.9499999999999935 0.99153954086115
2.9249999999999936 0.9913875904027808
2.8999999999999937 0.9912314399769804
2.874999999999994 0.9910710244191798
2.849999999999994 0.9909062133331678
2.824999999999994 0.9907368220655574
2.799999999999994 0.9905626153954069
2.774999999999994 0.9903834087472956
2.7499999999999942 0.9901990915651635
2.7249999999999943 0.9900094707747393
2.6999999999999944 0.9898142514660233
2.6749999999999945 0.9896132511671091
2.6499999999999946 0.9894063011932813
2.6249999999999947 0.9891931333991096
2.5999999999999948 0.988973385299378
2.574999999999995 0.9887469470080889
2.549999999999995 0.9885134551806266
2.524999999999995 0.9882725928146631
2.499999999999995 0.9880241285860637
2.474999999999995 0.9877677187307298
2.4499999999999953 0.9875029444364102
2.4249999999999954 0.9872295557359839
2.3999999999999955 0.9869470587743825
2.3749999999999956 0.9866551313928111
2.3499999999999956 0.9863533470093461
2.3249999999999957 0.9860411652096577
2.299999999999996 0.985718208628782
2.274999999999996 0.9853839246899626
2.249999999999996 0.9850378206195128
2.224999999999996 0.984679277309205
2.199999999999996 0.984307758234841
2.1749999999999963 0.9839225159014957
2.1499999999999964 0.9835230224607507
2.1249999999999964 0.9831084211633555
2.0999999999999965 0.9826780657644395
2.0749999999999966 0.982231091581563
2.0499999999999967 0.9817666142277488
2.024999999999997 0.9812837254638832
1.999999999999997 0.9807814682334414
1.974999999999997 0.98025877818209
1.949999999999997 0.9797145278497736
1.9249999999999972 0.9791475329634196
1.8999999999999972 0.978556482723113
1.8749999999999973 0.9779400239538474
1.8499999999999974 0.9772967106208845
1.8249999999999975 0.9766248968045133
1.7999999999999976 0.9759229391796364
1.7749999999999977 0.9751889972225994
1.7499999999999978 0.974421095929371
1.7249999999999979 0.9736170925715791
1.699999999999998 0.9727747322586776
1.674999999999998 0.9718915486612211
1.6499999999999981 0.9709648483925648
1.6249999999999982 0.9699917328647831
1.5999999999999983 0.9689690655842345
1.5749999999999984 0.9678934419843909
1.5499999999999985 0.9667611504383029
1.5249999999999986 0.9655681510943258
1.4999999999999987 0.964310052178555
1.4749999999999988 0.9629820193288581
1.4499999999999988 0.9615788370559173
1.424999999999999 0.960094695443949
1.399999999999999 0.958523250461831
1.3749999999999991 0.9568576322206238
1.3499999999999992 0.9550900946684722
1.3249999999999993 0.9532121885028058
1.2999999999999994 0.9512144982911307
1.2749999999999995 0.9490867837909966
1.2499999999999996 0.9468173821453494
1.2249999999999996 0.9443934973165253
1.1999999999999997 0.9418008249726681
1.1749999999999998 0.9390234365170357
1.15 0.9360435210758671
1.125 0.93284119820552
1.1 0.9293943096461573
1.0750000000000002 0.925678295528911
1.0500000000000003 0.9216658301381395
1.0250000000000004 0.9173266026075633
1.0000000000000004 0.9126307530530446
0.9750000000000004 0.9075813674197231
0.9500000000000004 0.9022010317591889
0.9250000000000004 0.8965374970032278
0.9000000000000004 0.89059618594026
0.8750000000000003 0.8843882697993815
0.8500000000000003 0.8779217275474958
0.8250000000000003 0.8712025711176363
0.8000000000000003 0.8642347367197393
0.7750000000000002 0.8570212983073875
0.7500000000000002 0.849564415224435
0.7250000000000002 0.8417920635909412
0.7000000000000002 0.833842018250027
0.6750000000000002 0.8256506500463955
0.6500000000000001 0.8171168300272798
0.6250000000000001 0.8084315123670673
0.6000000000000001 0.7995026780831069
0.5750000000000001 0.7903287863873781
0.55 0.7809076157741891
0.525 0.771236660583765
0.5 0.7613130740552464
0.475 0.751133380893645
0.44999999999999996 0.7406940190932623
0.42499999999999993 0.7299908527194647
0.3999999999999999 0.7190190678299522
0.3749999999999999 0.7077737781317766
0.34999999999999987 0.6962490709300653
0.32499999999999984 0.6844389491599606
0.2999999999999998 0.6723366899846475
0.2749999999999998 0.6599348428097516
0.2499999999999998 0.6472251672511262
0.2249999999999998 0.6341990187889082
0.19999999999999982 0.6208466820403239
0.17499999999999982 0.6071574443734274
0.14999999999999983 0.5931198159566075
0.12499999999999983 0.5787208758650931
0.09999999999999984 0.5639467125380521
0.07499999999999984 0.5487816119146961
0.04999999999999984 0.5332084136882127
0.024999999999999842 0.5172081240098532
-1.5959455978986625e-16 0.5007593628204893
-0.02500000000000016 0.4838387381316277
-0.05000000000000016 0.4664195570770722
-0.07500000000000016 0.4484701118336585
-0.10000000000000017 0.42995723352646803
-0.12500000000000017 0.4108413622473179
-0.15000000000000016 0.39107630770369856
-0.17500000000000016 0.3706097274796497
-0.20000000000000015 0.3493788152472057
-0.22500000000000014 0.32730899071825836
-0.25000000000000017 0.3043104857054912
-0.2750000000000002 0.2802726277881788
-0.3000000000000002 0.25505723237495137
-0.32500000000000023 0.22848625613912774
-0.35000000000000026 0.20032409464782813
-0.3750000000000003 0.1702457962202563
-0.4000000000000003 0.13777716987883812
-0.4250000000000003 0.10216887366176883
-0.45000000000000034 0.06182584209186908
-0.47500000000000037 0.011434738833863624
-0.5000000000000003 -0.10501335976807857
-0.5250000000000004 -0.42575824147122066
-0.5500000000000004 -0.5569166892703118
-0.5750000000000004 -0.6387795277445143
-0.6000000000000004 -0.6965632566039257
-0.6250000000000004 -0.7399730605352287
-0.6500000000000005 -0.7699347615065424
-0.6750000000000005 -0.7937761932778534
-0.7000000000000005 -0.8128181994024573
-0.7250000000000005 -0.828735200798
-0.7500000000000006 -0.8425048943030838
-0.7750000000000006 -0.8538131890929206
-0.8000000000000006 -0.8626174072597445
-0.8250000000000006 -0.870716136415661
-0.8500000000000006 -0.8777271571889395
-0.8750000000000007 -0.8843167804754444
-0.9000000000000007 -0.8905317333546052
-0.9250000000000007 -0.8965231900140569
-0.9500000000000007 -0.9021418473464964
-0.9750000000000008 -0.9074870809368406
-1.0000000000000007 -0.9125371993056329
-1.0250000000000006 -0.9172447140370544
-1.0500000000000005 -0.9215858863668447
-1.0750000000000004 -0.9256024124889387
-1.1000000000000003 -0.9293222210385024
-1.1250000000000002 -0.9327727334513091
-1.1500000000000001 -0.9359784615371681
-1.175 -0.9389615571761988
-1.2 -0.9417419376876819
-1.2249999999999999 -0.9443373966819065
-1.2499999999999998 -0.9467639363856953
-1.2749999999999997 -0.9490357526120086
-1.2999999999999996 -0.9511658114155622
-1.3249999999999995 -0.9531656042565866
-1.3499999999999994 -0.9550455444442362
-1.3749999999999993 -0.9568149756000704
-1.3999999999999992 -0.9584823997227031
-1.4249999999999992 -0.9600554448505573
-1.449999999999999 -0.961541174213326
-1.474999999999999 -0.9629458563910049
-1.499999999999999 -0.9642752459914514
-1.5249999999999988 -0.9655346537619914
-1.5499999999999987 -0.9667289057978068
-1.5749999999999986 -0.9678623747667955
-1.5999999999999985 -0.96893912169898
-1.6249999999999984 -0.9699628254628438
-1.6499999999999984 -0.9709369650839856
-1.6749999999999983 -0.9718645960531715
-1.6999999999999982 -0.9727487304888468
-1.724999999999998 -0.97359195224395
-1.749999999999998 -0.9743967379514146
-1.774999999999998 -0.9751654174453943
-1.7999999999999978 -0.9759001306094304
-1.8249999999999977 -0.9766028361592182
-1.8499999999999976 -0.9772752747501171
-1.8749999999999976 -0.9779192685104916
-1.8999999999999975 -0.9785363572912347
-1.9249999999999974 -0.9791279813704259
-1.9499999999999973 -0.9796955599834358
-1.9749999999999972 -0.9802403617063438
-1.9999999999999971 -0.9807635673157619
-2.0249999999999972 -0.9812663438518046
-2.049999999999997 -0.9817496883273759
-2.074999999999997 -0.9822146288032171
-2.099999999999997 -0.982662049766642
-2.124999999999997 -0.9830928689769305
-2.149999999999997 -0.983507842219753
-2.1749999999999967 -0.9839077574810726
-2.1999999999999966 -0.9842933411277975
-2.2249999999999965 -0.9846652359908636
-2.2499999999999964 -0.9850241387821707
-2.2749999999999964 -0.9853706094393807
-2.2999999999999963 -0.9857052022532851
-2.324999999999996 -0.9860284790419327
-2.349999999999996 -0.9863409189466016
-2.374999999999996 -0.9866430326901164
-2.399999999999996 -0.9869352659396874
-2.424999999999996 -0.9872179717598618
-2.4499999999999957 -0.9874916901641706
-2.4749999999999956 -0.9877566846985641
-2.4999999999999956 -0.9880133549419734
-2.5249999999999955 -0.9882620875298839
-2.5499999999999954 -0.9885031193276547
-2.5749999999999953 -0.9887368313944992
-2.599999999999995 -0.9889635186340195
-2.624999999999995 -0.9891834367637123
-2.649999999999995 -0.9893968512767506
-2.674999999999995 -0.9896040398840499
-2.699999999999995 -0.9898052200644667
-2.7249999999999948 -0.9900005651843202
-2.7499999999999947 -0.9901904210717838
-2.7749999999999946 -0.9903749263850963
-2.7999999999999945 -0.990554266367609
-2.8249999999999944 -0.9907286159176858
-2.8499999999999943 -0.9908982401669764
-2.8749999999999942 -0.9910632712644245
-2.899999999999994 -0.9912238332550166
-2.924999999999994 -0.9913800522733399
-2.949999999999994 -0.9915322155879813
-2.974999999999994 -0.9916804029913814
-2.999999999999994 -0.9918247237882888
-2.974999999999994 -0.9916874968657478
-2.949999999999994 -0.9915395438377063
-2.924999999999994 -0.9913875936126603
-2.899999999999994 -0.9912314433122601
-2.8749999999999942 -0.9910710279370049
-2.8499999999999943 -0.9909062168697133
-2.8249999999999944 -0.9907368257899052
-2.7999999999999945 -0.9905626190452178
-2.7749999999999946 -0.9903834124469277
-2.7499999999999947 -0.9901990955432375
-2.7249999999999948 -0.9900094747279551
-2.699999999999995 -0.9898142556182487
-2.674999999999995 -0.9896132553170469
-2.649999999999995 -0.9894063053578462
-2.624999999999995 -0.9891931376319756
-2.599999999999995 -0.9889733896307731
-2.5749999999999953 -0.988746951366987
-2.5499999999999954 -0.9885134597071394
-2.5249999999999955 -0.9882725972849569
-2.4999999999999956 -0.9880241332541951
-2.4749999999999956 -0.9877677236184736
-2.4499999999999957 -0.9875029492823281
-2.424999999999996 -0.9872295608811137
-2.399999999999996 -0.9869470639337123
-2.374999999999996 -0.9866551366198221
-2.349999999999996 -0.9863533525535723
-2.324999999999996 -0.9860411709018068
-2.2999999999999963 -0.9857182142348275
-2.2749999999999964 -0.9853839304518727
-2.2499999999999964 -0.9850378265019796
-2.2249999999999965 -0.9846792832991825
-2.1999999999999966 -0.984307764368585
-2.1749999999999967 -0.9839225221560284
-2.149999999999997 -0.9835230288465273
-2.124999999999997 -0.9831084276270432
-2.099999999999997 -0.9826780723112982
-2.074999999999997 -0.9822310982786312
-2.049999999999997 -0.9817666208309727
-2.0249999999999972 -0.9812837322523891
-1.9999999999999973 -0.980781475128231
-1.9749999999999974 -0.9802587850131422
-1.9499999999999975 -0.9797145348059992
-1.9249999999999976 -0.9791475399388306
-1.8999999999999977 -0.978556489618015
-1.8749999999999978 -0.9779400309437649
-1.8499999999999979 -0.9772967167521529
-1.824999999999998 -0.9766249036409977
-1.799999999999998 -0.9759229457645056
-1.7749999999999981 -0.9751890037107822
-1.7499999999999982 -0.9744211020778675
-1.7249999999999983 -0.9736170982803632
-1.6999999999999984 -0.9727747376722883
-1.6749999999999985 -0.9718915536879079
-1.6499999999999986 -0.9709648526278605
-1.6249999999999987 -0.9699917361006799
-1.5999999999999988 -0.9689690679482841
-1.5749999999999988 -0.9678934432506728
-1.549999999999999 -0.96676114988692
-1.524999999999999 -0.9655681492842024
-1.4999999999999991 -0.9643100479039933
-1.4749999999999992 -0.9629820124480247
-1.4499999999999993 -0.9615788270785365
-1.4249999999999994 -0.9600946813070472
-1.3999999999999995 -0.9585232325250421
-1.3749999999999996 -0.9568576091872326
-1.3499999999999996 -0.9550900661314209
-1.3249999999999997 -0.9532121518189012
-1.2999999999999998 -0.9512144526617614
-1.275 -0.9490867270319678
-1.25 -0.9468173123994517
-1.225 -0.9443934117634076
-1.2000000000000002 -0.9418007205596332
-1.1750000000000003 -0.9390233083690469
-1.1500000000000004 -0.9360433637968606
-1.1250000000000004 -0.932841006360119
-1.1000000000000005 -0.9293940727845614
-1.0750000000000006 -0.9256780041395201
-1.0500000000000007 -0.921665468461993
-1.0250000000000008 -0.9173261454628027
-1.0000000000000009 -0.9126301598470763
-0.9750000000000009 -0.9075712274042019
-0.9500000000000008 -0.9021977230780002
-0.9250000000000008 -0.896524839276635
-0.9000000000000008 -0.8905663093443773
-0.8750000000000008 -0.884338760749527
-0.8500000000000008 -0.8778520547262474
-0.8250000000000007 -0.8711125912872208
-0.8000000000000007 -0.8641243963210085
-0.7750000000000007 -0.8568905657675885
-0.7500000000000007 -0.8494132794499675
-0.7250000000000006 -0.8416939869203248
-0.7000000000000006 -0.8337333378859925
-0.6750000000000006 -0.8255315557265562
-0.6500000000000006 -0.8170883421865474
-0.6250000000000006 -0.808402901677836
-0.6000000000000005 -0.799473965080736
-0.5750000000000005 -0.7902998747984799
-0.5500000000000005 -0.7808785691319958
-0.5250000000000005 -0.7712075531350812
-0.5000000000000004 -0.7612839658348098
-0.4750000000000004 -0.7511043469709542
-0.4500000000000004 -0.740665111842605
-0.4250000000000004 -0.7299621415645717
-0.40000000000000036 -0.7189906116737803
-0.37500000000000033 -0.7077456353044238
-0.3500000000000003 -0.6962212883133896
-0.3250000000000003 -0.6844115963089519
-0.30000000000000027 -0.6723098152902587
-0.27500000000000024 -0.6599084985916267
-0.2500000000000002 -0.6471994129393179
-0.22500000000000023 -0.6341739380392231
-0.20000000000000023 -0.6208222932410499
-0.17500000000000024 -0.6071338000837964
-0.15000000000000024 -0.5930969589150777
-0.12500000000000025 -0.5786988579249304
-0.10000000000000026 -0.5639255848810236
-0.07500000000000026 -0.5487614238781914
-0.05000000000000026 -0.533189214832601
-0.025000000000000258 -0.517189966447138
-2.5673907444456745e-16 -0.500742294043231
0.024999999999999745 -0.48382280410822137
0.049999999999999746 -0.46640483486716966
0.07499999999999975 -0.4484566523185965
0.09999999999999976 -0.42994507968146817
0.12499999999999975 -0.4108304443420352
0.14999999999999974 -0.391066821889076
0.17499999999999974 -0.3706017385619909
0.19999999999999973 -0.3493723986401621
0.22499999999999973 -0.3273042327018318
0.24999999999999972 -0.30430744836649753
0.27499999999999974 -0.2802713841936017
0.29999999999999977 -0.25505792258568727
0.3249999999999998 -0.2284889679257304
0.3499999999999998 -0.200328975151868
0.37499999999999983 -0.17025298427304023
0.39999999999999986 -0.13778684067835753
0.4249999999999999 -0.10218125916934266
0.4499999999999999 -0.06184133694646596
0.4749999999999999 -0.011454042168503068
0.49999999999999994 0.10499499286665777
0.5249999999999999 0.4257350211675573
0.5499999999999999 0.5568863773817766
0.575 0.6387373153088004
0.6 0.6965078323512776
0.625 0.7399725022860225
0.65 0.7699505947081711
0.675 0.7938063010382148
0.7000000000000001 0.8128478117744317
0.7250000000000001 0.8287643302244546
0.7500000000000001 0.8425326461359559
0.7750000000000001 0.8538399059258053
0.8000000000000002 0.8626440223092281
0.8250000000000002 0.870741465050949
0.8500000000000002 0.8777545763253787
0.8750000000000002 0.8843455900898973
0.9000000000000002 0.8905681451001025
0.9250000000000003 0.8965412894165027
0.9500000000000003 0.9021491661445965
0.9750000000000003 0.9074929948165121
1.0000000000000002 0.9125399565695527
1.0250000000000001 0.9172456020495383
1.05 0.9215864585889835
1.075 0.9256028331890354
1.0999999999999999 0.9293225472389203
1.1249999999999998 0.9327729931638794
1.1499999999999997 0.9359786730588358
1.1749999999999996 0.938961730652422
1.1999999999999995 0.9417420804261838
1.2249999999999994 0.9443375140574198
1.2499999999999993 0.9467640332031186
1.2749999999999992 0.9490358322635303
1.2999999999999992 0.9511658765102747
1.324999999999999 0.9531656572370785
1.349999999999999 0.9550455878395172
1.374999999999999 0.9568150108187624
1.3999999999999988 0.9584824276604045
1.4249999999999987 0.9600554669504726
1.4499999999999986 0.961541191214926
1.4749999999999985 0.9629458695812609
1.4999999999999984 0.9642752557270763
1.5249999999999984 0.9655346605219085
1.5499999999999983 0.966728910110038
1.5749999999999982 0.967862377051205
1.599999999999998 0.9689391226244968
1.624999999999998 0.9699628247464925
1.649999999999998 0.9709369632172088
1.6749999999999978 0.9718645932289032
1.6999999999999977 0.9727487266792129
1.7249999999999976 0.9735919478945299
1.7499999999999976 0.9743967330750284
1.7749999999999975 0.9751654120284975
1.7999999999999974 0.9759001249468737
1.8249999999999973 0.976602830250231
1.8499999999999972 0.9772752686534578
1.8749999999999971 0.9779192621453445
1.899999999999997 0.9785363508931855
1.924999999999997 0.9791279748729378
1.9499999999999968 0.9796955533723083
1.9749999999999968 0.9802403552172614
1.9999999999999967 0.9807635608055755
2.024999999999997 0.981266337423851
2.0499999999999967 0.9817496819439808
2.0749999999999966 0.9822146223456062
2.0999999999999965 0.9826620435048902
2.1249999999999964 0.9830928627755228
2.1499999999999964 0.9835078360596298
2.1749999999999963 0.9839077514441233
2.199999999999996 0.9842933352220772
2.224999999999996 0.9846652302050558
2.249999999999996 0.9850241330808145
2.274999999999996 0.9853706042893808
2.299999999999996 0.985705196764817
2.3249999999999957 0.9860284735378197
2.3499999999999956 0.9863409136658885
2.3749999999999956 0.9866430274903925
2.3999999999999955 0.9869352608506061
2.4249999999999954 0.9872179667866133
2.4499999999999953 0.9874916852566826
2.474999999999995 0.9877566799202759
2.499999999999995 0.9880133502715822
2.524999999999995 0.9882620829867015
2.549999999999995 0.9885031148495834
2.574999999999995 0.9887368270359026
2.5999999999999948 0.9889635143476387
2.6249999999999947 0.9891834325643964
2.6499999999999946 0.989396847156228
2.6749999999999945 0.9896040358472105
2.6999999999999944 0.9898052161246353
2.7249999999999943 0.9900005613308858
2.7499999999999942 0.9901904173080393
2.774999999999994 0.9903749226929348
2.799999999999994 0.9905542627551346
2.824999999999994 0.9907286123951082
2.849999999999994 0.9908982366709322
2.874999999999994 0.9910632678692839
2.8999999999999937 0.9912238299294778
2.9249999999999936 0.9913800490363072
2.9499999999999935 0.9915322123980151
2.9749999999999934 0.9916803998725724
2.9999999999999933 0.9918247207232185