0 0.00025828933587090854
0.025 0.015953959005993716
0.05 0.03218139293636954
0.07500000000000001 0.04872380450401929
0.1 0.0655366089995793
0.125 0.08250729451814655
0.15 0.09960433074091468
0.175 0.11685516042122533
0.19999999999999998 0.13430090949187895
0.22499999999999998 0.15198632775037613
0.24999999999999997 0.16996220559582706
0.27499999999999997 0.18828827243908206
0.3 0.2070360928987133
0.325 0.22629598367607584
0.35000000000000003 0.2461848324724175
0.37500000000000006 0.26686084946120486
0.4000000000000001 0.288551760025223
0.4250000000000001 0.311610638486286
0.4500000000000001 0.33665870261564007
0.47500000000000014 0.3650820076235717
0.5000000000000001 0.42484701737567976
0.5250000000000001 0.5821637012582496
0.5500000000000002 0.6514123174228885
0.5750000000000002 0.6944634573187362
0.6000000000000002 0.7296093952649261
0.6250000000000002 0.7568947660171536
0.6500000000000002 0.7773884336224712
0.6750000000000003 0.7949243112296902
0.7000000000000003 0.8116875914437846
0.7250000000000003 0.8274427675868138
0.7500000000000003 0.8403969450795497
0.7750000000000004 0.8521014357003381
0.8000000000000004 0.8619326694844601
0.8250000000000004 0.869976613783019
0.8500000000000004 0.8771126838388373
0.8750000000000004 0.8838028863203305
0.9000000000000005 0.890179356330002
0.9250000000000005 0.8961760539876829
0.9500000000000005 0.9019694588388649
0.9750000000000005 0.9074695305833637
1.0000000000000004 0.9125133933222486
1.0250000000000004 0.9171974868329218
1.0500000000000003 0.9215275463008202
1.0750000000000002 0.925500623708796
1.1 0.9292039167751796
1.125 0.9326205170871608
1.15 0.9358073754122538
1.1749999999999998 0.9388008304762948
1.1999999999999997 0.9415712629995503
1.2249999999999996 0.9441590810623858
1.2499999999999996 0.9465834986675746
1.2749999999999995 0.9488577765525374
1.2999999999999994 0.9509936197044592
1.3249999999999993 0.9530013819914089
1.3499999999999992 0.95489060816869
1.3749999999999991 0.956669996245697
1.399999999999999 0.9583475608806085
1.424999999999999 0.9599305813357056
1.4499999999999988 0.961425892479923
1.4749999999999988 0.9628396252538228
1.4999999999999987 0.9641774369225041
1.5249999999999986 0.9654446085390888
1.5499999999999985 0.9666459881314662
1.5749999999999984 0.9677859651014507
1.5999999999999983 0.9688686243138975
1.6249999999999982 0.969897702019344
1.6499999999999981 0.9708767187659569
1.674999999999998 0.9718087810169151
1.699999999999998 0.9726969357316175
1.7249999999999979 0.9735438153387661
1.7499999999999978 0.9743519411870964
1.7749999999999977 0.9751236588348279
1.7999999999999976 0.9758611425414495
1.8249999999999975 0.9765663881639678
1.8499999999999974 0.9772411553497081
1.8749999999999973 0.9778872876343163
1.8999999999999972 0.9785063454879138
1.9249999999999972 0.979099781057173
1.949999999999997 0.9796690297292148
1.974999999999997 0.980215382012708
1.999999999999997 0.9807400165649218
2.024999999999997 0.9812441154106303
2.0499999999999967 0.9817286977756791
2.0749999999999966 0.9821947845749377
2.0999999999999965 0.9826432730055499
2.1249999999999964 0.9830750781051828
2.1499999999999964 0.9834909764468186
2.1749999999999963 0.9838917638836708
2.199999999999996 0.9842781540993037
2.224999999999996 0.9846508103415509
2.249999999999996 0.9850104176434105
2.274999999999996 0.9853575553602831
2.299999999999996 0.9856927795771843
2.3249999999999957 0.9860166432918205
2.3499999999999956 0.9863296314076684
2.3749999999999956 0.9866322637086443
2.3999999999999955 0.9869249884843805
2.4249999999999954 0.9872081540994279
2.4499999999999953 0.9874823066894476
2.474999999999995 0.987747715359684
2.499999999999995 0.9880047761169053
2.524999999999995 0.988253876147075
2.549999999999995 0.9884952589448645
2.574999999999995 0.9887293003757547
2.5999999999999948 0.988956295012744
2.6249999999999947 0.989176504766763
2.6499999999999946 0.9893901999336089
2.6749999999999945 0.989597663392184
2.6999999999999944 0.9897990908591439
2.7249999999999943 0.9899946773917044
2.7499999999999942 0.9901847668135693
2.774999999999994 0.9903694886929084
2.799999999999994 0.9905490330999328
2.824999999999994 0.9907235784191134
2.849999999999994 0.9908933967249339
2.874999999999994 0.9910586044895222
2.8999999999999937 0.9912193338429724
2.9249999999999936 0.991375714611658
2.9499999999999935 0.991528033490638
2.9749999999999934 0.9916763705283846
2.9999999999999933 0.9918208347036176
2.9749999999999934 0.9916887890569713
2.9499999999999935 0.9915426812704468
2.9249999999999936 0.9913914337725465
2.8999999999999937 0.9912356207242997
2.874999999999994 0.9910754257846643
2.849999999999994 0.9909108002259095
2.824999999999994 0.9907415919131329
2.799999999999994 0.9905675775625596
2.774999999999994 0.9903885674069621
2.7499999999999942 0.990204451370382
2.7249999999999943 0.9900150428246253
2.6999999999999944 0.9898200481252662
2.6749999999999945 0.9896192801320892
2.6499999999999946 0.9894125762290844
2.6249999999999947 0.9891996686659622
2.5999999999999948 0.9889801938836915
2.574999999999995 0.9887540388896399
2.549999999999995 0.9885208431109859
2.524999999999995 0.9882802987369708
2.499999999999995 0.988032165531702
2.474999999999995 0.9877761111329463
2.4499999999999953 0.9875117102001987
2.4249999999999954 0.9872387127776427
2.3999999999999955 0.986956622002547
2.3749999999999956 0.9866651352321512
2.3499999999999956 0.9863638176836981
2.3249999999999957 0.9860521283264131
2.299999999999996 0.9857296907132258
2.274999999999996 0.9853959584042444
2.249999999999996 0.9850504420465582
2.224999999999996 0.984692520167691
2.199999999999996 0.9843216666890257
2.1749999999999963 0.9839371304299854
2.1499999999999964 0.9835383863013805
2.1249999999999964 0.9831245882339337
2.0999999999999965 0.9826950856576347
2.0749999999999966 0.9822490261663788
2.0499999999999967 0.9817855200836964
2.024999999999997 0.9813036801114816
1.999999999999997 0.9808025444038915
1.974999999999997 0.9802810556869694
1.949999999999997 0.979738100240266
1.9249999999999972 0.9791724861088006
1.8999999999999972 0.9785829273287185
1.8749999999999973 0.9779680715840966
1.8499999999999974 0.9773264922839214
1.8249999999999975 0.9766565521134906
1.7999999999999976 0.9759566183239732
1.7749999999999977 0.9752248595687295
1.7499999999999978 0.9744593343470912
1.7249999999999979 0.9736579116762174
1.699999999999998 0.9728183546298598
1.674999999999998 0.9719382223631647
1.6499999999999981 0.9710148450077226
1.6249999999999982 0.9700453638702963
1.5999999999999983 0.9690266708102675
1.5749999999999984 0.9679554086055042
1.5499999999999985 0.9668278942171085
1.5249999999999986 0.9656401521826801
1.4999999999999987 0.9643878298526318
1.4749999999999988 0.9630661755215034
1.4499999999999988 0.9616700313164745
1.424999999999999 0.9601936609115612
1.399999999999999 0.9586308338208676
1.3749999999999991 0.9569747646635256
1.3499999999999992 0.9552178450761547
1.3249999999999993 0.953351725048781
1.2999999999999994 0.9513671715714341
1.2749999999999995 0.9492541027797421
1.2499999999999996 0.9470010504098573
1.2249999999999996 0.9445954424415056
1.1999999999999997 0.9420232144959351
1.1749999999999998 0.9392687059266396
1.15 0.9363143972946556
1.125 0.9331406844613358
1.1 0.9297257050627497
1.0750000000000002 0.9260450330315414
1.0500000000000003 0.9220713231369089
1.0250000000000004 0.9177738610860764
1.0000000000000004 0.9131220013153034
0.9750000000000004 0.908118016618285
0.9500000000000004 0.9027836777402309
0.9250000000000004 0.897167075584644
0.9000000000000004 0.891273021992986
0.8750000000000003 0.8851101738990224
0.8500000000000003 0.8786845698076876
0.8250000000000003 0.8720011327680276
0.8000000000000003 0.8650632716250017
0.7750000000000002 0.8578739157549248
0.7500000000000002 0.8504354606633968
0.7250000000000002 0.8427501033014114
0.7000000000000002 0.8348194336971773
0.6750000000000002 0.8266448105474856
0.6500000000000001 0.818226787146852
0.6250000000000001 0.8095649994595493
0.6000000000000001 0.8006578919336775
0.5750000000000001 0.7915030866082362
0.55 0.7820978054014434
0.525 0.7724394765915116
0.5 0.7625261296705541
0.475 0.752354723269549
0.44999999999999996 0.7419198273422173
0.42499999999999993 0.7312119155073505
0.3999999999999999 0.720219823390543
0.3749999999999999 0.7089373273674268
0.34999999999999987 0.6973663233100068
0.32499999999999984 0.6855133145615889
0.2999999999999998 0.673379939931565
0.2749999999999998 0.6609606731272052
0.2499999999999998 0.6482455815395268
0.2249999999999998 0.6352234311428896
0.19999999999999982 0.6218820121595448
0.17499999999999982 0.6082089541749935
0.14999999999999983 0.5941916824281267
0.12499999999999983 0.5798165534010239
0.09999999999999984 0.5650693391809569
0.07499999999999984 0.5499342030131826
0.04999999999999984 0.5343940353206312
0.024999999999999842 0.5184299860916999
-1.5959455978986625e-16 0.5020209640575998
-0.02500000000000016 0.48514395413284817
-0.05000000000000016 0.4677727237660684
-0.07500000000000016 0.4498761257641411
-0.10000000000000017 0.43142166772787843
-0.12500000000000017 0.41237071801408137
-0.15000000000000016 0.39267806384857024
-0.17500000000000016 0.37229262651781225
-0.20000000000000015 0.35115336443316564
-0.22500000000000014 0.3291877752521685
-0.25000000000000017 0.3063088857182823
-0.2750000000000002 0.2824096890377671
-0.3000000000000002 0.2573570695778705
-0.32500000000000023 0.23098002165557008
-0.35000000000000026 0.20305351845098157
-0.3750000000000003 0.1732687353998308
-0.4000000000000003 0.1411786347154082
-0.4250000000000003 0.10608513830299675
-0.45000000000000034 0.06675767375574437
-0.47500000000000037 0.020452487297940428
-0.5000000000000003 -0.08751358822566373
-0.5250000000000004 -0.39682420036289034
-0.5500000000000004 -0.5251532280888191
-0.5750000000000004 -0.6053166904621423
-0.6000000000000004 -0.6629871838239166
-0.6250000000000004 -0.7063048744972095
-0.6500000000000005 -0.7402922234759507
-0.6750000000000005 -0.7700886246292606
-0.7000000000000005 -0.7969026605051267
-0.7250000000000005 -0.8194457672878525
-0.7500000000000006 -0.8363227558157933
-0.7750000000000006 -0.8500475390126175
-0.8000000000000006 -0.860642203961886
-0.8250000000000006 -0.8694127457116384
-0.8500000000000006 -0.8769376771946213
-0.8750000000000007 -0.8841564203344547
-0.9000000000000007 -0.8906609310833368
-0.9250000000000007 -0.8967621757644082
-0.9500000000000007 -0.9024945961076051
-0.9750000000000008 -0.9079184059738487
-1.0000000000000007 -0.9130153932043666
-1.0250000000000006 -0.9177770674140334
-1.0500000000000005 -0.9220329525461107
-1.0750000000000004 -0.9259608796330578
-1.1000000000000003 -0.9295534001227564
-1.1250000000000002 -0.9329465484789126
-1.1500000000000001 -0.9360848874106164
-1.175 -0.9390037256448558
-1.2 -0.9417181353216861
-1.2249999999999999 -0.9442729797611265
-1.2499999999999998 -0.9466693499920615
-1.2749999999999997 -0.9489196428022875
-1.2999999999999996 -0.9510378685685987
-1.3249999999999995 -0.9530400623498688
-1.3499999999999994 -0.9549178323869643
-1.3749999999999993 -0.956689712947844
-1.3999999999999992 -0.9583611283147925
-1.4249999999999992 -0.9599397602387315
-1.449999999999999 -0.9614320224861048
-1.474999999999999 -0.9628436773658656
-1.499999999999999 -0.9641800902137676
-1.5249999999999988 -0.9654463317985561
-1.5499999999999987 -0.966647097572467
-1.5749999999999986 -0.9677866666953574
-1.5999999999999985 -0.9688690631649823
-1.6249999999999984 -0.9698979703220634
-1.6499999999999984 -0.97087688087761
-1.6749999999999983 -0.9718088780630277
-1.6999999999999982 -0.9726969921896023
-1.724999999999998 -0.9735438472205835
-1.749999999999998 -0.9743519588915859
-1.774999999999998 -0.9751236680546662
-1.7999999999999978 -0.9758611475164665
-1.8249999999999977 -0.9765663900040478
-1.8499999999999976 -0.977241155664648
-1.8749999999999976 -0.9778872891828955
-1.8999999999999975 -0.9785063468010741
-1.9249999999999974 -0.9790997823888185
-1.9499999999999973 -0.9796690321867966
-1.9749999999999972 -0.9802153842331796
-1.9999999999999971 -0.9807400199477232
-2.0249999999999972 -0.9812441181507412
-2.049999999999997 -0.981728701873085
-2.074999999999997 -0.9821947884900809
-2.099999999999997 -0.9826432773253626
-2.124999999999997 -0.9830750827656037
-2.149999999999997 -0.9834909814556665
-2.1749999999999967 -0.9838917688605257
-2.1999999999999966 -0.984278158942575
-2.2249999999999965 -0.9846508158784323
-2.2499999999999964 -0.9850104228418217
-2.2749999999999964 -0.9853575608155375
-2.2999999999999963 -0.9856927850274566
-2.324999999999996 -0.9860166483718108
-2.349999999999996 -0.9863296364985799
-2.374999999999996 -0.9866322688284549
-2.399999999999996 -0.9869249935107557
-2.424999999999996 -0.9872081591204407
-2.4499999999999957 -0.9874823115526651
-2.4749999999999956 -0.9877477199655524
-2.4999999999999956 -0.9880047811098952
-2.5249999999999955 -0.9882538811883121
-2.5499999999999954 -0.988495263636416
-2.5749999999999953 -0.9887293050022208
-2.599999999999995 -0.988956299523264
-2.624999999999995 -0.9891765094507523
-2.649999999999995 -0.9893902043881352
-2.674999999999995 -0.9895976676407704
-2.699999999999995 -0.989799095075033
-2.7249999999999948 -0.9899946818013483
-2.7499999999999947 -0.9901847709852696
-2.7749999999999946 -0.9903694929754668
-2.7999999999999945 -0.9905490374869006
-2.8249999999999944 -0.990723582626122
-2.8499999999999943 -0.9908934006691503
-2.8749999999999942 -0.9910586086433062
-2.899999999999994 -0.9912193378688784
-2.924999999999994 -0.9913757179560885
-2.949999999999994 -0.9915280375445751
-2.974999999999994 -0.9916763743974387
-2.999999999999994 -0.991820838486708
-2.974999999999994 -0.9916887927548893
-2.949999999999994 -0.9915426847933749
-2.924999999999994 -0.9913914374812826
-2.899999999999994 -0.9912356246142321
-2.8749999999999942 -0.9910754298857339
-2.8499999999999943 -0.9909108039778153
-2.8249999999999944 -0.9907415961844616
-2.7999999999999945 -0.9905675815886964
-2.7749999999999946 -0.9903885712991624
-2.7499999999999947 -0.9902044557240152
-2.7249999999999948 -0.9900150470947181
-2.699999999999995 -0.9898200526639465
-2.674999999999995 -0.989619284568024
-2.649999999999995 -0.9894125806810672
-2.624999999999995 -0.9891996730561786
-2.599999999999995 -0.9889801985111699
-2.5749999999999953 -0.9887540434348112
-2.5499999999999954 -0.9885208478760503
-2.5249999999999955 -0.9882803034354098
-2.4999999999999956 -0.9880321703159809
-2.4749999999999956 -0.9877761159550302
-2.4499999999999957 -0.9875117149684247
-2.424999999999996 -0.987238717676996
-2.399999999999996 -0.986956626756382
-2.374999999999996 -0.9866651400636648
-2.349999999999996 -0.9863638230209061
-2.324999999999996 -0.9860521337044845
-2.2999999999999963 -0.9857296959388221
-2.2749999999999964 -0.9853959637880599
-2.2499999999999964 -0.9850504475122129
-2.2249999999999965 -0.9846925255751012
-2.1999999999999966 -0.9843216722086411
-2.1749999999999967 -0.9839371356512328
-2.149999999999997 -0.9835383920820555
-2.124999999999997 -0.9831245939609972
-2.099999999999997 -0.982695091463211
-2.074999999999997 -0.9822490318734911
-2.049999999999997 -0.9817855258152737
-2.0249999999999972 -0.9813036860147424
-1.9999999999999973 -0.9808025503572417
-1.9749999999999974 -0.9802810618274004
-1.9499999999999975 -0.979738106489199
-1.9249999999999976 -0.9791724925278642
-1.8999999999999977 -0.9785829335876663
-1.8749999999999978 -0.977968078129099
-1.8499999999999979 -0.9773264980392634
-1.824999999999998 -0.9766565592155966
-1.799999999999998 -0.9759566250710066
-1.7749999999999981 -0.9752248664499457
-1.7499999999999982 -0.9744593418534298
-1.7249999999999983 -0.9736579190687406
-1.6999999999999984 -0.9728183617860536
-1.6749999999999985 -0.971938229445564
-1.6499999999999986 -0.9710148520297758
-1.6249999999999987 -0.9700453716356816
-1.5999999999999988 -0.969026678617344
-1.5749999999999988 -0.9679554160182805
-1.549999999999999 -0.9668279021705325
-1.524999999999999 -0.9656401602730216
-1.4999999999999991 -0.9643878373099188
-1.4749999999999992 -0.9630661823103539
-1.4499999999999993 -0.9616700373257696
-1.4249999999999994 -0.9601936657997514
-1.3999999999999995 -0.9586308358141619
-1.3749999999999996 -0.9569747662387235
-1.3499999999999996 -0.9552178457876489
-1.3249999999999997 -0.9533517228476508
-1.2999999999999998 -0.9513671667345944
-1.275 -0.9492540924693985
-1.25 -0.9470010345048292
-1.225 -0.9445954184619199
-1.2000000000000002 -0.9420231831156343
-1.1750000000000003 -0.9392686662843852
-1.1500000000000004 -0.9363143468554984
-1.1250000000000004 -0.9331406228786949
-1.1000000000000005 -0.9297256255228508
-1.0750000000000006 -0.9260449312554221
-1.0500000000000007 -0.922071189752922
-1.0250000000000008 -0.9177736833877551
-1.0000000000000009 -0.9131217485813796
-0.9750000000000009 -0.9081083059307768
-0.9500000000000008 -0.9027825485032643
-0.9250000000000008 -0.897166181050871
-0.9000000000000008 -0.8912722584138854
-0.8750000000000008 -0.8851094756136463
-0.8500000000000008 -0.8786838793457765
-0.8250000000000007 -0.8720003878457094
-0.8000000000000007 -0.8650623684919616
-0.7750000000000007 -0.8578726974448606
-0.7500000000000007 -0.8504336655440027
-0.7250000000000006 -0.8427472903556785
-0.7000000000000006 -0.8348148636032674
-0.6750000000000006 -0.8266371766641599
-0.6500000000000006 -0.8182138027697786
-0.6250000000000006 -0.809542687970561
-0.6000000000000005 -0.8006197514109531
-0.5750000000000005 -0.7914398150189459
-0.5500000000000005 -0.7819986572631556
-0.5250000000000005 -0.7722955365324775
-0.5000000000000004 -0.7623336500240275
-0.4750000000000004 -0.752116753705912
-0.4500000000000004 -0.7416466169475394
-0.4250000000000004 -0.7309214355228455
-0.40000000000000036 -0.7199364829134584
-0.37500000000000033 -0.7086857519591738
-0.3500000000000003 -0.6971618608064332
-0.3250000000000003 -0.6853575421076743
-0.30000000000000027 -0.6732650080216874
-0.27500000000000024 -0.6608760115398793
-0.2500000000000002 -0.6481818508368516
-0.22500000000000023 -0.6351736423450908
-0.20000000000000023 -0.6218413589071031
-0.17500000000000024 -0.6081743057920106
-0.15000000000000024 -0.5941610568531923
-0.12500000000000025 -0.5797887205928132
-0.10000000000000026 -0.5650435587294308
-0.07500000000000026 -0.5499100380270681
-0.05000000000000026 -0.5343712393150635
-0.025000000000000258 -0.5184084417646512
-2.5673907444456745e-16 -0.502000602990381
0.024999999999999745 -0.485124750926373
0.049999999999999746 -0.46775469588449825
0.07499999999999975 -0.4498592897988956
0.09999999999999976 -0.43140604455418297
0.12499999999999975 -0.41235633436816815
0.14999999999999974 -0.3926649467877656
0.17499999999999974 -0.3722808341490902
0.19999999999999973 -0.35114293292267545
0.22499999999999973 -0.3291787675194862
0.24999999999999972 -0.30630133715406455
0.27499999999999974 -0.2824036417986693
0.29999999999999977 -0.2573526002094489
0.3249999999999998 -0.23097717103110982
0.3499999999999998 -0.20305236910289445
0.37499999999999983 -0.1732693374908158
0.39999999999999986 -0.14118101885599843
0.4249999999999999 -0.10608934246306903
0.4499999999999999 -0.06676371986038432
0.4749999999999999 -0.020460305878993543
0.49999999999999994 0.0875025746191634
0.5249999999999999 0.3968104080757177
0.5499999999999999 0.5251350100029755
0.575 0.6052929511663335
0.6 0.6629447071347933
0.625 0.706279298410471
0.65 0.7402624140009804
0.675 0.7700565997099516
0.7000000000000001 0.7968710622846179
0.7250000000000001 0.8194120080285695
0.7500000000000001 0.8362878508580799
0.7750000000000001 0.8500099187579907
0.8000000000000002 0.8606044170304945
0.8250000000000002 0.8693745562327017
0.8500000000000002 0.8769054322663666
0.8750000000000002 0.8841334584009471
0.9000000000000002 0.8906515862032902
0.9250000000000003 0.8967662529485716
0.9500000000000003 0.902507979214716
0.9750000000000003 0.9079357647043818
1.0000000000000002 0.9130325556738055
1.0250000000000001 0.9177907854447156
1.05 0.9220441989400743
1.075 0.9259699225943004
1.0999999999999999 0.9295606065784688
1.1249999999999998 0.9329522661301689
1.1499999999999997 0.9360893921948573
1.1749999999999996 0.9390072302437956
1.1999999999999995 0.941720792640506
1.2249999999999994 0.9442748553504222
1.2499999999999993 0.946670814082958
1.2749999999999992 0.9489205305785424
1.2999999999999992 0.9510372195295501
1.324999999999999 0.9530411252396056
1.349999999999999 0.9549183593435021
1.374999999999999 0.9566900657662089
1.3999999999999988 0.9583613808920913
1.4249999999999987 0.9599399454213624
1.4499999999999986 0.9614321572884195
1.4749999999999985 0.9628437773378568
1.4999999999999984 0.9641801652983044
1.5249999999999984 0.965446388848961
1.5499999999999983 0.9666471403424043
1.5749999999999982 0.9677866999583856
1.599999999999998 0.9688690882338238
1.624999999999998 0.9698979907380632
1.649999999999998 0.9708768966725474
1.6749999999999978 0.9718088904519538
1.6999999999999977 0.9726970015971156
1.7249999999999976 0.9735438547474503
1.7499999999999976 0.9743519653275691
1.7749999999999975 0.9751236728377016
1.7999999999999974 0.9758611508789548
1.8249999999999973 0.9765663922990105
1.8499999999999972 0.9772411571843425
1.8749999999999971 0.9778872898997614
1.899999999999997 0.9785063469518503
1.924999999999997 0.9790997821207591
1.9499999999999968 0.9796690314813626
1.9749999999999968 0.980215383124912
1.9999999999999967 0.9807400186461175
2.024999999999997 0.9812441166225737
2.0499999999999967 0.9817287001025927
2.0749999999999966 0.9821947864198475
2.0999999999999965 0.9826432750950261
2.1249999999999964 0.9830750804284916
2.1499999999999964 0.9834909790891085
2.1749999999999963 0.9838917663257299
2.199999999999996 0.9842781564451065
2.224999999999996 0.984650813349411
2.249999999999996 0.985010420351435
2.274999999999996 0.9853575582103724
2.299999999999996 0.985692782441422
2.3249999999999957 0.9860166456685634
2.3499999999999956 0.9863296338997287
2.3749999999999956 0.9866322662047495
2.3999999999999955 0.98692499088289
2.4249999999999954 0.9872081564952105
2.4499999999999953 0.9874823089532911
2.474999999999995 0.9877477173532967
2.499999999999995 0.9880047785314732
2.524999999999995 0.9882538786476976
2.549999999999995 0.9884952611027125
2.574999999999995 0.9887293025220929
2.5999999999999948 0.9889562970627346
2.6249999999999947 0.9891765069413159
2.6499999999999946 0.9893902019847254
2.6749999999999945 0.9895976652707345
2.6999999999999944 0.9897990927467937
2.7249999999999943 0.9899946794940054
2.7499999999999942 0.9901847687245791
2.774999999999994 0.9903694907314491
2.799999999999994 0.9905490353091412
2.824999999999994 0.990723580493294
2.849999999999994 0.9908933986143879
2.874999999999994 0.9910586065662353
2.8999999999999937 0.991219335786995
2.9249999999999936 0.9913757159302745
2.9499999999999935 0.9915280355623703
2.9749999999999934 0.9916763723573434
2.9999999999999933 0.9918208365513171